0.5 0.000 0.000 0.000 1 * 1
1.0 0.000 0.000 0.000 1 * 1
1.5 0.522 0.235 0.046 1 * 3
2.0 0.732 0.327 0.060 1 * 3
2.5 0.619 0.464 0.153 2 * 3 7
3.0 0.825 0.633 0.248 2 * 3 9
3.5 0.599 0.476 0.287 3 * 2 10 12
4.0 0.786 0.814 0.570 5 * 3 9 11 15 19
4.5 0.756 0.826 0.741 6 * 3 7 10 13 15 25
5.0 0.851 0.571 0.842 2 * 10 27
5.5 0.773 0.839 0.870 4 * 3 6 10 27
6.0 0.902 0.902 0.889 3 * 3 10 27
6.5 0.891 0.933 0.902 5 * 3 9 11 13 27
7.0 0.868 0.921 0.909 4 * 3 7 10 27
7.5 0.875 0.929 0.916 4 * 3 7 10 27
8.0 0.881 0.934 0.922 4 * 3 7 10 27
8.5 0.906 0.954 0.925 4 * 3 9 14 27
9.0 0.999 0.999 0.998 3 * 3 9 27
9.5 0.999 0.999 0.999 3 * 3 9 27
10.0 0.908 0.986 1.000 5 * 3 7 10 13 27
0.5 0.000 0.000 0.000 1 * 1
1.0 0.000 0.000 0.000 1 * 1
1.5 0.515 0.233 0.046 1 * 3
2.0 0.725 0.323 0.060 1 * 3
2.5 0.575 0.426 0.128 2 * 3 6
3.0 0.818 0.627 0.245 2 * 3 9
3.5 0.642 0.564 0.286 3 * 3 5 12
4.0 0.638 0.661 0.469 4 * 3 6 10 18
4.5 0.806 0.540 0.774 2 * 10 26
5.0 0.876 0.876 0.848 3 * 3 10 27
5.5 0.758 0.856 0.876 4 * 3 5 9 27
6.0 0.853 0.904 0.890 4 * 3 7 10 27
6.5 0.838 0.901 0.902 5 * 3 7 11 13 27
7.0 0.719 0.724 0.906 4 * 2 7 12 27
7.5 0.694 0.542 0.917 2 * 2 27
8.0 0.926 0.953 0.923 4 * 3 9 12 27
8.5 0.998 0.998 0.997 3 * 3 9 27
9.0 0.999 0.999 0.998 3 * 3 9 27
9.5 0.999 0.999 0.999 3 * 3 9 27
10.0 1.000 1.000 1.000 3 * 3 9 27
0.5 0.000 0.000 0.000 1 * 1
1.0 0.000 0.000 0.000 1 * 1
1.5 0.563 0.253 0.048 1 * 3
2.0 0.714 0.320 0.059 1 * 3
2.5 0.550 0.472 0.157 3 * 3 5 7
3.0 0.819 0.628 0.246 2 * 3 9
3.5 0.530 0.444 0.271 2 * 2 12
4.0 0.737 0.732 0.502 4 * 3 9 11 19
4.5 0.712 0.704 0.777 4 * 2 9 13 26
5.0 0.885 0.885 0.843 3 * 3 9 27
5.5 0.896 0.896 0.868 3 * 3 9 27
6.0 0.749 0.749 0.887 3 * 5 10 27
6.5 0.752 0.808 0.898 4 * 4 6 10 27
7.0 0.804 0.873 0.909 4 * 4 6 10 27
7.5 0.807 0.877 0.917 4 * 3 6 10 27
8.0 0.998 0.998 0.997 3 * 3 9 27
8.5 0.999 0.999 0.998 3 * 3 9 27
9.0 0.999 0.999 0.999 3 * 3 9 27
9.5 0.916 1.000 0.999 4 * 3 5 9 27
10.0 1.000 1.000 0.999 3 * 3 9 27
0.5 0.000 0.000 0.000 1 * 1
1.0 0.000 0.000 0.000 1 * 1
1.5 0.560 0.251 0.048 1 * 3
2.0 0.729 0.325 0.059 1 * 3
2.5 0.650 0.492 0.174 2 * 3 8
3.0 0.827 0.633 0.247 2 * 3 9
3.5 0.701 0.606 0.301 3 * 3 10 13
4.0 0.656 0.641 0.516 6 * 4 9 11 13 16 19
4.5 0.652 0.692 0.774 5 * 4 6 12 14 26
5.0 0.857 0.881 0.844 4 * 3 9 12 27
5.5 0.870 0.870 0.876 3 * 3 8 27
6.0 0.838 0.897 0.884 5 * 3 7 10 12 27
6.5 0.901 0.926 0.899 4 * 3 9 12 27
7.0 0.810 0.909 0.913 6 * 3 5 7 11 13 27
7.5 0.919 0.946 0.916 4 * 3 9 12 27
8.0 0.784 0.777 0.924 4 * 2 9 12 27
8.5 0.999 0.999 0.998 3 * 3 9 27
9.0 0.900 0.960 0.931 5 * 3 9 11 15 27
9.5 0.999 0.999 0.999 3 * 3 9 27
10.0 1.000 1.000 0.999 3 * 3 9 27
0.5 0.000 0.000 0.000 1 * 1
1.0 0.000 0.000 0.000 1 * 1
1.5 0.543 0.246 0.048 1 * 3
2.0 0.382 0.238 0.066 2 * 2 4
2.5 0.654 0.495 0.177 2 * 3 8
3.0 0.821 0.630 0.247 2 * 3 9
3.5 0.680 0.580 0.267 3 * 3 7 12
4.0 0.591 0.624 0.501 5 * 3 6 14 16 19
4.5 0.674 0.655 0.741 4 * 2 8 13 25
5.0 0.838 0.882 0.840 4 * 3 9 14 27
5.5 0.888 0.888 0.863 3 * 3 10 27
6.0 0.880 0.921 0.891 5 * 3 9 11 13 27
6.5 0.823 0.837 0.896 4 * 4 8 12 27
7.0 0.768 0.768 0.912 3 * 2 10 27
7.5 0.930 0.930 0.918 3 * 3 10 27
8.0 0.903 0.950 0.924 4 * 3 9 14 27
8.5 0.999 0.999 0.998 3 * 3 9 27
9.0 0.865 0.962 0.932 6 * 3 9 11 14 18 27
9.5 0.999 0.999 0.999 3 * 3 9 27
10.0 0.979 1.000 0.999 4 * 3 9 11 27
0.5 0.000 0.000 0.000 1 * 1
1.0 0.000 0.000 0.000 1 * 1
1.5 0.523 0.234 0.045 1 * 3
2.0 0.460 0.231 0.058 1 * 4
2.5 0.579 0.429 0.128 2 * 3 6
3.0 0.823 0.631 0.249 2 * 3 9
3.5 0.528 0.438 0.269 3 * 2 7 12
4.0 0.720 0.731 0.509 5 * 3 9 11 14 19
4.5 0.839 0.859 0.785 4 * 3 9 12 26
5.0 0.719 0.772 0.848 4 * 4 6 10 27
5.5 0.712 0.712 0.872 3 * 2 8 27
6.0 0.920 0.920 0.888 3 * 3 9 27
6.5 0.792 0.861 0.901 4 * 3 6 10 27
7.0 0.863 0.916 0.905 4 * 3 7 10 27
7.5 0.906 0.941 0.917 4 * 3 9 13 27
8.0 0.937 0.937 0.926 3 * 3 10 27
8.5 0.847 0.888 0.928 4 * 3 7 13 27
9.0 0.901 0.945 0.930 4 * 3 10 14 27
9.5 1.000 1.000 0.999 3 * 3 9 27
10.0 1.000 1.000 0.999 3 * 3 9 27
0.5 0.000 0.000 0.000 1 * 1
1.0 0.096 0.044 0.010 1 * 2
1.5 0.534 0.240 0.047 1 * 3
2.0 0.464 0.244 0.067 1 * 4
2.5 0.456 0.360 0.169 2 * 2 8
3.0 0.820 0.629 0.249 2 * 3 9
3.5 0.620 0.554 0.299 3 * 3 5 13
4.0 0.666 0.666 0.502 3 * 3 7 19
4.5 0.724 0.694 0.730 4 * 2 9 11 25
5.0 0.787 0.787 0.850 3 * 4 9 27
5.5 0.772 0.753 0.874 5 * 2 9 11 13 27
6.0 0.890 0.593 0.888 2 * 10 27
6.5 0.911 0.911 0.898 3 * 3 10 27
7.0 0.866 0.919 0.909 4 * 3 7 10 27
7.5 0.809 0.878 0.916 4 * 3 6 10 27
8.0 0.998 0.998 0.996 3 * 3 9 27
8.5 0.999 0.999 0.998 3 * 3 9 27
9.0 0.999 0.999 0.998 3 * 3 9 27
9.5 0.999 0.999 0.998 3 * 3 9 27
10.0 0.999 0.999 0.999 3 * 3 9 27
0.5 0.000 0.000 0.000 1 * 1
1.0 0.000 0.000 0.000 1 * 1
1.5 0.546 0.245 0.046 1 * 3
2.0 0.711 0.318 0.059 1 * 3
2.5 0.469 0.386 0.143 3 * 2 4 7
3.0 0.828 0.635 0.250 2 * 3 9
3.5 0.666 0.584 0.314 3 * 3 5 13
4.0 0.755 0.755 0.538 3 * 3 9 20
4.5 0.847 0.847 0.777 3 * 3 9 26
5.0 0.878 0.878 0.844 3 * 3 9 27
5.5 0.768 0.834 0.867 4 * 3 6 10 27
6.0 0.786 0.853 0.885 4 * 3 6 10 27
6.5 0.901 0.927 0.902 4 * 3 9 12 27
7.0 0.920 0.920 0.907 3 * 3 10 27
7.5 0.878 0.932 0.915 4 * 3 10 15 27
8.0 0.830 0.853 0.922 4 * 4 8 13 27
8.5 0.848 0.862 0.927 4 * 4 8 12 27
9.0 0.999 0.999 0.998 3 * 3 9 27
9.5 0.999 0.999 0.999 3 * 3 9 27
10.0 1.000 1.000 0.999 3 * 3 9 27
0.5 0.000 0.000 0.000 1 * 1
1.0 0.060 0.029 0.008 1 * 2
1.5 0.559 0.254 0.050 1 * 3
2.0 0.711 0.318 0.059 1 * 3
2.5 0.597 0.447 0.148 2 * 3 7
3.0 0.815 0.623 0.240 2 * 3 9
3.5 0.627 0.524 0.299 3 * 4 9 13
4.0 0.604 0.554 0.522 5 * 2 8 12 14 20
4.5 0.717 0.776 0.769 4 * 3 6 10 26
5.0 0.876 0.876 0.842 3 * 3 9 27
5.5 0.884 0.910 0.876 4 * 3 9 12 27
6.0 0.904 0.904 0.888 3 * 3 10 27
6.5 0.896 0.922 0.896 4 * 3 9 12 27
7.0 0.906 0.932 0.905 4 * 3 9 12 27
7.5 0.787 0.874 0.915 5 * 3 6 10 15 27
8.0 0.998 0.998 0.996 3 * 3 9 27
8.5 0.999 0.999 0.998 3 * 3 9 27
9.0 0.999 0.999 0.998 3 * 3 9 27
9.5 0.782 0.759 0.936 4 * 2 8 11 27
10.0 1.000 1.000 1.000 3 * 3 9 27
0.5 0.000 0.000 0.000 1 * 1
1.0 0.000 0.000 0.000 1 * 1
1.5 0.554 0.248 0.046 1 * 3
2.0 0.713 0.318 0.059 1 * 3
2.5 0.629 0.474 0.164 2 * 3 8
3.0 0.825 0.633 0.249 2 * 3 9
3.5 0.530 0.436 0.262 3 * 2 7 11
4.0 0.827 0.827 0.605 3 * 3 9 20
4.5 0.761 0.748 0.771 4 * 4 9 11 26
5.0 0.889 0.889 0.851 3 * 3 9 27
5.5 0.802 0.750 0.866 3 * 3 5 27
6.0 0.847 0.899 0.885 4 * 3 7 10 27
6.5 0.913 0.913 0.900 3 * 3 10 27
7.0 0.825 0.925 0.911 5 * 3 5 7 10 27
7.5 0.882 0.941 0.913 5 * 3 9 12 14 27
8.0 0.843 0.883 0.924 4 * 3 7 13 27
8.5 0.999 0.999 0.998 3 * 3 9 27
9.0 0.788 0.781 0.933 4 * 2 9 12 27
9.5 1.000 1.000 1.000 3 * 3 9 27
10.0 1.000 1.000 0.999 3 * 3 9 27
0.5 0.000 0.000 0.000 1 * 1
1.0 0.141 0.065 0.015 1 * 2
1.5 0.538 0.243 0.048 1 * 3
2.0 0.709 0.316 0.058 1 * 3
2.5 0.671 0.510 0.188 2 * 3 9
3.0 0.823 0.631 0.247 2 * 3 9
3.5 0.669 0.583 0.290 3 * 3 5 12
4.0 0.667 0.620 0.469 4 * 4 9 11 18
4.5 0.730 0.793 0.811 4 * 3 6 10 27
5.0 0.723 0.775 0.853 4 * 4 6 10 27
5.5 0.878 0.585 0.875 2 * 10 27
6.0 0.908 0.908 0.890 3 * 3 10 27
6.5 0.793 0.864 0.902 5 * 3 6 10 13 27
7.0 0.940 0.940 0.910 3 * 3 9 27
7.5 0.948 0.948 0.921 3 * 3 9 27
8.0 0.936 0.936 0.922 3 * 3 10 27
8.5 0.999 0.999 0.998 3 * 3 9 27
9.0 0.916 0.999 0.999 4 * 3 5 9 27
9.5 0.999 0.999 0.999 3 * 3 9 27
10.0 1.000 1.000 0.999 3 * 3 9 27
0.5 0.000 0.000 0.000 1 * 1
1.0 0.000 0.000 0.000 1 * 1
1.5 0.532 0.239 0.046 1 * 3
2.0 0.697 0.312 0.058 1 * 3
2.5 0.643 0.486 0.171 2 * 3 8
3.0 0.819 0.627 0.242 2 * 3 9
3.5 0.670 0.570 0.259 3 * 3 7 11
4.0 0.618 0.581 0.527 4 * 2 8 11 20
4.5 0.734 0.795 0.810 4 * 3 6 10 27
5.0 0.751 0.816 0.846 4 * 3 6 10 27
5.5 0.901 0.901 0.868 3 * 3 9 27
6.0 0.913 0.913 0.884 3 * 3 9 27
6.5 0.932 0.932 0.904 3 * 3 9 27
7.0 0.925 0.925 0.908 3 * 3 10 27
7.5 0.945 0.945 0.915 3 * 3 9 27
8.0 0.938 0.938 0.922 3 * 3 10 27
8.5 0.978 0.999 0.998 4 * 3 9 11 27
9.0 0.906 0.999 0.999 4 * 3 6 9 27
9.5 0.999 0.999 0.999 3 * 3 9 27
10.0 1.000 1.000 0.999 3 * 3 9 27
0.5 0.000 0.000 0.000 1 * 1
1.0 0.000 0.000 0.000 1 * 1
1.5 0.552 0.247 0.046 1 * 3
2.0 0.438 0.230 0.062 1 * 4
2.5 0.606 0.455 0.154 2 * 3 7
3.0 0.826 0.632 0.245 2 * 3 9
3.5 0.675 0.604 0.302 4 * 3 7 11 13
4.0 0.654 0.627 0.478 4 * 4 9 12 18
4.5 0.772 0.772 0.773 3 * 3 7 26
5.0 0.799 0.871 0.846 6 * 3 7 10 12 14 27
5.5 0.923 0.923 0.908 3 * 3 9 28
6.0 0.919 0.919 0.888 3 * 3 9 27
6.5 0.916 0.916 0.900 3 * 3 10 27
7.0 0.889 0.936 0.911 4 * 3 9 14 27
7.5 0.805 0.875 0.916 4 * 3 6 10 27
8.0 0.882 0.935 0.920 4 * 3 7 10 27
8.5 0.862 0.862 0.927 3 * 4 8 27
9.0 0.979 0.999 0.999 4 * 3 9 11 27
9.5 1.000 1.000 0.999 3 * 3 9 27
10.0 1.000 1.000 0.999 3 * 3 9 27
0.5 0.000 0.000 0.000 1 * 1
1.0 0.130 0.061 0.013 1 * 2
1.5 0.530 0.241 0.048 1 * 3
2.0 0.446 0.240 0.068 1 * 4
2.5 0.566 0.424 0.139 2 * 3 7
3.0 0.732 0.625 0.245 3 * 3 5 9
3.5 0.649 0.567 0.288 3 * 3 5 12
4.0 0.542 0.552 0.502 4 * 4 6 16 19
4.5 0.831 0.840 0.738 4 * 3 9 11 25
5.0 0.750 0.815 0.845 4 * 3 6 10 27
5.5 0.865 0.865 0.869 3 * 3 8 27
6.0 0.909 0.909 0.891 3 * 3 10 27
6.5 0.928 0.928 0.900 3 * 3 9 27
7.0 0.820 0.844 0.908 4 * 4 8 13 27
7.5 0.903 0.946 0.917 5 * 3 9 11 13 27
8.0 0.936 0.936 0.921 3 * 3 10 27
8.5 0.929 0.956 0.927 4 * 3 9 12 27
9.0 0.999 0.999 0.998 3 * 3 9 27
9.5 0.844 0.881 0.935 4 * 3 7 14 27
10.0 0.906 0.999 0.999 4 * 3 6 9 27
0.5 0.000 0.000 0.000 1 * 1
1.0 0.000 0.000 0.000 1 * 1
1.5 0.535 0.244 0.048 1 * 3
2.0 0.385 0.232 0.059 2 * 2 4
2.5 0.644 0.485 0.168 2 * 3 8
3.0 0.816 0.625 0.242 2 * 3 9
3.5 0.675 0.578 0.268 3 * 3 7 11
4.0 0.706 0.698 0.553 5 * 4 8 11 14 20
4.5 0.778 0.778 0.772 3 * 3 7 26
5.0 0.874 0.874 0.847 3 * 3 10 27
5.5 0.770 0.836 0.867 4 * 3 6 10 27
6.0 0.910 0.910 0.893 3 * 3 10 27
6.5 0.889 0.930 0.905 5 * 3 9 11 13 27
7.0 0.871 0.924 0.912 4 * 3 7 10 27
7.5 0.807 0.877 0.917 4 * 3 6 10 27
8.0 0.863 0.942 0.996 4 * 4 6 9 27
8.5 0.939 0.939 0.925 3 * 3 10 27
9.0 0.999 0.999 0.998 3 * 3 9 27
9.5 0.999 0.999 0.999 3 * 3 9 27
10.0 1.000 1.000 0.999 3 * 3 9 27
0.5 0.000 0.000 0.000 1 * 1
1.0 0.000 0.000 0.000 1 * 1
1.5 0.556 0.251 0.048 1 * 3
2.0 0.715 0.320 0.059 1 * 3
2.5 0.651 0.492 0.175 2 * 3 8
3.0 0.827 0.634 0.248 2 * 3 9
3.5 0.712 0.593 0.285 3 * 3 10 12
4.0 0.612 0.555 0.451 4 * 5 9 13 18
4.5 0.726 0.701 0.779 4 * 2 9 11 26
5.0 0.860 0.886 0.845 4 * 3 9 12 27
5.5 0.801 0.814 0.872 4 * 4 8 12 27
6.0 0.778 0.846 0.885 4 * 3 6 10 27
6.5 0.885 0.925 0.898 5 * 3 9 11 13 27
7.0 0.932 0.932 0.907 3 * 3 9 27
7.5 0.927 0.927 0.912 3 * 3 10 27
8.0 0.749 0.759 0.919 4 * 2 10 14 27
8.5 0.914 0.957 0.927 5 * 3 9 11 13 27
9.0 0.999 0.999 0.999 3 * 3 9 27
9.5 0.999 0.999 0.999 3 * 3 9 27
10.0 0.999 0.999 0.999 3 * 3 9 27
0.5 0.000 0.000 0.000 1 * 1
1.0 0.000 0.000 0.000 1 * 1
1.5 0.546 0.246 0.046 1 * 3
2.0 0.721 0.321 0.058 1 * 3
2.5 0.544 0.465 0.154 3 * 3 5 7
3.0 0.594 0.477 0.243 2 * 2 9
3.5 0.621 0.526 0.305 3 * 4 9 13
4.0 0.633 0.580 0.478 4 * 2 9 11 18
4.5 0.777 0.831 0.740 5 * 3 9 11 17 25
5.0 0.879 0.879 0.853 3 * 3 10 27
5.5 0.749 0.749 0.873 3 * 2 9 27
6.0 0.840 0.906 0.884 5 * 3 7 10 13 27
6.5 0.898 0.924 0.897 4 * 3 9 12 27
7.0 0.798 0.867 0.907 4 * 3 6 10 27
7.5 0.997 0.997 0.995 3 * 3 9 27
8.0 0.882 0.719 0.873 3 * 3 23 27
8.5 0.999 0.999 0.998 3 * 3 9 27
9.0 0.999 0.999 0.998 3 * 3 9 27
9.5 0.999 0.999 0.999 3 * 3 9 27
10.0 1.000 1.000 0.999 3 * 3 9 27
0.5 0.000 0.000 0.000 1 * 1
1.0 0.000 0.000 0.000 1 * 1
1.5 0.273 0.164 0.048 2 * 2 4
2.0 0.443 0.233 0.063 1 * 4
2.5 0.435 0.359 0.177 3 * 2 6 8
3.0 0.744 0.576 0.238 2 * 3 10
3.5 0.731 0.608 0.278 3 * 3 10 12
4.0 0.642 0.633 0.507 4 * 4 9 13 19
4.5 0.819 0.836 0.735 4 * 3 9 12 25
5.0 0.884 0.884 0.842 3 * 3 9 27
5.5 0.895 0.895 0.869 3 * 3 9 27
6.0 0.849 0.900 0.886 4 * 3 7 10 27
6.5 0.897 0.923 0.896 4 * 3 9 12 27
7.0 0.818 0.919 0.908 5 * 3 5 7 10 27
7.5 0.875 0.914 0.918 4 * 3 9 13 27
8.0 0.886 0.939 0.923 4 * 3 7 10 27
8.5 0.999 0.999 0.998 3 * 3 9 27
9.0 0.999 0.999 0.998 3 * 3 9 27
9.5 1.000 1.000 0.999 3 * 3 9 27
10.0 0.999 0.999 0.999 3 * 3 9 27
0.5 0.000 0.000 0.000 1 * 1
1.0 0.000 0.000 0.000 1 * 1
1.5 0.503 0.227 0.045 1 * 3
2.0 0.719 0.322 0.060 1 * 3
2.5 0.589 0.437 0.132 2 * 3 6
3.0 0.815 0.625 0.245 2 * 3 9
3.5 0.659 0.567 0.271 3 * 3 7 12
4.0 0.627 0.649 0.511 5 * 3 8 11 16 19
4.5 0.747 0.747 0.778 3 * 4 9 26
5.0 0.816 0.866 0.847 4 * 3 7 10 27
5.5 0.786 0.832 0.812 5 * 3 8 12 20 27
6.0 0.771 0.833 0.888 4 * 4 6 8 27
6.5 0.909 0.909 0.896 3 * 3 10 27
7.0 0.920 0.920 0.908 3 * 3 10 27
7.5 0.902 0.945 0.917 5 * 3 9 11 13 27
8.0 0.872 0.921 0.921 4 * 3 7 10 27
8.5 0.938 0.938 0.927 3 * 3 10 27
9.0 0.793 0.876 0.929 5 * 4 6 10 14 27
9.5 1.000 1.000 0.999 3 * 3 9 27
10.0 0.999 0.999 0.999 3 * 3 9 27
0.5 0.000 0.000 0.000 1 * 1
1.0 0.000 0.000 0.000 1 * 1
1.5 0.531 0.240 0.047 1 * 3
2.0 0.731 0.326 0.059 1 * 3
2.5 0.591 0.440 0.138 2 * 3 6
3.0 0.820 0.629 0.246 2 * 3 9
3.5 0.666 0.594 0.305 4 * 3 7 11 13
4.0 0.656 0.655 0.489 3 * 3 7 19
4.5 0.746 0.746 0.778 3 * 4 9 26
5.0 0.783 0.783 0.844 3 * 4 9 27
5.5 0.904 0.904 0.873 3 * 3 9 27
6.0 0.909 0.909 0.888 3 * 3 10 27
6.5 0.917 0.917 0.900 3 * 3 10 27
7.0 0.868 0.920 0.907 4 * 3 7 10 27
7.5 0.945 0.945 0.920 3 * 3 9 27
8.0 0.910 0.952 0.926 5 * 3 9 11 13 27
8.5 0.999 0.999 0.998 3 * 3 9 27
9.0 0.999 0.999 0.998 3 * 3 9 27
9.5 0.906 1.000 0.999 4 * 3 6 9 27
10.0 1.000 1.000 0.999 3 * 3 9 27
0.5 0.000 0.000 0.000 1 * 1
1.0 0.155 0.070 0.015 1 * 2
1.5 0.528 0.236 0.045 1 * 3
2.0 0.453 0.235 0.063 1 * 4
2.5 0.640 0.484 0.170 2 * 3 8
3.0 0.817 0.627 0.247 2 * 3 9
3.5 0.711 0.599 0.286 3 * 3 10 12
4.0 0.644 0.619 0.472 4 * 4 9 13 18
4.5 0.724 0.697 0.772 4 * 2 9 11 26
5.0 0.752 0.817 0.846 4 * 3 6 10 27
5.5 0.902 0.902 0.871 3 * 3 9 27
6.0 0.832 0.914 0.894 5 * 3 7 10 15 27
6.5 0.797 0.915 0.905 6 * 3 5 7 10 15 27
7.0 0.912 0.938 0.911 4 * 3 9 12 27
7.5 0.839 0.852 0.919 4 * 4 8 12 27
8.0 0.998 0.998 0.997 3 * 3 9 27
8.5 0.777 0.781 0.930 4 * 2 9 13 27
9.0 0.999 0.999 0.999 3 * 3 9 27
9.5 0.979 1.000 0.999 4 * 3 9 11 27
10.0 1.000 1.000 0.999 3 * 3 9 27
0.5 0.000 0.000 0.000 1 * 1
1.0 0.000 0.000 0.000 1 * 1
1.5 0.561 0.252 0.048 1 * 3
2.0 0.708 0.317 0.059 1 * 3
2.5 0.650 0.491 0.174 2 * 3 8
3.0 0.821 0.628 0.243 2 * 3 9
3.5 0.654 0.568 0.278 3 * 3 5 12
4.0 0.781 0.781 0.531 3 * 3 9 19
4.5 0.771 0.565 0.774 2 * 8 26
5.0 0.867 0.867 0.843 3 * 3 10 27
5.5 0.900 0.900 0.871 3 * 3 9 27
6.0 0.804 0.902 0.888 5 * 3 5 7 10 27
6.5 0.859 0.912 0.903 4 * 3 7 10 27
7.0 0.938 0.938 0.912 3 * 3 9 27
7.5 0.847 0.891 0.918 4 * 3 7 13 27
8.0 0.849 0.869 0.920 5 * 4 8 10 12 27
8.5 0.999 0.999 0.998 3 * 3 9 27
9.0 0.999 0.999 0.998 3 * 3 9 27
9.5 1.000 1.000 0.999 3 * 3 9 27
10.0 1.000 1.000 0.999 3 * 3 9 27
0.5 0.000 0.000 0.000 1 * 1
1.0 0.000 0.000 0.000 1 * 1
1.5 0.520 0.234 0.046 1 * 3
2.0 0.379 0.237 0.064 2 * 2 4
2.5 0.649 0.491 0.176 2 * 3 8
3.0 0.747 0.578 0.239 2 * 3 10
3.5 0.529 0.435 0.264 3 * 2 7 11
4.0 0.631 0.631 0.505 3 * 4 9 19
4.5 0.769 0.769 0.771 3 * 3 7 26
5.0 0.888 0.888 0.847 3 * 3 9 27
5.5 0.872 0.907 0.875 4 * 3 9 13 27
6.0 0.807 0.905 0.887 5 * 3 5 7 10 27
6.5 0.852 0.912 0.901 5 * 3 7 10 12 27
7.0 0.911 0.938 0.909 4 * 3 9 12 27
7.5 0.836 0.876 0.920 4 * 3 7 13 27
8.0 0.841 0.787 0.920 3 * 3 5 27
8.5 0.846 0.860 0.928 4 * 4 8 12 27
9.0 0.999 0.999 0.999 3 * 3 9 27
9.5 0.999 0.999 0.999 3 * 3 9 27
10.0 0.916 1.000 1.000 4 * 3 5 9 27
0.5 0.000 0.000 0.000 1 * 1
1.0 0.000 0.000 0.000 1 * 1
1.5 0.534 0.239 0.046 1 * 3
2.0 0.722 0.323 0.059 1 * 3
2.5 0.644 0.486 0.170 2 * 3 8
3.0 0.818 0.627 0.244 2 * 3 9
3.5 0.543 0.448 0.281 3 * 2 7 12
4.0 0.629 0.629 0.504 3 * 4 9 19
4.5 0.721 0.695 0.768 4 * 2 9 11 26
5.0 0.757 0.822 0.851 4 * 3 6 10 27
5.5 0.899 0.899 0.868 3 * 3 9 27
6.0 0.857 0.914 0.890 5 * 3 9 11 15 27
6.5 0.899 0.600 0.899 2 * 10 27
7.0 0.799 0.869 0.907 4 * 3 6 10 27
7.5 0.851 0.902 0.917 5 * 3 8 11 14 27
8.0 0.937 0.937 0.921 3 * 3 10 27
8.5 0.999 0.999 0.998 3 * 3 9 27
9.0 0.999 0.999 0.999 3 * 3 9 27
9.5 0.999 0.999 0.999 3 * 3 9 27
10.0 1.000 1.000 0.999 3 * 3 9 27
0.5 0.000 0.000 0.000 1 * 1
1.0 0.000 0.000 0.000 1 * 1
1.5 0.529 0.237 0.045 1 * 3
2.0 0.732 0.327 0.060 1 * 3
2.5 0.604 0.452 0.147 2 * 3 7
3.0 0.821 0.628 0.242 2 * 3 9
3.5 0.654 0.571 0.281 3 * 3 5 12
4.0 0.748 0.720 0.459 3 * 3 9 17
4.5 0.930 0.930 0.862 3 * 3 9 26
5.0 0.884 0.884 0.845 3 * 3 9 27
5.5 0.909 0.909 0.877 3 * 3 9 27
6.0 0.914 0.914 0.885 3 * 3 9 27
6.5 0.764 0.862 0.901 4 * 3 5 10 27
7.0 0.896 0.896 0.906 3 * 3 8 27
7.5 0.876 0.929 0.918 4 * 3 7 10 27
8.0 0.878 0.931 0.919 4 * 3 7 10 27
8.5 0.890 0.944 0.930 4 * 3 7 10 27
9.0 0.943 0.943 0.932 3 * 3 10 27
9.5 0.863 0.907 0.933 4 * 3 7 12 27
10.0 1.000 1.000 0.999 3 * 3 9 27
0.5 0.000 0.000 0.000 1 * 1
1.0 0.000 0.000 0.000 1 * 1
1.5 0.537 0.241 0.046 1 * 3
2.0 0.456 0.231 0.063 1 * 4
2.5 0.590 0.524 0.198 4 * 3 5 7 9
3.0 0.818 0.627 0.245 2 * 3 9
3.5 0.719 0.615 0.294 3 * 3 10 13
4.0 0.550 0.548 0.444 4 * 2 6 9 18
4.5 0.803 0.813 0.792 5 * 4 8 10 12 25
5.0 0.876 0.876 0.840 3 * 3 9 27
5.5 0.772 0.878 0.873 5 * 3 6 10 15 27
6.0 0.775 0.775 0.891 3 * 4 8 27
6.5 0.836 0.882 0.901 4 * 3 7 12 27
7.0 0.892 0.939 0.911 4 * 3 9 14 27
7.5 0.947 0.947 0.918 3 * 3 9 27
8.0 0.998 0.998 0.996 3 * 3 9 27
8.5 0.999 0.999 0.998 3 * 3 9 27
9.0 0.785 0.785 0.935 3 * 2 9 27
9.5 0.916 0.999 0.999 4 * 3 5 9 27
10.0 1.000 1.000 0.999 3 * 3 9 27
0.5 0.000 0.000 0.000 1 * 1
1.0 0.000 0.000 0.000 1 * 1
1.5 0.547 0.247 0.047 1 * 3
2.0 0.374 0.228 0.059 2 * 2 4
2.5 0.463 0.367 0.174 2 * 2 8
3.0 0.541 0.439 0.235 2 * 2 10
3.5 0.662 0.567 0.264 3 * 3 7 11
4.0 0.564 0.564 0.528 3 * 2 8 20
4.5 0.685 0.685 0.769 3 * 2 10 26
5.0 0.885 0.885 0.847 3 * 3 9 27
5.5 0.837 0.889 0.875 4 * 3 7 10 27
6.0 0.786 0.855 0.890 5 * 3 6 10 13 27
6.5 0.882 0.928 0.900 4 * 3 9 14 27
7.0 0.753 0.753 0.910 3 * 2 10 27
7.5 0.947 0.947 0.918 3 * 3 9 27
8.0 0.864 0.933 0.921 5 * 3 7 9 12 27
8.5 0.999 0.999 0.998 3 * 3 9 27
9.0 0.916 0.999 0.998 4 * 3 5 9 27
9.5 1.000 1.000 0.999 3 * 3 9 27
10.0 0.883 1.000 0.999 5 * 3 5 7 9 27
0.5 0.000 0.000 0.000 1 * 1
1.0 0.000 0.000 0.000 1 * 1
1.5 0.549 0.246 0.046 1 * 3
2.0 0.722 0.322 0.058 1 * 3
2.5 0.600 0.445 0.135 2 * 3 6
3.0 0.808 0.619 0.239 2 * 3 9
3.5 0.541 0.443 0.249 2 * 2 11
4.0 0.743 0.743 0.507 3 * 3 9 19
4.5 0.862 0.873 0.783 4 * 3 9 11 25
5.0 0.858 0.882 0.842 4 * 3 9 12 27
5.5 0.890 0.890 0.868 3 * 3 10 27
6.0 0.808 0.830 0.889 4 * 4 8 14 27
6.5 0.826 0.869 0.896 4 * 3 7 13 27
7.0 0.806 0.844 0.909 5 * 4 8 12 14 27
7.5 0.828 0.878 0.920 4 * 3 7 12 27
8.0 0.919 0.944 0.921 4 * 3 9 12 27
8.5 0.999 0.999 0.998 3 * 3 9 27
9.0 0.860 0.921 0.933 5 * 3 8 12 14 27
9.5 1.000 1.000 0.999 3 * 3 9 27
10.0 1.000 1.000 0.999 3 * 3 9 27
0.5 0.000 0.000 0.000 1 * 1
1.0 0.121 0.057 0.014 1 * 2
1.5 0.559 0.253 0.049 1 * 3
2.0 0.439 0.231 0.065 1 * 4
2.5 0.561 0.432 0.173 2 * 4 8
3.0 0.828 0.635 0.248 2 * 3 9
3.5 0.670 0.573 0.268 3 * 3 7 11
4.0 0.635 0.635 0.491 3 * 3 7 19
4.5 0.838 0.848 0.773 4 * 3 9 11 26
5.0 0.694 0.694 0.843 3 * 2 8 27
5.5 0.791 0.815 0.870 4 * 4 8 14 27
6.0 0.913 0.913 0.886 3 * 3 9 27
6.5 0.927 0.927 0.895 3 * 3 9 27
7.0 0.804 0.874 0.914 4 * 3 6 10 27
7.5 0.931 0.931 0.917 3 * 3 10 27
8.0 0.998 0.998 0.997 3 * 3 9 27
8.5 0.999 0.999 0.998 3 * 3 9 27
9.0 0.999 0.999 0.999 3 * 3 9 27
9.5 0.999 0.999 0.999 3 * 3 9 27
10.0 0.979 0.999 0.999 4 * 3 9 11 27
0.5 0.000 0.000 0.000 1 * 1
1.0 0.000 0.000 0.000 1 * 1
1.5 0.558 0.251 0.048 1 * 3
2.0 0.722 0.323 0.060 1 * 3
2.5 0.652 0.493 0.173 2 * 3 8
3.0 0.827 0.633 0.246 2 * 3 9
3.5 0.523 0.432 0.265 3 * 2 7 11
4.0 0.739 0.720 0.478 3 * 3 9 18
4.5 0.816 0.846 0.778 5 * 3 9 11 13 26
5.0 0.842 0.883 0.847 4 * 3 9 14 27
5.5 0.738 0.791 0.876 4 * 4 6 10 27
6.0 0.892 0.918 0.888 4 * 3 9 12 27
6.5 0.838 0.838 0.901 3 * 4 8 27
7.0 0.901 0.938 0.910 4 * 3 9 13 27
7.5 0.866 0.916 0.917 4 * 3 10 14 27
8.0 0.711 0.709 0.923 4 * 2 7 14 27
8.5 0.771 0.777 0.880 9 * 2 9 11 13 15 17 21 23 27
9.0 0.999 0.999 0.999 3 * 3 9 27
9.5 1.000 1.000 0.999 3 * 3 9 27
10.0 0.950 1.000 0.999 5 * 3 9 11 13 27
0.5 0.000 0.000 0.000 1 * 1
1.0 0.000 0.000 0.000 1 * 1
1.5 0.565 0.253 0.048 1 * 3
2.0 0.725 0.322 0.059 1 * 3
2.5 0.654 0.493 0.170 2 * 3 8
3.0 0.822 0.629 0.244 2 * 3 9
3.5 0.533 0.439 0.266 3 * 2 7 11
4.0 0.559 0.541 0.476 3 * 2 8 18
4.5 0.758 0.747 0.766 4 * 4 9 11 26
5.0 0.757 0.821 0.844 4 * 3 6 10 27
5.5 0.870 0.870 0.871 3 * 3 8 27
6.0 0.758 0.855 0.892 4 * 3 5 10 27
6.5 0.883 0.928 0.897 4 * 3 9 14 27
7.0 0.927 0.927 0.912 3 * 3 10 27
7.5 0.873 0.926 0.915 4 * 3 7 10 27
8.0 0.998 0.998 0.996 3 * 3 9 27
8.5 0.999 0.999 0.998 3 * 3 9 27
9.0 0.999 0.999 0.998 3 * 3 9 27
9.5 0.999 0.999 0.999 3 * 3 9 27
10.0 0.979 1.000 0.999 4 * 3 9 11 27
0.5 0.000 0.000 0.000 1 * 1
1.0 0.113 0.054 0.012 1 * 2
1.5 0.547 0.248 0.049 1 * 3
2.0 0.712 0.319 0.060 1 * 3
2.5 0.568 0.488 0.175 3 * 3 6 8
3.0 0.813 0.622 0.240 2 * 3 9
3.5 0.620 0.523 0.308 3 * 4 9 13
4.0 0.738 0.713 0.460 4 * 3 9 11 18
4.5 0.779 0.573 0.775 3 * 8 11 26
5.0 0.869 0.884 0.845 4 * 3 9 11 27
5.5 0.770 0.837 0.870 4 * 3 6 10 27
6.0 0.784 0.784 0.896 3 * 4 8 27
6.5 0.928 0.928 0.900 3 * 3 9 27
7.0 0.924 0.924 0.910 3 * 3 10 27
7.5 0.823 0.872 0.917 4 * 3 12 15 27
8.0 0.967 0.998 0.997 4 * 3 9 12 27
8.5 0.999 0.999 0.997 3 * 3 9 27
9.0 0.999 0.999 0.999 3 * 3 9 27
9.5 0.999 0.999 0.999 3 * 3 9 27
10.0 1.000 1.000 0.999 3 * 3 9 27
0.5 0.000 0.000 0.000 1 * 1
1.0 0.000 0.000 0.000 1 * 1
1.5 0.541 0.244 0.047 1 * 3
2.0 0.735 0.327 0.060 1 * 3
2.5 0.642 0.484 0.169 2 * 3 8
3.0 0.812 0.622 0.241 2 * 3 9
3.5 0.648 0.568 0.289 3 * 3 5 12
4.0 0.693 0.615 0.460 2 * 3 18
4.5 0.829 0.851 0.805 4 * 3 9 12 27
5.0 0.863 0.887 0.845 4 * 3 9 12 27
5.5 0.887 0.887 0.869 3 * 3 10 27
6.0 0.757 0.763 0.890 4 * 2 9 14 27
6.5 0.796 0.864 0.902 4 * 3 6 10 27
7.0 0.924 0.924 0.911 3 * 3 10 27
7.5 0.886 0.929 0.916 4 * 3 10 14 27
8.0 0.878 0.932 0.921 4 * 3 7 10 27
8.5 0.999 0.999 0.998 3 * 3 9 27
9.0 0.812 0.879 0.934 4 * 3 6 10 27
9.5 1.000 1.000 0.999 3 * 3 9 27
10.0 1.000 1.000 1.000 3 * 3 9 27
0.5 0.000 0.000 0.000 1 * 1
1.0 0.000 0.000 0.000 1 * 1
1.5 0.553 0.247 0.047 1 * 3
2.0 0.723 0.323 0.061 1 * 3
2.5 0.410 0.322 0.146 2 * 2 7
3.0 0.760 0.642 0.249 3 * 3 7 9
3.5 0.722 0.605 0.287 3 * 3 10 12
4.0 0.712 0.725 0.485 4 * 3 9 14 19
4.5 0.781 0.821 0.745 4 * 3 7 10 25
5.0 0.697 0.697 0.847 3 * 2 8 27
5.5 0.796 0.891 0.872 5 * 3 5 7 10 27
6.0 0.777 0.854 0.893 5 * 3 6 10 14 27
6.5 0.854 0.907 0.898 4 * 3 7 10 27
7.0 0.800 0.779 0.910 5 * 2 9 11 13 27
7.5 0.934 0.934 0.921 3 * 3 10 27
8.0 0.908 0.953 0.923 5 * 3 9 11 13 27
8.5 0.907 0.999 0.998 5 * 3 5 9 12 27
9.0 0.999 0.999 0.999 3 * 3 9 27
9.5 0.915 0.949 0.934 4 * 3 9 12 27
10.0 1.000 1.000 0.999 3 * 3 9 27
0.5 0.008 0.005 0.003 1 * 2
1.0 0.000 0.000 0.000 1 * 1
1.5 0.521 0.233 0.044 1 * 3
2.0 0.724 0.322 0.059 1 * 3
2.5 0.536 0.412 0.165 2 * 4 8
3.0 0.831 0.636 0.246 2 * 3 9
3.5 0.621 0.562 0.264 4 * 3 5 7 11
4.0 0.573 0.556 0.508 4 * 2 8 15 19
4.5 0.865 0.865 0.812 3 * 3 9 27
5.0 0.887 0.887 0.847 3 * 3 9 27
5.5 0.906 0.906 0.870 3 * 3 9 27
6.0 0.785 0.853 0.891 4 * 3 6 10 27
6.5 0.772 0.761 0.904 5 * 2 10 12 14 27
7.0 0.911 0.936 0.912 4 * 3 9 12 27
7.5 0.947 0.947 0.919 3 * 3 9 27
8.0 0.949 0.949 0.920 3 * 3 9 27
8.5 0.999 0.999 0.998 3 * 3 9 27
9.0 0.945 0.945 0.931 3 * 3 10 27
9.5 0.999 0.999 0.999 3 * 3 9 27
10.0 1.000 1.000 0.999 3 * 3 9 27
0.5 0.000 0.000 0.000 1 * 1
1.0 0.113 0.052 0.011 1 * 2
1.5 0.532 0.240 0.046 1 * 3
2.0 0.439 0.240 0.069 1 * 4
2.5 0.399 0.311 0.135 2 * 2 7
3.0 0.820 0.627 0.242 2 * 3 9
3.5 0.671 0.573 0.263 3 * 3 7 11
4.0 0.630 0.449 0.498 3 * 8 13 19
4.5 0.781 0.824 0.740 5 * 3 7 10 12 25
5.0 0.868 0.883 0.848 4 * 3 9 11 27
5.5 0.904 0.904 0.869 3 * 3 9 27
6.0 0.853 0.905 0.892 4 * 3 7 10 27
6.5 0.857 0.910 0.898 4 * 3 7 10 27
7.0 0.908 0.934 0.909 4 * 3 9 12 27
7.5 0.943 0.943 0.918 3 * 3 9 27
8.0 0.923 0.950 0.922 4 * 3 9 12 27
8.5 0.806 0.874 0.929 4 * 3 6 10 27
9.0 0.865 0.865 0.932 3 * 4 8 27
9.5 1.000 1.000 0.999 3 * 3 9 27
10.0 1.000 1.000 0.999 3 * 3 9 27
0.5 0.000 0.000 0.000 1 * 1
1.0 0.013 0.009 0.005 1 * 2
1.5 0.557 0.250 0.048 1 * 3
2.0 0.719 0.320 0.058 1 * 3
2.5 0.603 0.453 0.152 2 * 3 7
3.0 0.825 0.632 0.247 2 * 3 9
3.5 0.541 0.446 0.305 3 * 2 8 13
4.0 0.743 0.743 0.513 3 * 3 9 19
4.5 0.701 0.694 0.774 4 * 2 9 13 26
5.0 0.719 0.773 0.851 4 * 4 6 10 27
5.5 0.877 0.902 0.868 4 * 3 9 12 27
6.0 0.912 0.912 0.883 3 * 3 9 27
6.5 0.897 0.922 0.896 4 * 3 9 12 27
7.0 0.936 0.936 0.908 3 * 3 9 27
7.5 0.899 0.946 0.916 4 * 3 9 14 27
8.0 0.884 0.937 0.924 4 * 3 7 10 27
8.5 0.999 0.999 0.998 3 * 3 9 27
9.0 0.999 0.999 0.999 3 * 3 9 27
9.5 0.999 0.999 0.999 3 * 3 9 27
10.0 1.000 1.000 1.000 3 * 3 9 27
0.5 0.000 0.000 0.000 1 * 1
1.0 0.003 0.002 0.002 1 * 2
1.5 0.553 0.249 0.047 1 * 3
2.0 0.738 0.329 0.061 1 * 3
2.5 0.421 0.328 0.143 2 * 5 7
3.0 0.821 0.630 0.248 2 * 3 9
3.5 0.662 0.574 0.277 3 * 3 5 12
4.0 0.592 0.592 0.516 3 * 2 9 19
4.5 0.766 0.753 0.773 4 * 4 9 11 26
5.0 0.738 0.734 0.847 4 * 2 9 13 27
5.5 0.885 0.885 0.868 3 * 3 10 27
6.0 0.919 0.919 0.890 3 * 3 9 27
6.5 0.912 0.928 0.898 4 * 3 9 11 27
7.0 0.905 0.931 0.908 4 * 3 9 12 27
7.5 0.806 0.877 0.917 4 * 3 6 10 27
8.0 0.761 0.761 0.922 3 * 2 10 27
8.5 0.949 0.999 0.997 5 * 3 9 11 13 27
9.0 0.783 0.783 0.932 3 * 2 9 27
9.5 0.915 0.963 0.937 4 * 3 9 14 27
10.0 1.000 1.000 1.000 3 * 3 9 27
0.5 0.000 0.000 0.000 1 * 1
1.0 0.146 0.068 0.015 1 * 2
1.5 0.549 0.247 0.047 1 * 3
2.0 0.444 0.241 0.070 1 * 4
2.5 0.448 0.356 0.171 2 * 2 8
3.0 0.715 0.629 0.243 3 * 3 6 9
3.5 0.533 0.438 0.304 3 * 2 9 13
4.0 0.750 0.803 0.534 4 * 3 9 16 18
4.5 0.859 0.859 0.811 3 * 3 9 27
5.0 0.844 0.882 0.847 5 * 3 9 11 13 27
5.5 0.771 0.825 0.804 4 * 3 5 12 27
6.0 0.903 0.903 0.885 3 * 3 10 27
6.5 0.852 0.852 0.901 3 * 3 7 27
7.0 0.895 0.938 0.909 5 * 3 9 11 13 27
7.5 0.880 0.932 0.917 4 * 3 7 10 27
8.0 0.902 0.949 0.923 4 * 3 9 14 27
8.5 0.999 0.999 0.998 3 * 3 9 27
9.0 0.999 0.999 0.999 3 * 3 9 27
9.5 1.000 1.000 0.999 3 * 3 9 27
10.0 1.000 1.000 0.999 3 * 3 9 27
0.5 0.000 0.000 0.000 1 * 1
1.0 0.000 0.000 0.000 1 * 1
1.5 0.545 0.246 0.048 1 * 3
2.0 0.457 0.229 0.056 1 * 4
2.5 0.612 0.460 0.155 2 * 3 7
3.0 0.818 0.626 0.244 2 * 3 9
3.5 0.571 0.483 0.315 3 * 2 11 14
4.0 0.818 0.818 0.576 3 * 3 9 19
4.5 0.831 0.841 0.767 4 * 3 9 11 26
5.0 0.817 0.866 0.844 4 * 3 7 10 27
5.5 0.880 0.904 0.875 4 * 3 9 12 27
6.0 0.878 0.920 0.890 5 * 3 9 11 13 27
6.5 0.871 0.929 0.899 5 * 3 9 12 14 27
7.0 0.895 0.938 0.910 5 * 3 9 11 13 27
7.5 0.946 0.946 0.920 3 * 3 9 27
8.0 0.798 0.865 0.923 4 * 3 6 10 27
8.5 0.752 0.752 0.926 3 * 2 11 27
9.0 0.999 0.999 0.999 3 * 3 9 27
9.5 0.999 0.999 0.999 3 * 3 9 27
10.0 1.000 1.000 0.999 3 * 3 9 27
0.5 0.000 0.000 0.000 1 * 1
1.0 0.000 0.000 0.000 1 * 1
1.5 0.548 0.248 0.047 1 * 3
2.0 0.445 0.231 0.063 1 * 4
2.5 0.603 0.453 0.152 2 * 3 7
3.0 0.821 0.630 0.249 2 * 3 9
3.5 0.665 0.566 0.257 3 * 3 7 11
4.0 0.646 0.646 0.528 3 * 4 9 20
4.5 0.638 0.651 0.732 6 * 2 8 10 17 19 25
5.0 0.829 0.842 0.783 4 * 3 9 11 27
5.5 0.753 0.753 0.873 3 * 2 9 27
6.0 0.919 0.919 0.889 3 * 3 9 27
6.5 0.887 0.928 0.900 5 * 3 9 11 13 27
7.0 0.806 0.910 0.911 5 * 3 6 10 14 27
7.5 0.888 0.946 0.917 5 * 3 9 11 15 27
8.0 0.998 0.998 0.997 3 * 3 9 27
8.5 0.822 0.911 0.881 5 * 3 10 13 17 27
9.0 0.999 0.999 0.999 3 * 3 9 27
9.5 0.999 0.999 0.999 3 * 3 9 27
10.0 1.000 1.000 0.999 3 * 3 9 27
0.5 0.000 0.000 0.000 1 * 1
1.0 0.112 0.052 0.012 1 * 2
1.5 0.540 0.243 0.048 1 * 3
2.0 0.726 0.323 0.059 1 * 3
2.5 0.639 0.482 0.169 2 * 3 8
3.0 0.813 0.623 0.244 2 * 3 9
3.5 0.573 0.457 0.283 3 * 2 10 12
4.0 0.704 0.723 0.534 5 * 3 7 10 12 20
4.5 0.784 0.784 0.773 3 * 3 7 26
5.0 0.888 0.888 0.849 3 * 3 9 27
5.5 0.836 0.887 0.873 4 * 3 7 10 27
6.0 0.746 0.724 0.887 4 * 2 8 11 27
6.5 0.731 0.727 0.897 4 * 2 11 13 27
7.0 0.808 0.877 0.913 4 * 4 6 10 27
7.5 0.729 0.732 0.918 4 * 2 8 13 27
8.0 0.808 0.938 0.922 7 * 3 9 11 14 16 18 27
8.5 0.929 0.956 0.927 4 * 3 9 12 27
9.0 0.838 0.838 0.933 3 * 4 9 27
9.5 0.999 0.999 0.998 3 * 3 9 27
10.0 1.000 1.000 0.999 3 * 3 9 27
0.5 0.000 0.000 0.000 1 * 1
1.0 0.000 0.000 0.000 1 * 1
1.5 0.552 0.247 0.047 1 * 3
2.0 0.465 0.235 0.059 1 * 4
2.5 0.640 0.483 0.171 2 * 3 8
3.0 0.598 0.480 0.244 2 * 2 9
3.5 0.743 0.576 0.243 2 * 3 10
4.0 0.589 0.589 0.504 3 * 2 9 19
4.5 0.827 0.827 0.807 3 * 3 8 27
5.0 0.697 0.697 0.847 3 * 2 8 27
5.5 0.897 0.897 0.868 3 * 3 9 27
6.0 0.918 0.918 0.885 3 * 3 9 27
6.5 0.835 0.881 0.896 4 * 3 7 12 27
7.0 0.930 0.930 0.915 3 * 3 10 27
7.5 0.898 0.945 0.915 4 * 3 9 14 27
8.0 0.855 0.940 0.925 5 * 3 7 10 15 27
8.5 0.999 0.999 0.997 3 * 3 9 27
9.0 0.999 0.999 0.998 3 * 3 9 27
9.5 1.000 1.000 0.999 3 * 3 9 27
10.0 1.000 1.000 0.999 3 * 3 9 27
0.5 0.000 0.000 0.000 1 * 1
1.0 0.000 0.000 0.000 1 * 1
1.5 0.515 0.231 0.043 1 * 3
2.0 0.724 0.322 0.060 1 * 3
2.5 0.531 0.454 0.153 3 * 3 5 7
3.0 0.815 0.624 0.244 2 * 3 9
3.5 0.565 0.448 0.286 3 * 2 8 12
4.0 0.609 0.618 0.529 4 * 3 8 16 20
4.5 0.728 0.719 0.702 5 * 4 9 11 14 24
5.0 0.728 0.819 0.845 4 * 3 5 10 27
5.5 0.810 0.890 0.870 5 * 3 7 10 15 27
6.0 0.877 0.911 0.884 4 * 3 9 13 27
6.5 0.892 0.929 0.898 4 * 3 9 13 27
7.0 0.937 0.937 0.911 3 * 3 9 27
7.5 0.927 0.927 0.914 3 * 3 10 27
8.0 0.861 0.931 0.921 5 * 3 7 9 12 27
8.5 0.913 0.958 0.927 5 * 3 9 11 13 27
9.0 0.798 0.796 0.931 4 * 2 9 13 27
9.5 0.999 0.999 0.999 3 * 3 9 27
10.0 1.000 1.000 0.999 3 * 3 9 27
0.5 0.000 0.000 0.000 1 * 1
1.0 0.000 0.000 0.000 1 * 1
1.5 0.544 0.244 0.048 1 * 3
2.0 0.457 0.241 0.066 1 * 4
2.5 0.564 0.434 0.172 2 * 4 8
3.0 0.736 0.568 0.233 2 * 3 10
3.5 0.634 0.555 0.305 4 * 4 7 11 13
4.0 0.563 0.563 0.528 3 * 2 8 20
4.5 0.817 0.817 0.709 3 * 3 9 24
5.0 0.852 0.852 0.847 3 * 3 8 27
5.5 0.867 0.867 0.874 3 * 3 8 27
6.0 0.917 0.917 0.887 3 * 3 9 27
6.5 0.883 0.930 0.901 4 * 3 9 14 27
7.0 0.868 0.921 0.909 4 * 3 7 10 27
7.5 0.915 0.942 0.913 4 * 3 9 12 27
8.0 0.780 0.780 0.929 3 * 2 9 27
8.5 0.809 0.876 0.931 7 * 4 8 10 12 14 16 27
9.0 0.999 0.999 0.998 3 * 3 9 27
9.5 0.999 0.999 0.999 3 * 3 9 27
10.0 1.000 1.000 0.999 3 * 3 9 27
0.5 0.000 0.000 0.000 1 * 1
1.0 0.000 0.000 0.000 1 * 1
1.5 0.536 0.241 0.046 1 * 3
2.0 0.455 0.240 0.066 1 * 4
2.5 0.446 0.354 0.172 2 * 2 8
3.0 0.827 0.634 0.247 2 * 3 9
3.5 0.658 0.563 0.266 3 * 3 7 11
4.0 0.635 0.631 0.508 4 * 4 9 14 19
4.5 0.847 0.847 0.768 3 * 3 9 26
5.0 0.872 0.886 0.852 4 * 3 9 11 27
5.5 0.834 0.884 0.869 4 * 3 7 10 27
6.0 0.780 0.759 0.885 5 * 2 9 11 13 27
6.5 0.776 0.862 0.896 5 * 3 6 10 15 27
7.0 0.913 0.941 0.911 4 * 3 9 12 27
7.5 0.997 0.997 0.995 3 * 3 9 27
8.0 0.802 0.922 0.923 6 * 3 6 10 13 15 27
8.5 0.736 0.741 0.928 4 * 2 7 12 27
9.0 0.909 0.957 0.930 4 * 3 9 14 27
9.5 1.000 1.000 0.999 3 * 3 9 27
10.0 1.000 1.000 0.999 3 * 3 9 27
0.5 0.000 0.000 0.000 1 * 1
1.0 0.000 0.000 0.000 1 * 1
1.5 0.544 0.244 0.046 1 * 3
2.0 0.452 0.237 0.066 1 * 4
2.5 0.623 0.469 0.160 2 * 3 7
3.0 0.749 0.577 0.234 2 * 3 10
3.5 0.669 0.616 0.327 4 * 3 7 11 14
4.0 0.618 0.652 0.443 4 * 3 5 9 17
4.5 0.731 0.793 0.810 5 * 3 6 10 13 27
5.0 0.784 0.784 0.843 3 * 4 9 27
5.5 0.716 0.716 0.876 3 * 2 8 27
6.0 0.853 0.905 0.892 4 * 3 7 10 27
6.5 0.793 0.862 0.899 4 * 3 6 10 27
7.0 0.902 0.938 0.911 4 * 3 9 13 27
7.5 0.878 0.945 0.916 5 * 3 9 11 16 27
8.0 0.886 0.953 0.922 5 * 3 9 11 16 27
8.5 0.704 0.550 0.926 2 * 2 27
9.0 0.916 0.999 0.998 5 * 3 5 9 11 27
9.5 0.782 0.786 0.934 4 * 2 9 13 27
10.0 1.000 1.000 0.999 3 * 3 9 27
0.5 0.000 0.000 0.000 1 * 1
1.0 0.000 0.000 0.000 1 * 1
1.5 0.559 0.250 0.047 1 * 3
2.0 0.731 0.326 0.060 1 * 3
2.5 0.626 0.473 0.167 2 * 3 8
3.0 0.822 0.630 0.247 2 * 3 9
3.5 0.588 0.468 0.281 3 * 2 10 12
4.0 0.671 0.671 0.528 3 * 3 7 20
4.5 0.765 0.765 0.738 3 * 3 7 25
5.0 0.800 0.843 0.845 4 * 3 7 12 27
5.5 0.816 0.897 0.874 5 * 3 7 10 15 27
6.0 0.911 0.911 0.895 3 * 3 10 27
6.5 0.885 0.931 0.901 4 * 3 9 14 27
7.0 0.897 0.897 0.911 3 * 3 8 27
7.5 0.946 0.946 0.918 3 * 3 9 27
8.0 0.921 0.948 0.920 4 * 3 9 12 27
8.5 0.999 0.999 0.997 3 * 3 9 27
9.0 0.978 0.999 0.998 4 * 3 9 11 27
9.5 0.931 0.958 0.934 4 * 3 9 12 27
10.0 0.916 1.000 0.999 4 * 3 5 9 27
0.5 0.000 0.000 0.000 1 * 1
1.0 0.000 0.000 0.000 1 * 1
1.5 0.540 0.243 0.045 1 * 3
2.0 0.711 0.317 0.059 1 * 3
2.5 0.608 0.453 0.145 2 * 3 7
3.0 0.817 0.626 0.244 2 * 3 9
3.5 0.535 0.439 0.264 3 * 2 7 11
4.0 0.673 0.432 0.490 3 * 10 12 19
4.5 0.715 0.715 0.810 3 * 2 9 27
5.0 0.889 0.889 0.851 3 * 3 9 27
5.5 0.905 0.905 0.871 3 * 3 9 27
6.0 0.682 0.749 0.888 5 * 2 5 7 10 27
6.5 0.883 0.928 0.902 4 * 3 9 14 27
7.0 0.763 0.819 0.911 4 * 4 6 10 27
7.5 0.805 0.875 0.915 4 * 3 6 10 27
8.0 0.902 0.949 0.921 4 * 3 9 14 27
8.5 0.999 0.999 0.998 3 * 3 9 27
9.0 0.999 0.999 0.998 3 * 3 9 27
9.5 0.979 1.000 0.999 4 * 3 9 11 27
10.0 0.937 1.000 0.999 4 * 3 7 9 27
0.5 0.000 0.000 0.000 1 * 1
1.0 0.000 0.000 0.000 1 * 1
1.5 0.532 0.240 0.046 1 * 3
2.0 0.727 0.325 0.060 1 * 3
2.5 0.577 0.432 0.142 2 * 3 7
3.0 0.827 0.633 0.244 2 * 3 9
3.5 0.632 0.531 0.260 3 * 4 7 11
4.0 0.572 0.572 0.532 3 * 2 8 20
4.5 0.832 0.842 0.764 4 * 3 9 11 26
5.0 0.860 0.884 0.844 4 * 3 9 12 27
5.5 0.844 0.894 0.871 4 * 3 7 10 27
6.0 0.783 0.852 0.891 4 * 3 6 10 27
6.5 0.770 0.770 0.898 3 * 2 9 27
7.0 0.889 0.935 0.907 4 * 3 9 14 27
7.5 0.930 0.930 0.916 3 * 3 10 27
8.0 0.878 0.953 0.925 6 * 3 9 11 13 15 27
8.5 0.915 0.998 0.997 4 * 3 5 9 27
9.0 0.815 0.889 0.931 6 * 3 6 10 12 14 27
9.5 0.999 0.999 0.999 3 * 3 9 27
10.0 0.871 0.871 0.939 3 * 4 8 27
