0.5 0.008 0.008 0.014 3 * 0.002 0.009 0.014
1.0 0.028 0.028 0.019 3 * 0.045 0.020 0.019
1.5 0.040 0.040 0.034 3 * 0.028 0.059 0.034
2.0 0.214 0.214 0.067 3 * 0.419 0.156 0.067
2.5 0.405 0.342 0.156 3 * 0.448 0.422 0.156
3.0 0.584 0.532 0.266 3 * 0.714 0.617 0.266
3.5 0.716 0.716 0.517 3 * 0.846 0.786 0.517
4.0 0.809 0.809 0.720 3 * 0.866 0.841 0.720
4.5 0.859 0.859 0.808 3 * 0.890 0.878 0.808
5.0 0.886 0.886 0.845 3 * 0.910 0.902 0.845
5.5 0.905 0.905 0.873 3 * 0.923 0.917 0.873
6.0 0.920 0.920 0.889 3 * 0.937 0.934 0.889
6.5 0.925 0.925 0.901 3 * 0.935 0.939 0.901
7.0 0.930 0.930 0.906 3 * 0.939 0.945 0.906
7.5 0.946 0.946 0.919 3 * 0.962 0.959 0.919
8.0 0.913 0.913 0.925 3 * 0.967 0.847 0.925
8.5 0.916 0.916 0.929 3 * 0.972 0.847 0.929
9.0 0.958 0.958 0.931 3 * 0.971 0.970 0.931
9.5 0.961 0.961 0.935 3 * 0.975 0.974 0.935
10.0 1.000 1.000 0.999 3 * 1.000 1.000 0.999
0.5 0.009 0.009 0.014 3 * 0.003 0.011 0.014
1.0 0.016 0.016 0.019 3 * 0.010 0.019 0.019
1.5 0.062 0.062 0.032 3 * 0.113 0.039 0.032
2.0 0.194 0.194 0.069 3 * 0.377 0.135 0.069
2.5 0.402 0.360 0.166 3 * 0.499 0.415 0.166
3.0 0.540 0.496 0.278 3 * 0.582 0.628 0.278
3.5 0.754 0.754 0.566 3 * 0.888 0.808 0.566
4.0 0.817 0.817 0.711 3 * 0.884 0.855 0.711
4.5 0.853 0.853 0.809 3 * 0.878 0.874 0.809
5.0 0.882 0.882 0.846 3 * 0.901 0.898 0.846
5.5 0.898 0.898 0.866 3 * 0.916 0.911 0.866
6.0 0.921 0.921 0.893 3 * 0.934 0.935 0.893
6.5 0.925 0.925 0.898 3 * 0.939 0.937 0.898
7.0 0.936 0.936 0.911 3 * 0.947 0.950 0.911
7.5 0.951 0.951 0.920 3 * 0.970 0.964 0.920
8.0 0.857 0.857 0.925 3 * 0.806 0.842 0.925
8.5 0.954 0.954 0.927 3 * 0.970 0.964 0.927
9.0 0.915 0.915 0.928 3 * 0.972 0.846 0.928
9.5 0.999 0.999 0.999 3 * 1.000 0.999 0.999
10.0 1.000 1.000 0.999 3 * 1.000 1.000 0.999
0.5 0.009 0.008 0.014 3 * 0.002 0.007 0.014
1.0 0.026 0.026 0.018 3 * 0.038 0.022 0.018
1.5 0.044 0.044 0.036 3 * 0.044 0.051 0.036
2.0 0.192 0.167 0.066 3 * 0.302 0.134 0.066
2.5 0.456 0.394 0.164 3 * 0.585 0.432 0.164
3.0 0.533 0.482 0.261 3 * 0.575 0.611 0.261
3.5 0.719 0.719 0.506 3 * 0.858 0.793 0.506
4.0 0.817 0.817 0.714 3 * 0.883 0.853 0.714
4.5 0.853 0.853 0.808 3 * 0.879 0.872 0.808
5.0 0.876 0.876 0.842 3 * 0.894 0.892 0.842
5.5 0.895 0.895 0.866 3 * 0.910 0.911 0.866
6.0 0.921 0.921 0.892 3 * 0.940 0.932 0.892
6.5 0.929 0.929 0.899 3 * 0.946 0.942 0.899
7.0 0.936 0.936 0.909 3 * 0.949 0.950 0.909
7.5 0.904 0.904 0.916 3 * 0.964 0.833 0.916
8.0 0.953 0.953 0.923 3 * 0.972 0.965 0.923
8.5 0.999 0.999 0.998 3 * 0.999 0.999 0.998
9.0 0.913 0.913 0.928 3 * 0.967 0.843 0.928
9.5 1.000 1.000 0.999 3 * 1.000 1.000 0.999
10.0 1.000 1.000 0.999 3 * 1.000 1.000 0.999
0.5 0.010 0.010 0.014 3 * 0.005 0.010 0.014
1.0 0.022 0.022 0.020 3 * 0.024 0.022 0.020
1.5 0.076 0.076 0.034 3 * 0.141 0.054 0.034
2.0 0.183 0.181 0.069 3 * 0.329 0.146 0.069
2.5 0.405 0.353 0.167 3 * 0.468 0.425 0.167
3.0 0.578 0.543 0.272 3 * 0.728 0.628 0.272
3.5 0.685 0.685 0.464 3 * 0.826 0.764 0.464
4.0 0.805 0.805 0.720 3 * 0.859 0.836 0.720
4.5 0.853 0.853 0.801 3 * 0.888 0.871 0.801
5.0 0.879 0.879 0.844 3 * 0.899 0.896 0.844
5.5 0.899 0.899 0.872 3 * 0.913 0.913 0.872
6.0 0.913 0.913 0.885 3 * 0.925 0.928 0.885
6.5 0.933 0.933 0.901 3 * 0.953 0.945 0.901
7.0 0.935 0.935 0.910 3 * 0.945 0.949 0.910
7.5 0.946 0.946 0.917 3 * 0.964 0.958 0.917
8.0 0.952 0.952 0.922 3 * 0.968 0.965 0.922
8.5 0.960 0.960 0.930 3 * 0.977 0.974 0.930
9.0 0.999 0.999 0.998 3 * 1.000 0.999 0.998
9.5 0.958 0.958 0.933 3 * 0.970 0.972 0.933
10.0 1.000 1.000 0.999 3 * 1.000 1.000 0.999
0.5 0.010 0.010 0.014 3 * 0.004 0.011 0.014
1.0 0.018 0.018 0.019 3 * 0.016 0.019 0.019
1.5 0.038 0.038 0.033 3 * 0.037 0.045 0.033
2.0 0.156 0.156 0.066 3 * 0.292 0.108 0.066
2.5 0.434 0.370 0.158 3 * 0.542 0.410 0.158
3.0 0.571 0.570 0.302 3 * 0.755 0.653 0.302
3.5 0.725 0.725 0.527 3 * 0.855 0.794 0.527
4.0 0.817 0.817 0.724 3 * 0.878 0.850 0.724
4.5 0.858 0.858 0.810 3 * 0.888 0.876 0.810
5.0 0.881 0.881 0.848 3 * 0.898 0.896 0.848
5.5 0.901 0.901 0.871 3 * 0.916 0.915 0.871
6.0 0.919 0.919 0.889 3 * 0.932 0.934 0.889
6.5 0.923 0.923 0.896 3 * 0.936 0.937 0.896
7.0 0.929 0.929 0.905 3 * 0.939 0.942 0.905
7.5 0.939 0.939 0.917 3 * 0.949 0.952 0.917
8.0 0.947 0.947 0.921 3 * 0.960 0.960 0.921
8.5 0.999 0.999 0.998 3 * 1.000 0.999 0.998
9.0 0.999 0.999 0.999 3 * 1.000 1.000 0.999
9.5 0.999 0.999 0.999 3 * 1.000 0.999 0.999
10.0 1.000 1.000 0.999 3 * 1.000 1.000 0.999
0.5 0.011 0.011 0.015 3 * 0.007 0.012 0.015
1.0 0.025 0.025 0.021 3 * 0.025 0.030 0.021
1.5 0.087 0.087 0.037 3 * 0.162 0.061 0.037
2.0 0.126 0.126 0.063 3 * 0.188 0.128 0.063
2.5 0.417 0.367 0.165 3 * 0.504 0.433 0.165
3.0 0.538 0.482 0.253 3 * 0.585 0.609 0.253
3.5 0.703 0.703 0.475 3 * 0.857 0.777 0.475
4.0 0.816 0.816 0.725 3 * 0.876 0.846 0.725
4.5 0.872 0.872 0.816 3 * 0.911 0.889 0.816
5.0 0.881 0.881 0.844 3 * 0.902 0.896 0.844
5.5 0.895 0.895 0.863 3 * 0.912 0.911 0.863
6.0 0.921 0.921 0.891 3 * 0.939 0.933 0.891
6.5 0.928 0.928 0.903 3 * 0.940 0.942 0.903
7.0 0.936 0.936 0.912 3 * 0.946 0.949 0.912
7.5 0.944 0.944 0.914 3 * 0.961 0.956 0.914
8.0 0.998 0.998 0.996 3 * 0.999 0.998 0.996
8.5 0.999 0.999 0.998 3 * 1.000 0.999 0.998
9.0 0.865 0.865 0.932 3 * 0.814 0.848 0.932
9.5 1.000 1.000 0.999 3 * 1.000 1.000 0.999
10.0 1.000 1.000 0.999 3 * 1.000 1.000 0.999
0.5 0.010 0.010 0.014 3 * 0.003 0.012 0.014
1.0 0.019 0.019 0.019 3 * 0.020 0.018 0.019
1.5 0.040 0.040 0.034 3 * 0.025 0.061 0.034
2.0 0.114 0.114 0.062 3 * 0.164 0.117 0.062
2.5 0.377 0.324 0.168 3 * 0.418 0.385 0.168
3.0 0.568 0.523 0.254 3 * 0.708 0.607 0.254
3.5 0.720 0.720 0.524 3 * 0.864 0.772 0.524
4.0 0.816 0.816 0.726 3 * 0.873 0.848 0.726
4.5 0.859 0.859 0.813 3 * 0.887 0.879 0.813
5.0 0.880 0.880 0.848 3 * 0.897 0.896 0.848
5.5 0.898 0.898 0.870 3 * 0.910 0.913 0.870
6.0 0.912 0.912 0.884 3 * 0.927 0.926 0.884
6.5 0.926 0.926 0.898 3 * 0.941 0.939 0.898
7.0 0.931 0.931 0.907 3 * 0.941 0.944 0.907
7.5 0.945 0.945 0.916 3 * 0.962 0.957 0.916
8.0 0.952 0.952 0.922 3 * 0.968 0.964 0.922
8.5 0.999 0.999 0.998 3 * 0.999 0.999 0.998
9.0 0.999 0.999 0.999 3 * 0.999 0.999 0.999
9.5 0.999 0.999 0.999 3 * 1.000 0.999 0.999
10.0 1.000 1.000 0.999 3 * 1.000 1.000 0.999
0.5 0.012 0.012 0.015 3 * 0.006 0.013 0.015
1.0 0.013 0.013 0.019 3 * 0.004 0.018 0.019
1.5 0.045 0.045 0.035 3 * 0.046 0.053 0.035
2.0 0.216 0.215 0.070 3 * 0.426 0.149 0.070
2.5 0.444 0.393 0.162 3 * 0.587 0.430 0.162
3.0 0.580 0.523 0.252 3 * 0.703 0.614 0.252
3.5 0.691 0.691 0.478 3 * 0.825 0.770 0.478
4.0 0.813 0.813 0.727 3 * 0.869 0.843 0.727
4.5 0.856 0.856 0.810 3 * 0.884 0.875 0.810
5.0 0.891 0.891 0.851 3 * 0.918 0.904 0.851
5.5 0.901 0.901 0.867 3 * 0.923 0.913 0.867
6.0 0.915 0.915 0.889 3 * 0.928 0.929 0.889
6.5 0.886 0.886 0.898 3 * 0.937 0.822 0.898
7.0 0.936 0.936 0.911 3 * 0.947 0.949 0.911
7.5 0.943 0.943 0.917 3 * 0.956 0.956 0.917
8.0 0.907 0.907 0.920 3 * 0.965 0.837 0.920
8.5 0.955 0.955 0.928 3 * 0.969 0.969 0.928
9.0 0.860 0.860 0.927 3 * 0.806 0.846 0.927
9.5 0.999 0.999 0.999 3 * 1.000 1.000 0.999
10.0 0.999 0.999 0.999 3 * 1.000 0.999 0.999
0.5 0.009 0.009 0.014 3 * 0.005 0.008 0.014
1.0 0.018 0.018 0.018 3 * 0.015 0.021 0.018
1.5 0.058 0.058 0.031 3 * 0.086 0.057 0.031
2.0 0.149 0.148 0.073 3 * 0.235 0.136 0.073
2.5 0.360 0.306 0.158 3 * 0.394 0.365 0.158
3.0 0.559 0.526 0.251 3 * 0.707 0.619 0.251
3.5 0.722 0.722 0.522 3 * 0.854 0.789 0.522
4.0 0.817 0.817 0.728 3 * 0.878 0.844 0.728
4.5 0.859 0.859 0.805 3 * 0.894 0.877 0.805
5.0 0.880 0.880 0.846 3 * 0.898 0.897 0.846
5.5 0.866 0.866 0.871 3 * 0.928 0.798 0.871
6.0 0.920 0.920 0.889 3 * 0.938 0.935 0.889
6.5 0.926 0.926 0.901 3 * 0.938 0.939 0.901
7.0 0.937 0.937 0.909 3 * 0.955 0.948 0.909
7.5 0.942 0.942 0.917 3 * 0.952 0.957 0.917
8.0 0.912 0.912 0.925 3 * 0.967 0.844 0.925
8.5 0.999 0.999 0.998 3 * 1.000 0.999 0.998
9.0 0.999 0.999 0.999 3 * 1.000 1.000 0.999
9.5 0.999 0.999 0.999 3 * 1.000 1.000 0.999
10.0 1.000 1.000 0.999 3 * 1.000 1.000 0.999
0.5 0.009 0.009 0.014 3 * 0.004 0.010 0.014
1.0 0.022 0.022 0.020 3 * 0.021 0.023 0.020
1.5 0.046 0.046 0.034 3 * 0.058 0.047 0.034
2.0 0.214 0.214 0.069 3 * 0.421 0.151 0.069
2.5 0.412 0.376 0.164 3 * 0.624 0.339 0.164
3.0 0.572 0.540 0.274 3 * 0.720 0.625 0.274
3.5 0.723 0.723 0.496 3 * 0.874 0.799 0.496
4.0 0.813 0.813 0.694 3 * 0.896 0.849 0.694
4.5 0.854 0.854 0.806 3 * 0.883 0.874 0.806
5.0 0.886 0.886 0.849 3 * 0.908 0.901 0.849
5.5 0.895 0.895 0.869 3 * 0.907 0.911 0.869
6.0 0.920 0.920 0.888 3 * 0.941 0.930 0.888
6.5 0.925 0.925 0.900 3 * 0.939 0.936 0.900
7.0 0.945 0.945 0.917 3 * 0.962 0.957 0.917
7.5 0.945 0.945 0.915 3 * 0.961 0.958 0.915
8.0 0.950 0.950 0.924 3 * 0.963 0.963 0.924
8.5 0.951 0.951 0.927 3 * 0.960 0.966 0.927
9.0 0.999 0.999 0.998 3 * 1.000 0.999 0.998
9.5 1.000 1.000 0.999 3 * 1.000 1.000 0.999
10.0 1.000 1.000 0.999 3 * 1.000 1.000 0.999
