0.5 0.000 0.000 0.000 1 * 1
1.0 0.000 0.000 0.000 1 * 1
1.5 0.554 0.248 0.047 1 * 3
2.0 0.457 0.236 0.064 1 * 4
2.5 0.613 0.461 0.156 2 * 3 7
3.0 0.813 0.622 0.241 2 * 3 9
3.5 0.592 0.530 0.288 3 * 4 6 12
4.0 0.676 0.662 0.565 5 * 4 9 11 14 21
4.5 0.932 0.932 0.867 3 * 3 9 26
5.0 0.786 0.786 0.847 3 * 4 9 27
5.5 0.845 0.896 0.877 4 * 3 7 10 27
6.0 0.914 0.914 0.887 3 * 3 9 27
6.5 0.864 0.917 0.904 4 * 3 7 10 27
7.0 0.909 0.936 0.907 4 * 3 9 12 27
7.5 0.877 0.931 0.920 4 * 3 7 10 27
8.0 0.883 0.949 0.923 5 * 3 9 11 16 27
8.5 0.842 0.933 0.877 6 * 3 9 13 17 23 27
9.0 0.757 0.757 0.933 3 * 2 8 27
9.5 0.999 0.999 0.999 3 * 3 9 27
10.0 1.000 1.000 0.999 3 * 3 9 27
0.5 0.000 0.000 0.000 1 * 1
1.0 0.000 0.000 0.000 1 * 1
1.5 0.574 0.258 0.049 1 * 3
2.0 0.709 0.318 0.060 1 * 3
2.5 0.480 0.394 0.148 3 * 2 4 7
3.0 0.816 0.625 0.244 2 * 3 9
3.5 0.578 0.460 0.276 3 * 2 10 12
4.0 0.560 0.587 0.476 4 * 4 6 10 19
4.5 0.768 0.768 0.778 3 * 3 7 26
5.0 0.882 0.882 0.849 3 * 3 9 27
5.5 0.798 0.798 0.868 5 * 4 9 11 13 27
6.0 0.784 0.852 0.890 4 * 3 6 10 27
6.5 0.791 0.860 0.901 4 * 3 6 10 27
7.0 0.806 0.880 0.912 4 * 3 5 11 27
7.5 0.719 0.720 0.917 4 * 2 7 14 27
8.0 0.812 0.882 0.922 4 * 3 6 10 27
8.5 0.821 0.892 0.931 4 * 4 6 10 27
9.0 0.906 1.000 0.999 4 * 3 6 9 27
9.5 1.000 1.000 0.999 3 * 3 9 27
10.0 1.000 1.000 0.999 3 * 3 9 27
0.5 0.000 0.000 0.000 1 * 1
1.0 0.000 0.000 0.000 1 * 1
1.5 0.568 0.255 0.049 1 * 3
2.0 0.457 0.236 0.061 1 * 4
2.5 0.709 0.540 0.201 2 * 3 9
3.0 0.600 0.481 0.242 2 * 2 9
3.5 0.628 0.589 0.302 5 * 3 5 7 11 13
4.0 0.568 0.549 0.501 4 * 2 8 15 19
4.5 0.713 0.706 0.782 4 * 2 9 13 26
5.0 0.775 0.868 0.847 5 * 3 5 7 10 27
5.5 0.897 0.897 0.869 3 * 3 9 27
6.0 0.914 0.914 0.886 3 * 3 9 27
6.5 0.793 0.862 0.900 4 * 3 6 10 27
7.0 0.936 0.936 0.909 3 * 3 9 27
7.5 0.923 0.949 0.921 4 * 3 9 12 27
8.0 0.998 0.998 0.997 3 * 3 9 27
8.5 0.853 0.940 0.928 5 * 3 7 10 15 27
9.0 0.999 0.999 0.999 3 * 3 9 27
9.5 1.000 1.000 0.999 3 * 3 9 27
10.0 1.000 1.000 0.999 3 * 3 9 27
0.5 0.000 0.000 0.000 1 * 1
1.0 0.168 0.075 0.015 1 * 2
1.5 0.542 0.247 0.049 1 * 3
2.0 0.725 0.325 0.061 1 * 3
2.5 0.610 0.456 0.150 2 * 3 7
3.0 0.827 0.634 0.247 2 * 3 9
3.5 0.652 0.571 0.287 3 * 3 5 12
4.0 0.564 0.557 0.530 4 * 2 8 16 20
4.5 0.758 0.743 0.735 4 * 4 9 11 25
5.0 0.718 0.771 0.847 4 * 4 6 10 27
5.5 0.824 0.889 0.873 5 * 3 7 9 12 27
6.0 0.786 0.902 0.886 6 * 3 5 7 10 15 27
6.5 0.829 0.868 0.903 4 * 3 7 14 27
7.0 0.937 0.937 0.908 3 * 3 9 27
7.5 0.783 0.783 0.916 3 * 2 9 27
8.0 0.854 0.919 0.923 5 * 3 7 11 13 27
8.5 0.810 0.881 0.924 4 * 3 6 10 27
9.0 0.999 0.999 0.999 3 * 3 9 27
9.5 0.916 1.000 0.999 4 * 3 5 9 27
10.0 1.000 1.000 0.999 3 * 3 9 27
0.5 0.000 0.000 0.000 1 * 1
1.0 0.000 0.000 0.000 1 * 1
1.5 0.561 0.251 0.048 1 * 3
2.0 0.725 0.325 0.061 1 * 3
2.5 0.571 0.428 0.142 2 * 3 7
3.0 0.827 0.633 0.246 2 * 3 9
3.5 0.639 0.577 0.297 4 * 3 5 7 13
4.0 0.650 0.634 0.494 6 * 4 9 11 14 16 19
4.5 0.795 0.839 0.777 4 * 3 7 10 26
5.0 0.886 0.886 0.851 3 * 3 9 27
5.5 0.786 0.882 0.866 5 * 3 5 7 10 27
6.0 0.879 0.921 0.890 5 * 3 9 11 13 27
6.5 0.791 0.860 0.900 4 * 3 6 10 27
7.0 0.918 0.918 0.906 3 * 3 10 27
7.5 0.805 0.785 0.918 5 * 2 9 11 13 27
8.0 0.856 0.937 0.926 6 * 3 7 10 12 14 27
8.5 0.999 0.999 0.998 3 * 3 9 27
9.0 0.999 0.999 0.999 3 * 3 9 27
9.5 1.000 1.000 0.999 3 * 3 9 27
10.0 0.999 0.999 0.999 3 * 3 9 27
0.5 0.000 0.000 0.000 1 * 1
1.0 0.000 0.000 0.000 1 * 1
1.5 0.533 0.239 0.046 1 * 3
2.0 0.308 0.212 0.080 2 * 2 5
2.5 0.627 0.470 0.156 2 * 3 7
3.0 0.542 0.438 0.232 2 * 2 10
3.5 0.669 0.603 0.308 4 * 3 7 11 13
4.0 0.641 0.567 0.442 5 * 2 9 11 14 17
4.5 0.730 0.780 0.806 4 * 3 7 12 27
5.0 0.757 0.822 0.848 4 * 3 6 10 27
5.5 0.857 0.857 0.877 3 * 3 9 27
6.0 0.855 0.906 0.889 4 * 3 7 10 27
6.5 0.852 0.852 0.898 3 * 3 7 27
7.0 0.894 0.894 0.912 3 * 3 8 27
7.5 0.803 0.783 0.915 5 * 2 9 11 13 27
8.0 0.801 0.922 0.920 6 * 3 6 10 13 15 27
8.5 0.978 0.999 0.997 4 * 3 9 11 27
9.0 0.889 0.943 0.930 4 * 3 7 10 27
9.5 1.000 1.000 0.999 3 * 3 9 27
10.0 1.000 1.000 0.999 3 * 3 9 27
0.5 0.000 0.000 0.000 1 * 1
1.0 0.004 0.004 0.003 1 * 2
1.5 0.505 0.227 0.043 1 * 3
2.0 0.714 0.319 0.060 1 * 3
2.5 0.647 0.488 0.171 2 * 3 8
3.0 0.757 0.641 0.251 3 * 3 7 9
3.5 0.604 0.518 0.297 3 * 4 7 13
4.0 0.589 0.589 0.510 3 * 2 9 19
4.5 0.733 0.650 0.812 3 * 6 10 27
5.0 0.830 0.830 0.844 3 * 3 9 27
5.5 0.818 0.862 0.871 4 * 3 7 12 27
6.0 0.867 0.924 0.889 5 * 3 9 12 14 27
6.5 0.929 0.929 0.900 3 * 3 9 27
7.0 0.720 0.727 0.910 5 * 2 7 12 14 27
7.5 0.930 0.930 0.917 3 * 3 10 27
8.0 0.904 0.950 0.925 4 * 3 9 14 27
8.5 0.999 0.999 0.998 3 * 3 9 27
9.0 0.999 0.999 0.999 3 * 3 9 27
9.5 1.000 1.000 0.999 3 * 3 9 27
10.0 1.000 1.000 0.999 3 * 3 9 27
0.5 0.000 0.000 0.000 1 * 1
1.0 0.000 0.000 0.000 1 * 1
1.5 0.553 0.249 0.047 1 * 3
2.0 0.467 0.245 0.067 1 * 4
2.5 0.582 0.437 0.149 2 * 3 7
3.0 0.816 0.625 0.245 2 * 3 9
3.5 0.648 0.568 0.284 3 * 3 5 12
4.0 0.568 0.556 0.479 3 * 2 8 18
4.5 0.771 0.830 0.744 5 * 3 7 10 14 25
5.0 0.732 0.732 0.846 3 * 2 9 27
5.5 0.912 0.912 0.903 3 * 3 9 28
6.0 0.918 0.918 0.885 3 * 3 9 27
6.5 0.887 0.930 0.901 5 * 3 9 11 13 27
7.0 0.925 0.925 0.913 3 * 3 10 27
7.5 0.808 0.877 0.918 4 * 3 6 10 27
8.0 0.936 0.936 0.923 3 * 3 10 27
8.5 0.999 0.999 0.998 3 * 3 9 27
9.0 0.999 0.999 0.999 3 * 3 9 27
9.5 1.000 1.000 0.999 3 * 3 9 27
10.0 0.917 1.000 1.000 4 * 3 5 9 27
0.5 0.000 0.000 0.000 1 * 1
1.0 0.000 0.000 0.000 1 * 1
1.5 0.548 0.247 0.047 1 * 3
2.0 0.430 0.240 0.071 1 * 4
2.5 0.540 0.401 0.122 2 * 3 6
3.0 0.825 0.632 0.247 2 * 3 9
3.5 0.615 0.530 0.312 3 * 4 7 13
4.0 0.510 0.510 0.510 3 * 5 16 19
4.5 0.751 0.802 0.776 4 * 3 5 13 26
5.0 0.799 0.871 0.841 6 * 3 7 10 12 14 27
5.5 0.790 0.811 0.872 4 * 4 8 13 27
6.0 0.853 0.905 0.888 4 * 3 7 10 27
6.5 0.831 0.912 0.900 4 * 3 6 10 27
7.0 0.920 0.920 0.911 3 * 3 10 27
7.5 0.858 0.927 0.915 5 * 3 7 9 12 27
8.0 0.731 0.735 0.922 4 * 2 7 12 27
8.5 0.753 0.753 0.930 3 * 2 11 27
9.0 0.883 0.999 0.998 5 * 3 5 7 9 27
9.5 1.000 1.000 0.999 3 * 3 9 27
10.0 0.979 0.999 0.999 4 * 3 9 11 27
0.5 0.000 0.000 0.000 1 * 1
1.0 0.000 0.000 0.000 1 * 1
1.5 0.531 0.238 0.046 1 * 3
2.0 0.708 0.317 0.060 1 * 3
2.5 0.463 0.366 0.173 2 * 2 8
3.0 0.823 0.631 0.247 2 * 3 9
3.5 0.656 0.566 0.289 3 * 3 7 12
4.0 0.599 0.571 0.467 3 * 2 9 18
4.5 0.776 0.776 0.767 3 * 3 7 26
5.0 0.758 0.823 0.851 4 * 3 6 10 27
5.5 0.894 0.894 0.872 3 * 3 10 27
6.0 0.826 0.830 0.887 4 * 4 8 11 27
6.5 0.924 0.924 0.899 3 * 3 9 27
7.0 0.931 0.931 0.907 3 * 3 9 27
7.5 0.772 0.772 0.916 3 * 2 10 27
8.0 0.998 0.998 0.996 3 * 3 9 27
8.5 0.778 0.778 0.927 3 * 2 9 27
9.0 0.806 0.873 0.930 4 * 3 6 10 27
9.5 0.999 0.999 0.999 3 * 3 9 27
10.0 1.000 1.000 1.000 3 * 3 9 27
0.5 0.000 0.000 0.000 1 * 1
1.0 0.000 0.000 0.000 1 * 1
1.5 0.547 0.246 0.048 1 * 3
2.0 0.717 0.321 0.059 1 * 3
2.5 0.518 0.384 0.117 2 * 3 6
3.0 0.823 0.630 0.244 2 * 3 9
3.5 0.677 0.578 0.264 3 * 3 7 11
4.0 0.599 0.599 0.541 3 * 2 9 20
4.5 0.671 0.671 0.804 3 * 2 8 27
5.0 0.757 0.822 0.846 4 * 3 6 10 27
5.5 0.856 0.900 0.870 4 * 3 9 14 27
6.0 0.915 0.915 0.893 3 * 3 9 27
6.5 0.798 0.866 0.901 4 * 3 6 10 27
7.0 0.785 0.769 0.915 4 * 2 9 11 27
7.5 0.878 0.932 0.917 4 * 3 7 10 27
8.0 0.804 0.857 0.924 5 * 4 8 13 15 27
8.5 0.999 0.999 0.999 3 * 3 9 27
9.0 0.999 0.999 0.998 3 * 3 9 27
9.5 0.895 0.986 0.999 6 * 3 7 10 12 14 27
10.0 0.828 0.885 0.938 4 * 3 5 7 27
0.5 0.000 0.000 0.000 1 * 1
1.0 0.000 0.000 0.000 1 * 1
1.5 0.538 0.244 0.047 1 * 3
2.0 0.714 0.321 0.061 1 * 3
2.5 0.607 0.453 0.146 2 * 3 7
3.0 0.822 0.631 0.247 2 * 3 9
3.5 0.647 0.568 0.288 3 * 3 5 13
4.0 0.688 0.723 0.536 6 * 3 7 10 12 15 20
4.5 0.908 0.919 0.830 4 * 3 9 11 25
5.0 0.891 0.891 0.852 3 * 3 9 27
5.5 0.774 0.840 0.872 4 * 3 6 10 27
6.0 0.855 0.906 0.889 4 * 3 7 10 27
6.5 0.914 0.914 0.903 3 * 3 10 27
7.0 0.923 0.923 0.911 3 * 3 10 27
7.5 0.899 0.946 0.919 4 * 3 9 14 27
8.0 0.934 0.934 0.921 3 * 3 10 27
8.5 0.978 0.999 0.998 4 * 3 9 11 27
9.0 0.870 0.959 0.934 6 * 3 9 11 13 17 27
9.5 0.999 0.999 0.999 3 * 3 9 27
10.0 1.000 1.000 1.000 3 * 3 9 27
0.5 0.000 0.000 0.000 1 * 1
1.0 0.000 0.000 0.000 1 * 1
1.5 0.539 0.241 0.045 1 * 3
2.0 0.390 0.243 0.067 2 * 2 4
2.5 0.455 0.359 0.168 2 * 2 8
3.0 0.827 0.633 0.245 2 * 3 9
3.5 0.535 0.462 0.336 3 * 2 8 14
4.0 0.630 0.630 0.498 3 * 4 9 19
4.5 0.816 0.848 0.774 5 * 3 9 11 13 26
5.0 0.751 0.817 0.846 4 * 3 6 10 27
5.5 0.712 0.712 0.871 3 * 2 8 27
6.0 0.893 0.919 0.889 4 * 3 9 12 27
6.5 0.920 0.920 0.905 3 * 3 10 27
7.0 0.869 0.922 0.911 4 * 3 7 10 27
7.5 0.836 0.850 0.920 4 * 4 8 12 27
8.0 0.921 0.948 0.919 4 * 3 9 12 27
8.5 0.829 0.898 0.880 5 * 3 7 11 14 27
9.0 0.823 0.894 0.930 4 * 4 6 10 27
9.5 1.000 1.000 0.999 3 * 3 9 27
10.0 1.000 1.000 0.999 3 * 3 9 27
0.5 0.000 0.000 0.000 1 * 1
1.0 0.000 0.000 0.000 1 * 1
1.5 0.530 0.238 0.045 1 * 3
2.0 0.726 0.325 0.060 1 * 3
2.5 0.627 0.470 0.156 2 * 3 7
3.0 0.822 0.631 0.250 2 * 3 9
3.5 0.514 0.441 0.294 2 * 2 13
4.0 0.625 0.622 0.492 3 * 4 9 19
4.5 0.703 0.703 0.813 3 * 2 10 27
5.0 0.816 0.866 0.844 4 * 3 7 10 27
5.5 0.748 0.748 0.871 3 * 2 9 27
6.0 0.916 0.916 0.888 3 * 3 9 27
6.5 0.766 0.828 0.898 4 * 4 6 12 27
7.0 0.853 0.939 0.911 6 * 3 9 11 14 16 27
7.5 0.808 0.788 0.919 5 * 2 9 11 13 27
8.0 0.904 0.946 0.919 5 * 3 9 11 13 27
8.5 0.818 0.888 0.926 4 * 4 6 10 27
9.0 0.868 0.916 0.931 4 * 3 7 12 27
9.5 0.999 0.999 0.999 3 * 3 9 27
10.0 1.000 1.000 0.999 3 * 3 9 27
0.5 0.000 0.000 0.000 1 * 1
1.0 0.000 0.000 0.000 1 * 1
1.5 0.562 0.254 0.049 1 * 3
2.0 0.717 0.319 0.058 1 * 3
2.5 0.607 0.456 0.153 2 * 3 7
3.0 0.822 0.629 0.244 2 * 3 9
3.5 0.638 0.574 0.263 4 * 3 5 7 11
4.0 0.731 0.626 0.561 2 * 3 21
4.5 0.728 0.703 0.778 4 * 2 9 11 26
5.0 0.753 0.818 0.845 4 * 3 6 10 27
5.5 0.742 0.836 0.870 4 * 3 5 10 27
6.0 0.913 0.913 0.886 3 * 3 9 27
6.5 0.830 0.873 0.901 4 * 3 7 13 27
7.0 0.871 0.924 0.914 4 * 3 7 10 27
7.5 0.768 0.858 0.870 6 * 3 6 10 17 23 27
8.0 0.853 0.897 0.922 4 * 3 7 12 27
8.5 0.799 0.795 0.925 5 * 2 9 11 15 27
9.0 0.999 0.999 0.998 3 * 3 9 27
9.5 1.000 1.000 0.999 3 * 3 9 27
10.0 1.000 1.000 0.999 3 * 3 9 27
0.5 0.000 0.000 0.000 1 * 1
1.0 0.000 0.000 0.000 1 * 1
1.5 0.546 0.245 0.046 1 * 3
2.0 0.710 0.317 0.058 1 * 3
2.5 0.564 0.417 0.122 2 * 3 6
3.0 0.824 0.632 0.247 2 * 3 9
3.5 0.543 0.444 0.247 2 * 2 11
4.0 0.555 0.552 0.507 4 * 2 8 16 19
4.5 0.768 0.825 0.781 4 * 3 5 11 26
5.0 0.737 0.721 0.847 4 * 2 10 12 27
5.5 0.893 0.908 0.873 4 * 3 9 11 27
6.0 0.916 0.916 0.884 3 * 3 9 27
6.5 0.929 0.929 0.899 3 * 3 9 27
7.0 0.890 0.936 0.910 4 * 3 9 14 27
7.5 0.932 0.932 0.917 3 * 3 10 27
8.0 0.869 0.939 0.927 5 * 3 7 9 12 27
8.5 0.999 0.999 0.997 3 * 3 9 27
9.0 0.999 0.999 0.999 3 * 3 9 27
9.5 0.999 0.999 0.999 3 * 3 9 27
10.0 1.000 1.000 0.999 3 * 3 9 27
0.5 0.000 0.000 0.000 1 * 1
1.0 0.000 0.000 0.000 1 * 1
1.5 0.546 0.246 0.046 1 * 3
2.0 0.716 0.320 0.059 1 * 3
2.5 0.564 0.422 0.137 2 * 3 7
3.0 0.820 0.629 0.246 2 * 3 9
3.5 0.649 0.570 0.285 3 * 3 5 12
4.0 0.646 0.609 0.483 4 * 3 8 11 18
4.5 0.840 0.849 0.772 4 * 3 9 11 26
5.0 0.885 0.885 0.847 3 * 3 9 27
5.5 0.816 0.861 0.871 4 * 3 7 12 27
6.0 0.771 0.849 0.891 5 * 3 5 7 13 27
6.5 0.835 0.898 0.901 5 * 3 7 11 13 27
7.0 0.844 0.906 0.908 5 * 3 10 12 14 27
7.5 0.881 0.934 0.919 4 * 3 7 10 27
8.0 0.926 0.952 0.925 4 * 3 9 12 27
8.5 0.999 0.999 0.998 3 * 3 9 27
9.0 0.910 0.958 0.932 4 * 3 9 14 27
9.5 0.999 0.999 0.999 3 * 3 9 27
10.0 1.000 1.000 1.000 3 * 3 9 27
0.5 0.000 0.000 0.000 1 * 1
1.0 0.132 0.060 0.013 1 * 2
1.5 0.532 0.238 0.046 1 * 3
2.0 0.715 0.320 0.060 1 * 3
2.5 0.609 0.456 0.150 2 * 3 7
3.0 0.824 0.631 0.244 2 * 3 9
3.5 0.583 0.465 0.282 3 * 2 10 12
4.0 0.616 0.570 0.498 6 * 2 8 11 13 16 19
4.5 0.793 0.836 0.776 4 * 3 7 10 26
5.0 0.753 0.668 0.844 3 * 6 10 27
5.5 0.765 0.832 0.867 4 * 3 6 10 27
6.0 0.910 0.910 0.893 3 * 3 10 27
6.5 0.793 0.882 0.898 5 * 3 5 7 12 27
7.0 0.907 0.934 0.906 4 * 3 9 12 27
7.5 0.833 0.833 0.916 3 * 3 7 27
8.0 0.863 0.933 0.922 5 * 3 7 9 12 27
8.5 0.999 0.999 0.998 3 * 3 9 27
9.0 0.968 0.999 0.999 4 * 3 9 12 27
9.5 0.999 0.999 0.999 3 * 3 9 27
10.0 1.000 1.000 0.999 3 * 3 9 27
0.5 0.000 0.000 0.000 1 * 1
1.0 0.000 0.000 0.000 1 * 1
1.5 0.527 0.237 0.045 1 * 3
2.0 0.383 0.237 0.064 2 * 2 4
2.5 0.427 0.335 0.150 2 * 2 7
3.0 0.539 0.436 0.228 2 * 2 10
3.5 0.685 0.582 0.254 3 * 3 7 11
4.0 0.573 0.585 0.507 5 * 4 6 9 15 19
4.5 0.837 0.850 0.783 4 * 3 9 11 26
5.0 0.879 0.879 0.854 3 * 3 10 27
5.5 0.839 0.890 0.872 4 * 3 7 10 27
6.0 0.763 0.763 0.890 3 * 2 9 27
6.5 0.863 0.915 0.901 4 * 3 7 10 27
7.0 0.868 0.921 0.911 4 * 3 7 10 27
7.5 0.776 0.770 0.916 4 * 2 9 12 27
8.0 0.866 0.936 0.923 5 * 3 7 9 12 27
8.5 0.849 0.929 0.928 7 * 3 8 10 12 16 24 27
9.0 0.968 0.999 0.998 4 * 3 9 12 27
9.5 0.883 0.999 0.999 5 * 3 5 7 9 27
10.0 1.000 1.000 1.000 3 * 3 9 27
0.5 0.000 0.000 0.000 1 * 1
1.0 0.000 0.000 0.000 1 * 1
1.5 0.527 0.238 0.046 1 * 3
2.0 0.392 0.238 0.058 2 * 2 4
2.5 0.609 0.457 0.152 2 * 3 7
3.0 0.821 0.629 0.247 2 * 3 9
3.5 0.582 0.464 0.276 3 * 2 10 12
4.0 0.581 0.592 0.484 5 * 4 6 11 15 18
4.5 0.841 0.853 0.781 4 * 3 9 11 26
5.0 0.872 0.887 0.849 4 * 3 9 11 27
5.5 0.808 0.887 0.868 4 * 3 6 10 27
6.0 0.917 0.917 0.889 3 * 3 9 27
6.5 0.918 0.918 0.901 3 * 3 10 27
7.0 0.889 0.936 0.910 4 * 3 9 14 27
7.5 0.932 0.932 0.918 3 * 3 10 27
8.0 0.903 0.950 0.922 4 * 3 9 14 27
8.5 0.870 0.940 0.929 5 * 3 7 9 12 27
9.0 0.861 0.905 0.932 4 * 3 7 12 27
9.5 0.999 0.999 0.999 3 * 3 9 27
10.0 1.000 1.000 0.999 3 * 3 9 27
0.5 0.000 0.000 0.000 1 * 1
1.0 0.000 0.000 0.000 1 * 1
1.5 0.542 0.243 0.046 1 * 3
2.0 0.716 0.320 0.060 1 * 3
2.5 0.554 0.452 0.150 3 * 3 5 7
3.0 0.811 0.623 0.247 2 * 3 9
3.5 0.651 0.572 0.287 3 * 3 5 12
4.0 0.577 0.552 0.506 4 * 2 8 14 19
4.5 0.834 0.844 0.769 4 * 3 9 11 26
5.0 0.721 0.774 0.848 4 * 4 6 10 27
5.5 0.780 0.848 0.878 5 * 3 6 10 13 27
6.0 0.923 0.923 0.890 3 * 3 9 27
6.5 0.894 0.894 0.903 3 * 3 8 27
7.0 0.862 0.938 0.908 5 * 3 9 11 18 27
7.5 0.844 0.888 0.911 4 * 3 7 12 27
8.0 0.758 0.758 0.922 3 * 2 10 27
8.5 0.999 0.999 0.998 3 * 3 9 27
9.0 0.999 0.999 0.998 3 * 3 9 27
9.5 1.000 1.000 0.999 3 * 3 9 27
10.0 1.000 1.000 0.999 3 * 3 9 27
0.5 0.000 0.000 0.000 1 * 1
1.0 0.000 0.000 0.000 1 * 1
1.5 0.546 0.246 0.049 1 * 3
2.0 0.449 0.234 0.064 1 * 4
2.5 0.418 0.328 0.147 2 * 2 7
3.0 0.823 0.632 0.250 2 * 3 9
3.5 0.533 0.445 0.267 2 * 2 12
4.0 0.668 0.628 0.439 3 * 3 7 17
4.5 0.845 0.855 0.779 4 * 3 9 11 26
5.0 0.733 0.733 0.845 3 * 2 9 27
5.5 0.769 0.836 0.870 4 * 3 6 10 27
6.0 0.851 0.913 0.888 5 * 3 9 11 16 27
6.5 0.928 0.928 0.900 3 * 3 9 27
7.0 0.848 0.848 0.907 3 * 4 8 27
7.5 0.851 0.898 0.915 4 * 3 7 12 27
8.0 0.860 0.956 0.927 6 * 3 9 12 14 16 27
8.5 0.763 0.763 0.930 3 * 2 10 27
9.0 0.999 0.999 0.998 3 * 3 9 27
9.5 0.999 0.999 0.999 3 * 3 9 27
10.0 1.000 1.000 0.999 3 * 3 9 27
0.5 0.000 0.000 0.000 1 * 1
1.0 0.000 0.000 0.000 1 * 1
1.5 0.536 0.240 0.046 1 * 3
2.0 0.439 0.239 0.069 1 * 4
2.5 0.542 0.454 0.149 3 * 3 5 7
3.0 0.825 0.633 0.247 2 * 3 9
3.5 0.580 0.461 0.277 3 * 2 10 12
4.0 0.642 0.631 0.501 4 * 4 9 13 19
4.5 0.827 0.856 0.776 4 * 3 9 13 26
5.0 0.780 0.780 0.841 3 * 4 9 27
5.5 0.907 0.907 0.874 3 * 3 9 27
6.0 0.917 0.917 0.888 3 * 3 9 27
6.5 0.793 0.862 0.899 4 * 3 6 10 27
7.0 0.926 0.926 0.911 3 * 3 10 27
7.5 0.839 0.853 0.917 4 * 4 8 12 27
8.0 0.998 0.998 0.997 3 * 3 9 27
8.5 0.848 0.889 0.931 4 * 3 7 13 27
9.0 0.999 0.999 0.999 3 * 3 9 27
9.5 0.999 0.999 0.999 3 * 3 9 27
10.0 1.000 1.000 1.000 3 * 3 9 27
0.5 0.000 0.000 0.000 1 * 1
1.0 0.000 0.000 0.000 1 * 1
1.5 0.554 0.247 0.046 1 * 3
2.0 0.716 0.320 0.059 1 * 3
2.5 0.535 0.448 0.145 3 * 3 5 7
3.0 0.535 0.433 0.230 2 * 2 10
3.5 0.708 0.589 0.273 3 * 3 10 12
4.0 0.637 0.632 0.498 4 * 4 9 14 19
4.5 0.649 0.670 0.739 5 * 2 6 11 14 25
5.0 0.732 0.732 0.848 3 * 2 9 27
5.5 0.902 0.902 0.869 3 * 3 9 27
6.0 0.768 0.765 0.893 4 * 2 9 13 27
6.5 0.795 0.864 0.902 4 * 3 6 10 27
7.0 0.840 0.904 0.906 5 * 3 7 11 13 27
7.5 0.831 0.845 0.911 4 * 4 8 12 27
8.0 0.807 0.877 0.919 4 * 3 6 10 27
8.5 0.998 0.998 0.997 3 * 3 9 27
9.0 0.968 0.999 0.999 4 * 3 9 12 27
9.5 0.999 0.999 0.999 3 * 3 9 27
10.0 0.999 0.999 0.999 3 * 3 9 27
0.5 0.000 0.000 0.000 1 * 1
1.0 0.000 0.000 0.000 1 * 1
1.5 0.530 0.239 0.047 1 * 3
2.0 0.723 0.324 0.061 1 * 3
2.5 0.471 0.389 0.144 3 * 2 4 7
3.0 0.817 0.626 0.243 2 * 3 9
3.5 0.544 0.444 0.243 2 * 2 11
4.0 0.653 0.623 0.463 3 * 4 9 18
4.5 0.756 0.744 0.765 4 * 4 9 11 26
5.0 0.857 0.881 0.849 4 * 3 9 12 27
5.5 0.731 0.785 0.869 4 * 4 6 9 27
6.0 0.922 0.922 0.894 3 * 3 9 27
6.5 0.794 0.863 0.902 4 * 3 6 10 27
7.0 0.828 0.841 0.910 4 * 4 8 12 27
7.5 0.914 0.941 0.914 4 * 3 9 12 27
8.0 0.784 0.883 0.924 4 * 3 5 9 27
8.5 0.999 0.999 0.997 3 * 3 9 27
9.0 0.999 0.999 0.999 3 * 3 9 27
9.5 0.999 0.999 0.999 3 * 3 9 27
10.0 1.000 1.000 0.999 3 * 3 9 27
0.5 0.000 0.000 0.000 1 * 1
1.0 0.000 0.000 0.000 1 * 1
1.5 0.561 0.252 0.047 1 * 3
2.0 0.712 0.319 0.059 1 * 3
2.5 0.391 0.305 0.134 2 * 2 7
3.0 0.811 0.622 0.243 2 * 3 9
3.5 0.710 0.569 0.288 2 * 3 13
4.0 0.672 0.640 0.494 4 * 4 9 11 19
4.5 0.791 0.833 0.738 5 * 3 9 12 14 25
5.0 0.720 0.774 0.847 4 * 4 6 10 27
5.5 0.839 0.890 0.874 4 * 3 7 10 27
6.0 0.813 0.912 0.894 5 * 3 5 7 10 27
6.5 0.837 0.879 0.903 4 * 3 7 13 27
7.0 0.768 0.768 0.913 3 * 2 9 27
7.5 0.887 0.946 0.918 5 * 3 9 12 14 27
8.0 0.998 0.998 0.997 3 * 3 9 27
8.5 0.904 0.951 0.925 4 * 3 9 14 27
9.0 0.999 0.999 0.998 3 * 3 9 27
9.5 0.979 0.999 0.999 4 * 3 9 11 27
10.0 1.000 1.000 0.999 3 * 3 9 27
0.5 0.000 0.000 0.000 1 * 1
1.0 0.106 0.050 0.011 1 * 2
1.5 0.554 0.250 0.049 1 * 3
2.0 0.725 0.322 0.059 1 * 3
2.5 0.418 0.328 0.149 2 * 2 7
3.0 0.831 0.637 0.249 2 * 3 9
3.5 0.595 0.476 0.284 3 * 2 10 12
4.0 0.658 0.657 0.503 3 * 3 7 19
4.5 0.717 0.763 0.733 5 * 3 6 10 12 25
5.0 0.863 0.863 0.843 3 * 3 9 27
5.5 0.751 0.751 0.870 3 * 2 9 27
6.0 0.850 0.902 0.889 4 * 3 7 10 27
6.5 0.900 0.926 0.901 4 * 3 9 12 27
7.0 0.740 0.740 0.910 3 * 2 8 27
7.5 0.997 0.997 0.995 3 * 3 9 27
8.0 0.736 0.632 0.924 3 * 9 16 27
8.5 0.936 0.936 0.926 3 * 3 10 27
9.0 0.912 0.959 0.932 4 * 3 9 14 27
9.5 0.999 0.999 0.999 3 * 3 9 27
10.0 1.000 1.000 1.000 3 * 3 9 27
0.5 0.000 0.000 0.000 1 * 1
1.0 0.114 0.053 0.012 1 * 2
1.5 0.526 0.238 0.047 1 * 3
2.0 0.388 0.235 0.061 2 * 2 4
2.5 0.481 0.379 0.173 2 * 5 8
3.0 0.823 0.630 0.244 2 * 3 9
3.5 0.646 0.571 0.304 3 * 3 5 13
4.0 0.518 0.518 0.529 3 * 2 7 20
4.5 0.765 0.750 0.780 4 * 4 9 11 26
5.0 0.737 0.737 0.849 3 * 2 9 27
5.5 0.771 0.838 0.871 4 * 3 6 10 27
6.0 0.875 0.875 0.889 3 * 3 8 27
6.5 0.880 0.925 0.898 4 * 3 9 14 27
7.0 0.875 0.928 0.911 4 * 3 7 10 27
7.5 0.837 0.877 0.917 4 * 3 7 13 27
8.0 0.813 0.843 0.922 4 * 4 9 14 27
8.5 0.722 0.733 0.876 4 * 5 7 15 27
9.0 0.999 0.999 0.998 3 * 3 9 27
9.5 0.857 0.944 0.933 5 * 3 7 10 15 27
10.0 1.000 1.000 1.000 3 * 3 9 27
0.5 0.000 0.000 0.000 1 * 1
1.0 0.107 0.050 0.011 1 * 2
1.5 0.538 0.241 0.045 1 * 3
2.0 0.718 0.321 0.060 1 * 3
2.5 0.649 0.491 0.174 2 * 3 8
3.0 0.803 0.615 0.240 2 * 3 9
3.5 0.628 0.588 0.303 5 * 3 5 7 11 13
4.0 0.710 0.689 0.501 4 * 3 9 11 19
4.5 0.741 0.745 0.777 4 * 4 9 13 26
5.0 0.851 0.851 0.848 3 * 3 8 27
5.5 0.879 0.904 0.875 4 * 3 9 12 27
6.0 0.875 0.920 0.891 4 * 3 9 14 27
6.5 0.752 0.807 0.900 4 * 4 6 10 27
7.0 0.842 0.889 0.906 4 * 3 7 11 27
7.5 0.920 0.946 0.918 4 * 3 9 12 27
8.0 0.869 0.937 0.922 5 * 3 7 9 12 27
8.5 0.889 0.943 0.930 4 * 3 7 10 27
9.0 0.999 0.999 0.999 3 * 3 9 27
9.5 0.999 0.999 0.999 3 * 3 9 27
10.0 0.883 1.000 0.999 5 * 3 5 7 9 27
0.5 0.000 0.000 0.000 1 * 1
1.0 0.000 0.000 0.000 1 * 1
1.5 0.545 0.247 0.048 1 * 3
2.0 0.712 0.318 0.059 1 * 3
2.5 0.586 0.438 0.144 2 * 3 7
3.0 0.817 0.625 0.243 2 * 3 9
3.5 0.592 0.473 0.283 3 * 2 10 12
4.0 0.644 0.621 0.468 3 * 4 9 18
4.5 0.694 0.776 0.773 4 * 3 5 11 26
5.0 0.887 0.887 0.849 3 * 3 9 27
5.5 0.903 0.903 0.869 3 * 3 9 27
6.0 0.869 0.913 0.886 4 * 3 9 14 27
6.5 0.882 0.927 0.898 4 * 3 9 14 27
7.0 0.844 0.844 0.909 3 * 4 8 27
7.5 0.877 0.930 0.916 4 * 3 7 10 27
8.0 0.767 0.826 0.922 5 * 4 6 10 14 27
8.5 0.916 0.999 0.998 4 * 3 5 9 27
9.0 0.999 0.999 0.999 3 * 3 9 27
9.5 0.916 0.999 0.999 4 * 3 5 9 27
10.0 1.000 1.000 0.999 3 * 3 9 27
0.5 0.000 0.000 0.000 1 * 1
1.0 0.094 0.045 0.010 1 * 2
1.5 0.551 0.248 0.047 1 * 3
2.0 0.374 0.229 0.061 2 * 2 4
2.5 0.638 0.481 0.167 2 * 3 8
3.0 0.819 0.628 0.245 2 * 3 9
3.5 0.664 0.596 0.297 4 * 3 7 11 13
4.0 0.711 0.624 0.448 2 * 3 18
4.5 0.853 0.853 0.775 3 * 3 9 26
5.0 0.725 0.777 0.848 4 * 4 6 10 27
5.5 0.754 0.754 0.876 3 * 2 9 27
6.0 0.787 0.855 0.891 4 * 3 6 10 27
6.5 0.900 0.925 0.898 4 * 3 9 12 27
7.0 0.926 0.926 0.911 3 * 3 10 27
7.5 0.881 0.949 0.918 5 * 3 9 11 16 27
8.0 0.862 0.869 0.924 4 * 4 8 10 27
8.5 0.887 0.940 0.928 4 * 3 7 10 27
9.0 0.999 0.999 0.999 3 * 3 9 27
9.5 0.999 0.999 0.999 3 * 3 9 27
10.0 0.864 0.944 0.999 4 * 4 6 9 27
0.5 0.000 0.000 0.000 1 * 1
1.0 0.000 0.000 0.000 1 * 1
1.5 0.557 0.252 0.049 1 * 3
2.0 0.382 0.233 0.063 2 * 2 4
2.5 0.556 0.412 0.125 2 * 3 6
3.0 0.815 0.624 0.241 2 * 3 9
3.5 0.528 0.437 0.286 3 * 2 7 12
4.0 0.635 0.591 0.499 4 * 2 9 11 19
4.5 0.773 0.567 0.777 2 * 8 26
5.0 0.745 0.817 0.842 5 * 3 6 10 14 27
5.5 0.738 0.738 0.869 3 * 2 10 27
6.0 0.922 0.922 0.890 3 * 3 9 27
6.5 0.752 0.808 0.899 4 * 4 6 10 27
7.0 0.922 0.922 0.906 3 * 3 10 27
7.5 0.928 0.928 0.914 3 * 3 10 27
8.0 0.857 0.935 0.924 5 * 3 7 10 14 27
8.5 0.926 0.953 0.926 4 * 3 9 12 27
9.0 0.879 0.942 0.931 5 * 3 7 10 12 27
9.5 0.916 0.999 0.999 4 * 3 5 9 27
10.0 0.979 1.000 0.999 4 * 3 9 11 27
0.5 0.000 0.000 0.000 1 * 1
1.0 0.000 0.000 0.000 1 * 1
1.5 0.543 0.243 0.046 1 * 3
2.0 0.717 0.320 0.059 1 * 3
2.5 0.539 0.465 0.156 3 * 3 5 7
3.0 0.817 0.627 0.247 2 * 3 9
3.5 0.662 0.580 0.293 3 * 3 5 13
4.0 0.670 0.650 0.551 5 * 4 9 11 14 21
4.5 0.790 0.833 0.808 4 * 3 7 11 27
5.0 0.770 0.787 0.852 4 * 4 9 14 27
5.5 0.876 0.900 0.871 4 * 3 9 12 27
6.0 0.848 0.899 0.886 4 * 3 7 10 27
6.5 0.890 0.890 0.898 3 * 3 8 27
7.0 0.686 0.698 0.910 5 * 2 7 14 16 27
7.5 0.944 0.944 0.919 3 * 3 9 27
8.0 0.883 0.936 0.923 4 * 3 7 10 27
8.5 0.925 0.952 0.929 4 * 3 9 12 27
9.0 0.890 0.943 0.930 4 * 3 7 9 27
9.5 0.883 1.000 0.999 5 * 3 5 7 9 27
10.0 1.000 1.000 0.999 3 * 3 9 27
0.5 0.000 0.000 0.000 1 * 1
1.0 0.151 0.069 0.015 1 * 2
1.5 0.312 0.159 0.043 1 * 4
2.0 0.453 0.232 0.060 1 * 4
2.5 0.581 0.435 0.143 2 * 3 7
3.0 0.824 0.632 0.249 2 * 3 9
3.5 0.567 0.446 0.282 3 * 2 8 12
4.0 0.589 0.572 0.463 3 * 2 9 18
4.5 0.827 0.863 0.811 5 * 3 9 11 13 27
5.0 0.763 0.827 0.853 4 * 3 6 10 27
5.5 0.749 0.749 0.868 3 * 2 9 27
6.0 0.920 0.920 0.888 3 * 3 9 27
6.5 0.762 0.864 0.902 5 * 3 5 10 14 27
7.0 0.724 0.728 0.913 4 * 2 7 12 27
7.5 0.772 0.881 0.916 7 * 4 6 10 13 15 17 27
8.0 0.856 0.920 0.923 5 * 3 7 11 13 27
8.5 0.999 0.999 0.998 3 * 3 9 27
9.0 0.916 0.999 0.999 4 * 3 5 9 27
9.5 1.000 1.000 0.999 3 * 3 9 27
10.0 1.000 1.000 0.999 3 * 3 9 27
0.5 0.000 0.000 0.000 1 * 1
1.0 0.000 0.000 0.000 1 * 1
1.5 0.536 0.241 0.047 1 * 3
2.0 0.721 0.321 0.059 1 * 3
2.5 0.601 0.450 0.149 2 * 3 7
3.0 0.555 0.449 0.238 2 * 2 10
3.5 0.583 0.488 0.298 2 * 5 13
4.0 0.731 0.716 0.471 3 * 3 9 18
4.5 0.749 0.749 0.781 3 * 4 9 26
5.0 0.720 0.773 0.850 4 * 4 6 10 27
5.5 0.849 0.849 0.870 3 * 3 9 27
6.0 0.917 0.917 0.892 3 * 3 9 27
6.5 0.907 0.907 0.896 3 * 3 10 27
7.0 0.794 0.874 0.913 5 * 3 6 10 14 27
7.5 0.727 0.734 0.920 5 * 2 7 12 14 27
8.0 0.998 0.998 0.997 3 * 3 9 27
8.5 0.834 0.834 0.929 3 * 4 9 27
9.0 0.906 0.999 0.998 4 * 3 6 9 27
9.5 0.999 0.999 0.999 3 * 3 9 27
10.0 1.000 1.000 0.999 3 * 3 9 27
0.5 0.000 0.000 0.000 1 * 1
1.0 0.000 0.000 0.000 1 * 1
1.5 0.529 0.238 0.045 1 * 3
2.0 0.718 0.320 0.059 1 * 3
2.5 0.590 0.441 0.145 2 * 3 7
3.0 0.816 0.624 0.242 2 * 3 9
3.5 0.518 0.432 0.260 2 * 2 12
4.0 0.789 0.801 0.536 5 * 3 9 11 14 18
4.5 0.803 0.811 0.740 4 * 3 8 12 25
5.0 0.848 0.848 0.847 3 * 3 8 27
5.5 0.893 0.893 0.872 3 * 3 10 27
6.0 0.856 0.907 0.925 4 * 3 7 11 28
6.5 0.920 0.920 0.904 3 * 3 10 27
7.0 0.914 0.940 0.911 4 * 3 9 12 27
7.5 0.879 0.932 0.919 4 * 3 7 10 27
8.0 0.883 0.937 0.926 4 * 3 7 10 27
8.5 0.900 0.943 0.928 4 * 3 10 14 27
9.0 0.999 0.999 0.999 3 * 3 9 27
9.5 1.000 1.000 0.999 3 * 3 9 27
10.0 1.000 1.000 1.000 3 * 3 9 27
0.5 0.000 0.000 0.000 1 * 1
1.0 0.000 0.000 0.000 1 * 1
1.5 0.527 0.239 0.048 1 * 3
2.0 0.461 0.225 0.055 1 * 4
2.5 0.599 0.450 0.151 2 * 3 7
3.0 0.814 0.624 0.243 2 * 3 9
3.5 0.656 0.574 0.289 3 * 3 5 12
4.0 0.588 0.610 0.500 4 * 4 6 10 19
4.5 0.717 0.776 0.762 4 * 3 6 10 26
5.0 0.882 0.882 0.843 3 * 3 9 27
5.5 0.909 0.909 0.874 3 * 3 9 27
6.0 0.821 0.863 0.890 4 * 3 7 13 27
6.5 0.921 0.921 0.896 3 * 3 9 27
7.0 0.802 0.871 0.910 4 * 3 6 10 27
7.5 0.871 0.946 0.919 5 * 3 9 12 16 27
8.0 0.998 0.998 0.997 3 * 3 9 27
8.5 0.999 0.999 0.998 3 * 3 9 27
9.0 0.999 0.999 0.999 3 * 3 9 27
9.5 0.999 0.999 0.999 3 * 3 9 27
10.0 1.000 1.000 1.000 3 * 3 9 27
0.5 0.000 0.000 0.000 1 * 1
1.0 0.000 0.000 0.000 1 * 1
1.5 0.547 0.246 0.049 1 * 3
2.0 0.451 0.243 0.069 1 * 4
2.5 0.617 0.463 0.156 2 * 3 7
3.0 0.804 0.616 0.241 2 * 3 9
3.5 0.626 0.528 0.306 3 * 4 9 13
4.0 0.639 0.674 0.505 4 * 3 6 10 19
4.5 0.605 0.616 0.736 4 * 2 7 14 25
5.0 0.888 0.888 0.846 3 * 3 9 27
5.5 0.905 0.905 0.871 3 * 3 9 27
6.0 0.912 0.912 0.881 3 * 3 9 27
6.5 0.925 0.925 0.902 3 * 3 9 27
7.0 0.773 0.867 0.905 5 * 3 5 9 12 27
7.5 0.879 0.931 0.914 4 * 3 7 10 27
8.0 0.818 0.855 0.921 5 * 4 8 12 14 27
8.5 0.908 0.955 0.929 4 * 3 9 14 27
9.0 0.834 0.906 0.932 5 * 3 7 12 14 27
9.5 0.916 1.000 0.999 4 * 3 5 9 27
10.0 1.000 1.000 0.999 3 * 3 9 27
0.5 0.000 0.000 0.000 1 * 1
1.0 0.000 0.000 0.000 1 * 1
1.5 0.546 0.245 0.048 1 * 3
2.0 0.721 0.322 0.060 1 * 3
2.5 0.616 0.463 0.158 2 * 3 8
3.0 0.731 0.565 0.235 2 * 3 10
3.5 0.543 0.446 0.269 3 * 2 7 12
4.0 0.728 0.758 0.563 5 * 3 9 12 15 21
4.5 0.693 0.744 0.810 4 * 4 6 10 27
5.0 0.878 0.878 0.845 3 * 3 9 27
5.5 0.811 0.872 0.872 5 * 3 7 11 13 27
6.0 0.907 0.907 0.893 3 * 3 10 27
6.5 0.917 0.917 0.903 3 * 3 10 27
7.0 0.872 0.925 0.910 4 * 3 7 10 27
7.5 0.947 0.947 0.918 3 * 3 9 27
8.0 0.901 0.947 0.922 4 * 3 9 14 27
8.5 0.781 0.781 0.929 3 * 2 10 27
9.0 0.906 0.999 0.999 4 * 3 6 9 27
9.5 0.832 0.863 0.931 5 * 4 8 11 14 27
10.0 1.000 1.000 0.999 3 * 3 9 27
0.5 0.000 0.000 0.000 1 * 1
1.0 0.000 0.000 0.000 1 * 1
1.5 0.532 0.240 0.046 1 * 3
2.0 0.450 0.229 0.059 1 * 4
2.5 0.620 0.465 0.156 2 * 3 7
3.0 0.743 0.632 0.248 3 * 3 5 9
3.5 0.717 0.602 0.284 3 * 3 10 12
4.0 0.737 0.737 0.508 3 * 3 9 19
4.5 0.664 0.691 0.745 5 * 2 9 15 17 25
5.0 0.780 0.780 0.843 3 * 4 9 27
5.5 0.909 0.909 0.875 3 * 3 9 27
6.0 0.745 0.800 0.889 4 * 4 6 10 27
6.5 0.792 0.861 0.901 4 * 3 6 10 27
7.0 0.865 0.918 0.906 4 * 3 7 10 27
7.5 0.929 0.929 0.916 3 * 3 10 27
8.0 0.728 0.733 0.920 5 * 2 7 12 14 27
8.5 0.871 0.918 0.930 4 * 3 7 11 27
9.0 0.999 0.999 0.998 3 * 3 9 27
9.5 0.999 0.999 0.999 3 * 3 9 27
10.0 1.000 1.000 0.999 3 * 3 9 27
0.5 0.000 0.000 0.000 1 * 1
1.0 0.000 0.000 0.000 1 * 1
1.5 0.539 0.243 0.046 1 * 3
2.0 0.718 0.320 0.059 1 * 3
2.5 0.651 0.491 0.171 2 * 3 8
3.0 0.734 0.566 0.231 2 * 3 10
3.5 0.650 0.571 0.288 3 * 3 5 12
4.0 0.636 0.600 0.482 3 * 3 5 19
4.5 0.861 0.861 0.812 3 * 3 9 27
5.0 0.869 0.883 0.844 4 * 3 9 11 27
5.5 0.901 0.901 0.867 3 * 3 9 27
6.0 0.861 0.890 0.888 4 * 3 9 13 27
6.5 0.759 0.759 0.901 3 * 2 10 27
7.0 0.848 0.895 0.911 4 * 3 7 12 27
7.5 0.855 0.924 0.914 5 * 3 7 9 12 27
8.0 0.998 0.998 0.997 3 * 3 9 27
8.5 0.939 0.939 0.929 3 * 3 10 27
9.0 0.999 0.999 0.998 3 * 3 9 27
9.5 0.999 0.999 0.999 3 * 3 9 27
10.0 1.000 1.000 0.999 3 * 3 9 27
0.5 0.000 0.000 0.000 1 * 1
1.0 0.000 0.000 0.000 1 * 1
1.5 0.556 0.250 0.048 1 * 3
2.0 0.709 0.317 0.059 1 * 3
2.5 0.546 0.448 0.148 3 * 3 5 7
3.0 0.814 0.623 0.242 2 * 3 9
3.5 0.717 0.594 0.271 3 * 3 10 12
4.0 0.590 0.590 0.525 3 * 2 9 20
4.5 0.757 0.839 0.775 5 * 3 5 7 10 26
5.0 0.889 0.889 0.848 3 * 3 9 27
5.5 0.734 0.788 0.875 4 * 4 6 10 27
6.0 0.875 0.921 0.887 4 * 3 9 14 27
6.5 0.913 0.913 0.903 3 * 3 10 27
7.0 0.794 0.863 0.906 4 * 3 6 10 27
7.5 0.895 0.942 0.913 4 * 3 9 14 27
8.0 0.796 0.864 0.920 4 * 3 6 10 27
8.5 0.998 0.998 0.997 3 * 3 9 27
9.0 0.999 0.999 0.999 3 * 3 9 27
9.5 1.000 1.000 0.999 3 * 3 9 27
10.0 1.000 1.000 0.999 3 * 3 9 27
0.5 0.000 0.000 0.000 1 * 1
1.0 0.000 0.000 0.000 1 * 1
1.5 0.538 0.240 0.045 1 * 3
2.0 0.719 0.321 0.061 1 * 3
2.5 0.642 0.487 0.175 2 * 3 8
3.0 0.813 0.623 0.243 2 * 3 9
3.5 0.587 0.473 0.284 3 * 2 10 12
4.0 0.590 0.609 0.482 4 * 4 6 10 18
4.5 0.695 0.745 0.811 4 * 4 6 10 27
5.0 0.712 0.764 0.842 4 * 4 6 10 27
5.5 0.894 0.894 0.875 3 * 3 10 27
6.0 0.920 0.920 0.888 3 * 3 9 27
6.5 0.932 0.932 0.903 3 * 3 9 27
7.0 0.848 0.894 0.908 4 * 3 7 12 27
7.5 0.872 0.872 0.921 3 * 3 7 27
8.0 0.949 0.949 0.921 3 * 3 9 27
8.5 0.789 0.782 0.930 4 * 2 9 12 27
9.0 0.999 0.999 0.998 3 * 3 9 27
9.5 0.999 0.999 0.999 3 * 3 9 27
10.0 1.000 1.000 0.999 3 * 3 9 27
0.5 0.000 0.000 0.000 1 * 1
1.0 0.000 0.000 0.000 1 * 1
1.5 0.514 0.234 0.048 1 * 3
2.0 0.377 0.229 0.060 2 * 2 4
2.5 0.603 0.452 0.150 2 * 3 7
3.0 0.815 0.624 0.243 2 * 3 9
3.5 0.666 0.577 0.248 3 * 3 5 11
4.0 0.638 0.638 0.506 3 * 4 9 19
4.5 0.852 0.852 0.804 3 * 3 9 27
5.0 0.760 0.825 0.851 4 * 3 6 10 27
5.5 0.913 0.913 0.879 3 * 3 9 27
6.0 0.740 0.795 0.883 4 * 4 6 10 27
6.5 0.907 0.934 0.904 4 * 3 9 12 27
7.0 0.921 0.921 0.906 3 * 3 10 27
7.5 0.779 0.786 0.919 4 * 2 9 14 27
8.0 0.833 0.871 0.925 4 * 3 7 14 27
8.5 0.939 0.939 0.926 3 * 3 10 27
9.0 0.999 0.999 0.998 3 * 3 9 27
9.5 1.000 1.000 0.999 3 * 3 9 27
10.0 1.000 1.000 0.999 3 * 3 9 27
0.5 0.000 0.000 0.000 1 * 1
1.0 0.000 0.000 0.000 1 * 1
1.5 0.560 0.252 0.048 1 * 3
2.0 0.707 0.315 0.059 1 * 3
2.5 0.546 0.471 0.167 3 * 3 6 8
3.0 0.817 0.626 0.244 2 * 3 9
3.5 0.579 0.464 0.286 3 * 2 10 12
4.0 0.621 0.621 0.501 5 * 4 6 10 12 19
4.5 0.666 0.646 0.738 4 * 2 8 13 25
5.0 0.757 0.822 0.847 4 * 3 6 10 27
5.5 0.779 0.852 0.872 5 * 3 6 9 13 27
6.0 0.847 0.899 0.886 4 * 3 7 10 27
6.5 0.798 0.866 0.903 4 * 3 6 10 27
7.0 0.935 0.935 0.910 3 * 3 9 27
7.5 0.949 0.949 0.922 3 * 3 9 27
8.0 0.843 0.856 0.925 4 * 4 8 12 27
8.5 0.887 0.955 0.930 5 * 3 9 11 16 27
9.0 0.880 0.930 0.931 4 * 3 7 10 27
9.5 0.916 0.999 0.999 4 * 3 5 9 27
10.0 1.000 1.000 1.000 3 * 3 9 27
0.5 0.000 0.000 0.000 1 * 1
1.0 0.116 0.054 0.013 1 * 2
1.5 0.558 0.249 0.047 1 * 3
2.0 0.262 0.186 0.077 1 * 5
2.5 0.647 0.487 0.167 2 * 3 8
3.0 0.817 0.626 0.243 2 * 3 9
3.5 0.628 0.531 0.281 3 * 4 7 12
4.0 0.754 0.749 0.543 4 * 3 9 11 20
4.5 0.721 0.781 0.776 4 * 3 6 10 26
5.0 0.813 0.856 0.855 4 * 3 7 12 27
5.5 0.902 0.902 0.871 3 * 3 9 27
6.0 0.904 0.904 0.884 3 * 3 10 27
6.5 0.792 0.860 0.900 4 * 3 6 10 27
7.0 0.774 0.781 0.912 4 * 2 9 14 27
7.5 0.849 0.893 0.918 4 * 3 7 12 27
8.0 0.817 0.854 0.924 5 * 4 8 12 14 27
8.5 0.884 0.937 0.925 4 * 3 7 10 27
9.0 0.809 0.866 0.932 5 * 4 8 13 19 27
9.5 1.000 1.000 0.999 3 * 3 9 27
10.0 1.000 1.000 0.999 3 * 3 9 27
0.5 0.000 0.000 0.000 1 * 1
1.0 0.000 0.000 0.000 1 * 1
1.5 0.545 0.247 0.048 1 * 3
2.0 0.442 0.238 0.068 1 * 4
2.5 0.611 0.458 0.150 2 * 3 7
3.0 0.818 0.628 0.246 2 * 3 9
3.5 0.570 0.516 0.303 3 * 4 6 13
4.0 0.527 0.522 0.477 3 * 2 8 19
4.5 0.688 0.734 0.771 5 * 4 6 10 14 26
5.0 0.730 0.730 0.840 3 * 2 9 27
5.5 0.804 0.794 0.862 4 * 4 9 11 27
6.0 0.871 0.916 0.887 4 * 3 9 14 27
6.5 0.793 0.877 0.901 5 * 3 5 7 13 27
7.0 0.925 0.925 0.909 3 * 3 10 27
7.5 0.944 0.944 0.916 3 * 3 9 27
8.0 0.855 0.898 0.922 4 * 3 7 12 27
8.5 0.792 0.857 0.928 4 * 3 6 11 27
9.0 0.999 0.999 0.998 3 * 3 9 27
9.5 0.999 0.999 0.999 3 * 3 9 27
10.0 1.000 1.000 0.999 3 * 3 9 27
0.5 0.000 0.000 0.000 1 * 1
1.0 0.000 0.000 0.000 1 * 1
1.5 0.572 0.257 0.049 1 * 3
2.0 0.732 0.327 0.060 1 * 3
2.5 0.582 0.436 0.144 2 * 3 7
3.0 0.534 0.431 0.227 2 * 2 10
3.5 0.656 0.568 0.300 3 * 3 7 13
4.0 0.608 0.596 0.497 5 * 3 8 13 16 19
4.5 0.839 0.850 0.767 4 * 3 9 11 26
5.0 0.853 0.876 0.837 4 * 3 9 12 27
5.5 0.772 0.838 0.872 4 * 3 6 10 27
6.0 0.888 0.914 0.887 4 * 3 9 12 27
6.5 0.796 0.865 0.902 4 * 3 6 10 27
7.0 0.811 0.817 0.908 4 * 4 9 12 27
7.5 0.933 0.933 0.918 3 * 3 10 27
8.0 0.768 0.771 0.922 4 * 2 9 13 27
8.5 0.999 0.999 0.998 3 * 3 9 27
9.0 0.891 0.945 0.933 4 * 3 7 10 27
9.5 0.999 0.999 0.999 3 * 3 9 27
10.0 1.000 1.000 0.999 3 * 3 9 27
0.5 0.000 0.000 0.000 1 * 1
1.0 0.000 0.000 0.000 1 * 1
1.5 0.534 0.240 0.046 1 * 3
2.0 0.458 0.233 0.061 1 * 4
2.5 0.586 0.434 0.129 2 * 3 6
3.0 0.817 0.625 0.242 2 * 3 9
3.5 0.588 0.524 0.281 3 * 4 6 12
4.0 0.641 0.573 0.466 5 * 2 9 11 15 18
4.5 0.714 0.775 0.773 5 * 4 6 10 13 26
5.0 0.720 0.773 0.848 4 * 4 6 10 27
5.5 0.802 0.840 0.874 4 * 3 7 13 27
6.0 0.779 0.847 0.884 4 * 3 6 10 27
6.5 0.914 0.930 0.897 4 * 3 9 11 27
7.0 0.846 0.846 0.907 3 * 4 8 27
7.5 0.853 0.853 0.919 3 * 4 8 27
8.0 0.885 0.939 0.928 4 * 3 7 10 27
8.5 0.863 0.956 0.926 5 * 3 9 13 17 27
9.0 0.999 0.999 0.999 3 * 3 9 27
9.5 1.000 1.000 0.999 3 * 3 9 27
10.0 1.000 1.000 1.000 3 * 3 9 27
0.5 0.000 0.000 0.000 1 * 1
1.0 0.000 0.000 0.000 1 * 1
1.5 0.542 0.244 0.046 1 * 3
2.0 0.722 0.324 0.061 1 * 3
2.5 0.537 0.448 0.144 3 * 3 5 7
3.0 0.819 0.628 0.246 2 * 3 9
3.5 0.644 0.563 0.319 3 * 3 7 14
4.0 0.637 0.622 0.479 3 * 4 9 18
4.5 0.735 0.793 0.780 4 * 3 6 10 26
5.0 0.738 0.738 0.844 3 * 2 9 27
5.5 0.737 0.792 0.876 4 * 4 6 10 27
6.0 0.850 0.902 0.889 4 * 3 7 10 27
6.5 0.781 0.846 0.898 4 * 4 6 10 27
7.0 0.770 0.777 0.907 4 * 2 9 14 27
7.5 0.930 0.930 0.918 3 * 3 10 27
8.0 0.741 0.757 0.920 5 * 2 10 12 16 27
8.5 0.813 0.793 0.928 5 * 2 9 11 13 27
9.0 0.999 0.999 0.999 3 * 3 9 27
9.5 0.999 0.999 0.999 3 * 3 9 27
10.0 1.000 1.000 0.999 3 * 3 9 27
