0.5 0.012 0.012 0.014 3 * 0.012 0.011 0.014
1.0 0.017 0.017 0.017 3 * 0.011 0.023 0.017
1.5 0.064 0.064 0.034 3 * 0.105 0.054 0.034
2.0 0.239 0.238 0.073 3 * 0.467 0.172 0.073
2.5 0.396 0.332 0.157 3 * 0.477 0.362 0.157
3.0 0.578 0.521 0.264 3 * 0.687 0.613 0.264
3.5 0.727 0.727 0.515 3 * 0.864 0.802 0.515
4.0 0.756 0.756 0.702 3 * 0.736 0.831 0.702
4.5 0.851 0.851 0.799 3 * 0.885 0.869 0.799
5.0 0.884 0.884 0.843 3 * 0.910 0.898 0.843
5.5 0.904 0.904 0.869 3 * 0.922 0.920 0.869
6.0 0.920 0.920 0.890 3 * 0.941 0.931 0.890
6.5 0.931 0.931 0.903 3 * 0.947 0.941 0.903
7.0 0.933 0.933 0.911 3 * 0.943 0.947 0.911
7.5 0.943 0.943 0.919 3 * 0.954 0.957 0.919
8.0 0.953 0.953 0.926 3 * 0.967 0.966 0.926
8.5 0.883 0.883 0.927 3 * 0.799 0.924 0.927
9.0 0.999 0.999 0.999 3 * 1.000 0.999 0.999
9.5 0.962 0.962 0.935 3 * 0.978 0.973 0.935
10.0 1.000 1.000 1.000 3 * 1.000 1.000 1.000
0.5 0.009 0.009 0.014 3 * 0.005 0.009 0.014
1.0 0.015 0.015 0.018 3 * 0.012 0.014 0.018
1.5 0.037 0.037 0.032 3 * 0.031 0.048 0.032
2.0 0.152 0.141 0.070 3 * 0.222 0.130 0.070
2.5 0.365 0.308 0.160 3 * 0.359 0.406 0.160
3.0 0.508 0.471 0.270 3 * 0.627 0.515 0.270
3.5 0.712 0.712 0.494 3 * 0.852 0.790 0.494
4.0 0.811 0.811 0.722 3 * 0.867 0.843 0.722
4.5 0.855 0.855 0.813 3 * 0.877 0.874 0.813
5.0 0.879 0.879 0.843 3 * 0.896 0.898 0.843
5.5 0.905 0.905 0.875 3 * 0.921 0.921 0.875
6.0 0.911 0.911 0.884 3 * 0.924 0.924 0.884
6.5 0.929 0.929 0.902 3 * 0.945 0.942 0.902
7.0 0.935 0.935 0.910 3 * 0.947 0.950 0.910
7.5 0.946 0.946 0.920 3 * 0.958 0.960 0.920
8.0 0.946 0.946 0.921 3 * 0.957 0.960 0.921
8.5 0.958 0.958 0.929 3 * 0.975 0.971 0.929
9.0 1.000 1.000 0.999 3 * 1.000 1.000 0.999
9.5 0.932 0.932 0.935 3 * 0.927 0.934 0.935
10.0 1.000 1.000 0.999 3 * 1.000 1.000 0.999
0.5 0.011 0.011 0.015 3 * 0.004 0.013 0.015
1.0 0.015 0.015 0.019 3 * 0.008 0.016 0.019
1.5 0.038 0.038 0.035 3 * 0.025 0.055 0.035
2.0 0.151 0.151 0.080 3 * 0.227 0.145 0.080
2.5 0.394 0.332 0.159 3 * 0.462 0.376 0.159
3.0 0.544 0.495 0.265 3 * 0.622 0.600 0.265
3.5 0.729 0.729 0.523 3 * 0.863 0.800 0.523
4.0 0.817 0.817 0.729 3 * 0.877 0.845 0.729
4.5 0.859 0.859 0.813 3 * 0.885 0.878 0.813
5.0 0.833 0.833 0.842 3 * 0.763 0.895 0.842
5.5 0.906 0.906 0.874 3 * 0.925 0.919 0.874
6.0 0.919 0.919 0.889 3 * 0.936 0.932 0.889
6.5 0.918 0.918 0.894 3 * 0.929 0.933 0.894
7.0 0.936 0.936 0.907 3 * 0.952 0.948 0.907
7.5 0.910 0.910 0.917 3 * 0.900 0.913 0.917
8.0 0.945 0.945 0.920 3 * 0.959 0.957 0.920
8.5 0.951 0.951 0.925 3 * 0.963 0.964 0.925
9.0 0.999 0.999 0.999 3 * 1.000 1.000 0.999
9.5 0.999 0.999 0.999 3 * 1.000 0.999 0.999
10.0 1.000 1.000 0.999 3 * 1.000 1.000 0.999
0.5 0.008 0.008 0.014 3 * 0.001 0.008 0.014
1.0 0.016 0.016 0.018 3 * 0.014 0.017 0.018
1.5 0.042 0.042 0.040 3 * 0.031 0.056 0.040
2.0 0.118 0.118 0.062 3 * 0.188 0.104 0.062
2.5 0.423 0.361 0.159 3 * 0.524 0.400 0.159
3.0 0.578 0.535 0.263 3 * 0.716 0.624 0.263
3.5 0.710 0.710 0.509 3 * 0.842 0.780 0.509
4.0 0.816 0.816 0.722 3 * 0.878 0.848 0.722
4.5 0.810 0.810 0.805 3 * 0.748 0.877 0.805
5.0 0.836 0.836 0.848 3 * 0.760 0.899 0.848
5.5 0.898 0.898 0.867 3 * 0.917 0.909 0.867
6.0 0.923 0.923 0.895 3 * 0.941 0.935 0.895
6.5 0.924 0.924 0.897 3 * 0.939 0.937 0.897
7.0 0.939 0.939 0.913 3 * 0.950 0.954 0.913
7.5 0.942 0.942 0.915 3 * 0.955 0.956 0.915
8.0 0.951 0.951 0.922 3 * 0.969 0.963 0.922
8.5 0.999 0.999 0.997 3 * 1.000 0.999 0.997
9.0 0.889 0.889 0.933 3 * 0.805 0.930 0.933
9.5 1.000 1.000 0.999 3 * 1.000 1.000 0.999
10.0 0.999 0.999 0.999 3 * 1.000 1.000 0.999
0.5 0.010 0.010 0.014 3 * 0.007 0.009 0.014
1.0 0.017 0.017 0.018 3 * 0.013 0.020 0.018
1.5 0.025 0.025 0.033 3 * 0.013 0.030 0.033
2.0 0.187 0.187 0.077 3 * 0.330 0.154 0.077
2.5 0.377 0.315 0.156 3 * 0.403 0.386 0.156
3.0 0.534 0.508 0.280 3 * 0.605 0.639 0.280
3.5 0.715 0.715 0.530 3 * 0.839 0.777 0.530
4.0 0.803 0.803 0.722 3 * 0.854 0.832 0.722
4.5 0.870 0.870 0.814 3 * 0.908 0.886 0.814
5.0 0.884 0.884 0.850 3 * 0.904 0.900 0.850
5.5 0.911 0.911 0.878 3 * 0.931 0.924 0.878
6.0 0.913 0.913 0.887 3 * 0.924 0.927 0.887
6.5 0.927 0.927 0.901 3 * 0.941 0.938 0.901
7.0 0.932 0.932 0.907 3 * 0.942 0.946 0.907
7.5 0.942 0.942 0.918 3 * 0.952 0.955 0.918
8.0 0.915 0.915 0.922 3 * 0.906 0.918 0.922
8.5 0.938 0.938 0.929 3 * 0.961 0.924 0.929
9.0 0.999 0.999 0.998 3 * 1.000 0.999 0.998
9.5 1.000 1.000 0.999 3 * 1.000 1.000 0.999
10.0 1.000 1.000 0.999 3 * 1.000 1.000 0.999
0.5 0.011 0.011 0.014 3 * 0.009 0.011 0.014
1.0 0.018 0.018 0.017 3 * 0.015 0.021 0.017
1.5 0.061 0.061 0.031 3 * 0.103 0.051 0.031
2.0 0.112 0.110 0.076 3 * 0.169 0.081 0.076
2.5 0.412 0.345 0.167 3 * 0.489 0.380 0.167
3.0 0.580 0.550 0.277 3 * 0.725 0.648 0.277
3.5 0.721 0.721 0.502 3 * 0.867 0.794 0.502
4.0 0.824 0.824 0.736 3 * 0.885 0.852 0.736
4.5 0.854 0.854 0.809 3 * 0.881 0.871 0.809
5.0 0.836 0.836 0.849 3 * 0.762 0.896 0.849
5.5 0.903 0.903 0.876 3 * 0.914 0.918 0.876
6.0 0.916 0.916 0.885 3 * 0.935 0.928 0.885
6.5 0.918 0.918 0.906 3 * 0.942 0.905 0.906
7.0 0.938 0.938 0.909 3 * 0.954 0.952 0.909
7.5 0.943 0.943 0.919 3 * 0.953 0.955 0.919
8.0 0.949 0.949 0.920 3 * 0.968 0.960 0.920
8.5 0.958 0.958 0.928 3 * 0.977 0.969 0.928
9.0 0.999 0.999 0.999 3 * 1.000 0.999 0.999
9.5 1.000 1.000 0.999 3 * 1.000 1.000 0.999
10.0 1.000 1.000 0.999 3 * 1.000 1.000 0.999
0.5 0.009 0.009 0.013 3 * 0.005 0.010 0.013
1.0 0.014 0.014 0.018 3 * 0.011 0.014 0.018
1.5 0.054 0.054 0.033 3 * 0.084 0.046 0.033
2.0 0.205 0.205 0.078 3 * 0.373 0.164 0.078
2.5 0.399 0.331 0.160 3 * 0.392 0.442 0.160
3.0 0.609 0.546 0.255 3 * 0.744 0.640 0.255
3.5 0.672 0.672 0.436 3 * 0.820 0.761 0.436
4.0 0.762 0.762 0.722 3 * 0.728 0.837 0.722
4.5 0.859 0.859 0.808 3 * 0.894 0.877 0.808
5.0 0.886 0.886 0.847 3 * 0.908 0.902 0.847
5.5 0.898 0.898 0.872 3 * 0.910 0.914 0.872
6.0 0.919 0.919 0.886 3 * 0.940 0.931 0.886
6.5 0.925 0.925 0.898 3 * 0.939 0.938 0.898
7.0 0.939 0.939 0.910 3 * 0.956 0.951 0.910
7.5 0.922 0.922 0.913 3 * 0.944 0.908 0.913
8.0 0.933 0.933 0.922 3 * 0.958 0.919 0.922
8.5 0.999 0.999 0.998 3 * 0.999 0.999 0.998
9.0 0.999 0.999 0.999 3 * 1.000 0.999 0.999
9.5 0.999 0.999 0.999 3 * 1.000 0.999 0.999
10.0 1.000 1.000 0.999 3 * 1.000 1.000 0.999
0.5 0.010 0.010 0.015 3 * 0.006 0.010 0.015
1.0 0.020 0.020 0.021 3 * 0.016 0.024 0.021
1.5 0.072 0.072 0.037 3 * 0.118 0.062 0.037
2.0 0.206 0.206 0.083 3 * 0.376 0.158 0.083
2.5 0.342 0.293 0.153 3 * 0.377 0.349 0.153
3.0 0.527 0.507 0.288 3 * 0.602 0.632 0.288
3.5 0.709 0.709 0.500 3 * 0.846 0.780 0.500
4.0 0.816 0.816 0.722 3 * 0.878 0.848 0.722
4.5 0.854 0.854 0.805 3 * 0.885 0.873 0.805
5.0 0.886 0.886 0.850 3 * 0.902 0.904 0.850
5.5 0.896 0.896 0.867 3 * 0.911 0.910 0.867
6.0 0.918 0.918 0.890 3 * 0.933 0.931 0.890
6.5 0.928 0.928 0.899 3 * 0.943 0.941 0.899
7.0 0.938 0.938 0.910 3 * 0.955 0.950 0.910
7.5 0.927 0.927 0.918 3 * 0.949 0.913 0.918
8.0 0.909 0.909 0.922 3 * 0.967 0.838 0.922
8.5 0.954 0.954 0.928 3 * 0.969 0.966 0.928
9.0 0.956 0.956 0.933 3 * 0.965 0.970 0.933
9.5 0.999 0.999 0.999 3 * 1.000 1.000 0.999
10.0 1.000 1.000 1.000 3 * 1.000 1.000 1.000
0.5 0.011 0.011 0.015 3 * 0.005 0.011 0.015
1.0 0.014 0.014 0.018 3 * 0.007 0.018 0.018
1.5 0.054 0.054 0.035 3 * 0.077 0.051 0.035
2.0 0.219 0.217 0.070 3 * 0.429 0.152 0.070
2.5 0.368 0.314 0.153 3 * 0.402 0.386 0.153
3.0 0.558 0.493 0.241 3 * 0.650 0.587 0.241
3.5 0.727 0.727 0.510 3 * 0.869 0.802 0.510
4.0 0.803 0.803 0.704 3 * 0.867 0.838 0.704
4.5 0.862 0.862 0.809 3 * 0.894 0.883 0.809
5.0 0.882 0.882 0.849 3 * 0.895 0.900 0.849
5.5 0.899 0.899 0.870 3 * 0.912 0.915 0.870
6.0 0.915 0.915 0.889 3 * 0.929 0.928 0.889
6.5 0.918 0.918 0.905 3 * 0.946 0.903 0.905
7.0 0.935 0.935 0.911 3 * 0.945 0.949 0.911
7.5 0.941 0.941 0.915 3 * 0.955 0.953 0.915
8.0 0.931 0.931 0.920 3 * 0.955 0.918 0.920
8.5 0.998 0.998 0.997 3 * 0.999 0.999 0.997
9.0 0.999 0.999 0.999 3 * 1.000 0.999 0.999
9.5 0.920 0.920 0.933 3 * 0.978 0.848 0.933
10.0 1.000 1.000 0.999 3 * 1.000 1.000 0.999
0.5 0.013 0.013 0.014 3 * 0.010 0.014 0.014
1.0 0.019 0.019 0.018 3 * 0.019 0.021 0.018
1.5 0.063 0.063 0.033 3 * 0.100 0.055 0.033
2.0 0.169 0.169 0.067 3 * 0.304 0.136 0.067
2.5 0.424 0.369 0.163 3 * 0.602 0.344 0.163
3.0 0.564 0.543 0.286 3 * 0.762 0.580 0.286
3.5 0.695 0.695 0.478 3 * 0.837 0.771 0.478
4.0 0.823 0.823 0.734 3 * 0.880 0.854 0.734
4.5 0.862 0.862 0.805 3 * 0.904 0.877 0.805
5.0 0.887 0.887 0.848 3 * 0.913 0.901 0.848
5.5 0.902 0.902 0.871 3 * 0.916 0.917 0.871
6.0 0.917 0.917 0.890 3 * 0.931 0.930 0.890
6.5 0.924 0.924 0.899 3 * 0.935 0.937 0.899
7.0 0.901 0.901 0.912 3 * 0.958 0.831 0.912
7.5 0.946 0.946 0.918 3 * 0.962 0.956 0.918
8.0 0.951 0.951 0.920 3 * 0.970 0.963 0.920
8.5 0.998 0.998 0.997 3 * 0.999 0.999 0.997
9.0 0.999 0.999 0.999 3 * 1.000 0.999 0.999
9.5 1.000 1.000 0.999 3 * 1.000 1.000 0.999
10.0 0.929 0.929 0.937 3 * 0.917 0.933 0.937
