0.5 1.000 1.000 1.000 3 * 3 9 27
1.0 1.000 1.000 1.000 3 * 3 9 27
1.5 1.000 1.000 1.000 3 * 3 9 27
2.0 1.000 1.000 1.000 3 * 3 9 27
2.5 1.000 1.000 1.000 3 * 3 9 27
3.0 1.000 1.000 1.000 3 * 3 9 27
3.5 1.000 1.000 1.000 3 * 3 9 27
4.0 1.000 1.000 1.000 3 * 3 9 27
4.5 1.000 1.000 1.000 3 * 3 9 27
5.0 1.000 1.000 1.000 3 * 3 9 27
5.5 1.000 1.000 1.000 3 * 3 9 27
6.0 1.000 1.000 1.000 3 * 3 9 27
6.5 1.000 1.000 1.000 3 * 3 9 27
7.0 0.883 1.000 1.000 5 * 3 5 7 9 27
7.5 1.000 1.000 1.000 3 * 3 9 27
8.0 1.000 1.000 1.000 3 * 3 9 27
8.5 1.000 1.000 1.000 3 * 3 9 27
9.0 1.000 1.000 1.000 3 * 3 9 27
9.5 1.000 1.000 1.000 3 * 3 9 27
10.0 1.000 1.000 1.000 3 * 3 9 27
0.5 1.000 1.000 1.000 3 * 3 9 27
1.0 1.000 1.000 1.000 3 * 3 9 27
1.5 1.000 1.000 1.000 3 * 3 9 27
2.0 1.000 1.000 1.000 3 * 3 9 27
2.5 1.000 1.000 1.000 3 * 3 9 27
3.0 1.000 1.000 1.000 3 * 3 9 27
3.5 1.000 1.000 1.000 3 * 3 9 27
4.0 1.000 1.000 1.000 3 * 3 9 27
4.5 1.000 1.000 1.000 3 * 3 9 27
5.0 1.000 1.000 1.000 3 * 3 9 27
5.5 1.000 1.000 1.000 3 * 3 9 27
6.0 1.000 1.000 1.000 3 * 3 9 27
6.5 1.000 1.000 1.000 3 * 3 9 27
7.0 1.000 1.000 1.000 3 * 3 9 27
7.5 1.000 1.000 1.000 3 * 3 9 27
8.0 1.000 1.000 1.000 3 * 3 9 27
8.5 1.000 1.000 1.000 3 * 3 9 27
9.0 1.000 1.000 1.000 3 * 3 9 27
9.5 1.000 1.000 1.000 3 * 3 9 27
10.0 1.000 1.000 1.000 3 * 3 9 27
0.5 1.000 1.000 1.000 3 * 3 9 27
1.0 1.000 1.000 1.000 3 * 3 9 27
1.5 1.000 1.000 1.000 3 * 3 9 27
2.0 1.000 1.000 1.000 3 * 3 9 27
2.5 1.000 1.000 1.000 3 * 3 9 27
3.0 1.000 1.000 1.000 3 * 3 9 27
3.5 1.000 1.000 1.000 3 * 3 9 27
4.0 1.000 1.000 1.000 3 * 3 9 27
4.5 1.000 1.000 1.000 3 * 3 9 27
5.0 1.000 1.000 1.000 3 * 3 9 27
5.5 1.000 1.000 1.000 3 * 3 9 27
6.0 0.979 1.000 1.000 4 * 3 9 11 27
6.5 1.000 1.000 1.000 3 * 3 9 27
7.0 1.000 1.000 1.000 3 * 3 9 27
7.5 1.000 1.000 1.000 3 * 3 9 27
8.0 1.000 1.000 1.000 3 * 3 9 27
8.5 1.000 1.000 1.000 3 * 3 9 27
9.0 0.917 1.000 1.000 4 * 3 5 9 27
9.5 1.000 1.000 1.000 3 * 3 9 27
10.0 1.000 1.000 1.000 3 * 3 9 27
0.5 1.000 1.000 1.000 3 * 3 9 27
1.0 1.000 1.000 1.000 3 * 3 9 27
1.5 1.000 1.000 1.000 3 * 3 9 27
2.0 1.000 1.000 1.000 3 * 3 9 27
2.5 1.000 1.000 1.000 3 * 3 9 27
3.0 1.000 1.000 1.000 3 * 3 9 27
3.5 1.000 1.000 1.000 3 * 3 9 27
4.0 1.000 1.000 1.000 3 * 3 9 27
4.5 1.000 1.000 1.000 3 * 3 9 27
5.0 1.000 1.000 1.000 3 * 3 9 27
5.5 1.000 1.000 1.000 3 * 3 9 27
6.0 1.000 1.000 1.000 3 * 3 9 27
6.5 1.000 1.000 1.000 3 * 3 9 27
7.0 1.000 1.000 1.000 3 * 3 9 27
7.5 1.000 1.000 1.000 3 * 3 9 27
8.0 1.000 1.000 1.000 3 * 3 9 27
8.5 1.000 1.000 1.000 3 * 3 9 27
9.0 0.979 1.000 1.000 4 * 3 9 11 27
9.5 1.000 1.000 1.000 3 * 3 9 27
10.0 1.000 1.000 1.000 3 * 3 9 27
0.5 1.000 1.000 1.000 3 * 3 9 27
1.0 1.000 1.000 1.000 3 * 3 9 27
1.5 0.883 1.000 1.000 5 * 3 5 7 9 27
2.0 1.000 1.000 1.000 3 * 3 9 27
2.5 1.000 1.000 1.000 3 * 3 9 27
3.0 1.000 1.000 1.000 3 * 3 9 27
3.5 1.000 1.000 1.000 3 * 3 9 27
4.0 1.000 1.000 1.000 3 * 3 9 27
4.5 1.000 1.000 1.000 3 * 3 9 27
5.0 1.000 1.000 1.000 3 * 3 9 27
5.5 1.000 1.000 1.000 3 * 3 9 27
6.0 1.000 1.000 1.000 3 * 3 9 27
6.5 1.000 1.000 1.000 3 * 3 9 27
7.0 1.000 1.000 1.000 3 * 3 9 27
7.5 0.917 1.000 1.000 4 * 3 5 9 27
8.0 1.000 1.000 1.000 3 * 3 9 27
8.5 0.969 1.000 1.000 4 * 3 9 12 27
9.0 1.000 1.000 1.000 3 * 3 9 27
9.5 1.000 1.000 1.000 3 * 3 9 27
10.0 1.000 1.000 1.000 3 * 3 9 27
0.5 1.000 1.000 1.000 3 * 3 9 27
1.0 0.917 1.000 1.000 4 * 3 5 9 27
1.5 1.000 1.000 1.000 3 * 3 9 27
2.0 1.000 1.000 1.000 3 * 3 9 27
2.5 1.000 1.000 1.000 3 * 3 9 27
3.0 1.000 1.000 1.000 3 * 3 9 27
3.5 1.000 1.000 1.000 3 * 3 9 27
4.0 1.000 1.000 1.000 3 * 3 9 27
4.5 1.000 1.000 1.000 3 * 3 9 27
5.0 1.000 1.000 1.000 3 * 3 9 27
5.5 1.000 1.000 1.000 3 * 3 9 27
6.0 1.000 1.000 1.000 3 * 3 9 27
6.5 0.969 1.000 1.000 4 * 3 9 12 27
7.0 1.000 1.000 1.000 3 * 3 9 27
7.5 1.000 1.000 1.000 3 * 3 9 27
8.0 1.000 1.000 1.000 3 * 3 9 27
8.5 1.000 1.000 1.000 3 * 3 9 27
9.0 1.000 1.000 1.000 3 * 3 9 27
9.5 1.000 1.000 1.000 3 * 3 9 27
10.0 1.000 1.000 1.000 3 * 3 9 27
0.5 0.917 1.000 1.000 4 * 3 5 9 27
1.0 1.000 1.000 1.000 3 * 3 9 27
1.5 1.000 1.000 1.000 3 * 3 9 27
2.0 0.883 1.000 1.000 5 * 3 5 7 9 27
2.5 1.000 1.000 1.000 3 * 3 9 27
3.0 1.000 1.000 1.000 3 * 3 9 27
3.5 1.000 1.000 1.000 3 * 3 9 27
4.0 1.000 1.000 1.000 3 * 3 9 27
4.5 1.000 1.000 1.000 3 * 3 9 27
5.0 1.000 1.000 1.000 3 * 3 9 27
5.5 1.000 1.000 1.000 3 * 3 9 27
6.0 1.000 1.000 1.000 3 * 3 9 27
6.5 1.000 1.000 1.000 3 * 3 9 27
7.0 0.917 1.000 1.000 4 * 3 5 9 27
7.5 1.000 1.000 1.000 3 * 3 9 27
8.0 1.000 1.000 1.000 3 * 3 9 27
8.5 1.000 1.000 1.000 3 * 3 9 27
9.0 1.000 1.000 1.000 3 * 3 9 27
9.5 1.000 1.000 1.000 3 * 3 9 27
10.0 1.000 1.000 1.000 3 * 3 9 27
0.5 1.000 1.000 1.000 3 * 3 9 27
1.0 1.000 1.000 1.000 3 * 3 9 27
1.5 1.000 1.000 1.000 3 * 3 9 27
2.0 1.000 1.000 1.000 3 * 3 9 27
2.5 1.000 1.000 1.000 3 * 3 9 27
3.0 1.000 1.000 1.000 3 * 3 9 27
3.5 1.000 1.000 1.000 3 * 3 9 27
4.0 1.000 1.000 1.000 3 * 3 9 27
4.5 0.969 1.000 1.000 4 * 3 9 12 27
5.0 1.000 1.000 1.000 3 * 3 9 27
5.5 1.000 1.000 1.000 3 * 3 9 27
6.0 1.000 1.000 1.000 3 * 3 9 27
6.5 1.000 1.000 1.000 3 * 3 9 27
7.0 1.000 1.000 1.000 3 * 3 9 27
7.5 1.000 1.000 1.000 3 * 3 9 27
8.0 1.000 1.000 1.000 3 * 3 9 27
8.5 1.000 1.000 1.000 3 * 3 9 27
9.0 1.000 1.000 1.000 3 * 3 9 27
9.5 0.917 1.000 1.000 4 * 3 5 9 27
10.0 1.000 1.000 1.000 3 * 3 9 27
0.5 1.000 1.000 1.000 3 * 3 9 27
1.0 0.833 0.833 1.000 3 * 2 9 27
1.5 1.000 1.000 1.000 3 * 3 9 27
2.0 1.000 1.000 1.000 3 * 3 9 27
2.5 1.000 1.000 1.000 3 * 3 9 27
3.0 1.000 1.000 1.000 3 * 3 9 27
3.5 1.000 1.000 1.000 3 * 3 9 27
4.0 1.000 1.000 1.000 3 * 3 9 27
4.5 1.000 1.000 1.000 3 * 3 9 27
5.0 0.883 1.000 1.000 5 * 3 5 7 9 27
5.5 1.000 1.000 1.000 3 * 3 9 27
6.0 1.000 1.000 1.000 3 * 3 9 27
6.5 1.000 1.000 1.000 3 * 3 9 27
7.0 1.000 1.000 1.000 3 * 3 9 27
7.5 1.000 1.000 1.000 3 * 3 9 27
8.0 1.000 1.000 1.000 3 * 3 9 27
8.5 1.000 1.000 1.000 3 * 3 9 27
9.0 1.000 1.000 1.000 3 * 3 9 27
9.5 1.000 1.000 1.000 3 * 3 9 27
10.0 1.000 1.000 1.000 3 * 3 9 27
0.5 1.000 0.750 1.000 2 * 3 27
1.0 1.000 1.000 1.000 3 * 3 9 27
1.5 0.883 1.000 1.000 5 * 3 5 7 9 27
2.0 1.000 1.000 1.000 3 * 3 9 27
2.5 1.000 1.000 1.000 3 * 3 9 27
3.0 1.000 1.000 1.000 3 * 3 9 27
3.5 1.000 1.000 1.000 3 * 3 9 27
4.0 1.000 1.000 1.000 3 * 3 9 27
4.5 1.000 1.000 1.000 3 * 3 9 27
5.0 1.000 1.000 1.000 3 * 3 9 27
5.5 0.917 1.000 1.000 4 * 3 5 9 27
6.0 0.979 1.000 1.000 4 * 3 9 11 27
6.5 0.979 1.000 1.000 4 * 3 9 11 27
7.0 1.000 1.000 1.000 3 * 3 9 27
7.5 1.000 1.000 1.000 3 * 3 9 27
8.0 1.000 1.000 1.000 3 * 3 9 27
8.5 1.000 1.000 1.000 3 * 3 9 27
9.0 0.979 1.000 1.000 4 * 3 9 11 27
9.5 1.000 1.000 1.000 3 * 3 9 27
10.0 1.000 1.000 1.000 3 * 3 9 27
0.5 1.000 0.750 1.000 2 * 3 27
1.0 1.000 1.000 1.000 3 * 3 9 27
1.5 1.000 1.000 1.000 3 * 3 9 27
2.0 1.000 1.000 1.000 3 * 3 9 27
2.5 1.000 1.000 1.000 3 * 3 9 27
3.0 1.000 1.000 1.000 3 * 3 9 27
3.5 1.000 1.000 1.000 3 * 3 9 27
4.0 1.000 1.000 1.000 3 * 3 9 27
4.5 1.000 1.000 1.000 3 * 3 9 27
5.0 0.865 0.944 1.000 4 * 4 6 9 27
5.5 1.000 1.000 1.000 3 * 3 9 27
6.0 1.000 1.000 1.000 3 * 3 9 27
6.5 1.000 1.000 1.000 3 * 3 9 27
7.0 1.000 1.000 1.000 3 * 3 9 27
7.5 1.000 1.000 1.000 3 * 3 9 27
8.0 0.883 1.000 1.000 5 * 3 5 7 9 27
8.5 1.000 1.000 1.000 3 * 3 9 27
9.0 1.000 1.000 1.000 3 * 3 9 27
9.5 1.000 1.000 1.000 3 * 3 9 27
10.0 1.000 1.000 1.000 3 * 3 9 27
0.5 1.000 1.000 1.000 3 * 3 9 27
1.0 1.000 1.000 1.000 3 * 3 9 27
1.5 1.000 1.000 1.000 3 * 3 9 27
2.0 1.000 1.000 1.000 3 * 3 9 27
2.5 1.000 1.000 1.000 3 * 3 9 27
3.0 1.000 1.000 1.000 3 * 3 9 27
3.5 1.000 1.000 1.000 3 * 3 9 27
4.0 1.000 1.000 1.000 3 * 3 9 27
4.5 0.917 1.000 1.000 4 * 3 5 9 27
5.0 1.000 1.000 1.000 3 * 3 9 27
5.5 1.000 1.000 1.000 3 * 3 9 27
6.0 1.000 1.000 1.000 3 * 3 9 27
6.5 1.000 1.000 1.000 3 * 3 9 27
7.0 1.000 1.000 1.000 3 * 3 9 27
7.5 0.979 1.000 1.000 4 * 3 9 11 27
8.0 1.000 1.000 1.000 3 * 3 9 27
8.5 0.883 1.000 1.000 5 * 3 5 7 9 27
9.0 0.906 1.000 1.000 4 * 3 6 9 27
9.5 0.979 1.000 1.000 4 * 3 9 11 27
10.0 1.000 1.000 1.000 3 * 3 9 27
0.5 1.000 1.000 1.000 3 * 3 9 27
1.0 1.000 1.000 1.000 3 * 3 9 27
1.5 0.917 1.000 1.000 4 * 3 5 9 27
2.0 0.883 1.000 1.000 5 * 3 5 7 9 27
2.5 1.000 1.000 1.000 3 * 3 9 27
3.0 1.000 1.000 1.000 3 * 3 9 27
3.5 1.000 1.000 1.000 3 * 3 9 27
4.0 1.000 1.000 1.000 3 * 3 9 27
4.5 1.000 1.000 1.000 3 * 3 9 27
5.0 0.865 0.944 1.000 4 * 4 6 9 27
5.5 1.000 1.000 1.000 3 * 3 9 27
6.0 0.917 0.986 1.000 5 * 3 7 10 12 27
6.5 1.000 1.000 1.000 3 * 3 9 27
7.0 1.000 1.000 1.000 3 * 3 9 27
7.5 1.000 1.000 1.000 3 * 3 9 27
8.0 1.000 1.000 1.000 3 * 3 9 27
8.5 1.000 1.000 1.000 3 * 3 9 27
9.0 1.000 1.000 1.000 3 * 3 9 27
9.5 0.917 1.000 1.000 5 * 3 5 9 11 27
10.0 0.917 1.000 1.000 4 * 3 5 9 27
0.5 1.000 1.000 1.000 3 * 3 9 27
1.0 1.000 1.000 1.000 3 * 3 9 27
1.5 1.000 1.000 1.000 3 * 3 9 27
2.0 1.000 1.000 1.000 3 * 3 9 27
2.5 1.000 1.000 1.000 3 * 3 9 27
3.0 1.000 1.000 1.000 3 * 3 9 27
3.5 1.000 1.000 1.000 3 * 3 9 27
4.0 0.906 1.000 1.000 4 * 3 6 9 27
4.5 1.000 1.000 1.000 3 * 3 9 27
5.0 1.000 1.000 1.000 3 * 3 9 27
5.5 0.979 1.000 1.000 4 * 3 9 11 27
6.0 1.000 1.000 1.000 3 * 3 9 27
6.5 1.000 1.000 1.000 3 * 3 9 27
7.0 1.000 1.000 1.000 3 * 3 9 27
7.5 1.000 1.000 1.000 3 * 3 9 27
8.0 0.883 1.000 1.000 5 * 3 5 7 9 27
8.5 1.000 1.000 1.000 3 * 3 9 27
9.0 1.000 1.000 1.000 3 * 3 9 27
9.5 1.000 1.000 1.000 3 * 3 9 27
10.0 1.000 1.000 1.000 3 * 3 9 27
0.5 1.000 1.000 1.000 3 * 3 9 27
1.0 1.000 1.000 1.000 3 * 3 9 27
1.5 1.000 1.000 1.000 3 * 3 9 27
2.0 0.917 1.000 1.000 4 * 3 5 9 27
2.5 1.000 1.000 1.000 3 * 3 9 27
3.0 1.000 1.000 1.000 3 * 3 9 27
3.5 1.000 1.000 1.000 3 * 3 9 27
4.0 1.000 1.000 1.000 3 * 3 9 27
4.5 0.979 1.000 1.000 4 * 3 9 11 27
5.0 0.917 1.000 1.000 4 * 3 5 9 27
5.5 1.000 1.000 1.000 3 * 3 9 27
6.0 1.000 1.000 1.000 3 * 3 9 27
6.5 1.000 1.000 1.000 3 * 3 9 27
7.0 1.000 1.000 1.000 3 * 3 9 27
7.5 1.000 1.000 1.000 3 * 3 9 27
8.0 1.000 1.000 1.000 3 * 3 9 27
8.5 0.979 1.000 1.000 4 * 3 9 11 27
9.0 0.917 1.000 1.000 4 * 3 5 9 27
9.5 1.000 1.000 1.000 3 * 3 9 27
10.0 1.000 1.000 1.000 3 * 3 9 27
0.5 1.000 1.000 1.000 3 * 3 9 27
1.0 1.000 1.000 1.000 3 * 3 9 27
1.5 1.000 1.000 1.000 3 * 3 9 27
2.0 1.000 1.000 1.000 3 * 3 9 27
2.5 0.883 1.000 1.000 5 * 3 5 7 9 27
3.0 1.000 1.000 1.000 3 * 3 9 27
3.5 1.000 1.000 1.000 3 * 3 9 27
4.0 1.000 1.000 1.000 3 * 3 9 27
4.5 1.000 1.000 1.000 3 * 3 9 27
5.0 1.000 1.000 1.000 3 * 3 9 27
5.5 1.000 1.000 1.000 3 * 3 9 27
6.0 1.000 1.000 1.000 3 * 3 9 27
6.5 1.000 1.000 1.000 3 * 3 9 27
7.0 1.000 1.000 1.000 3 * 3 9 27
7.5 1.000 1.000 1.000 3 * 3 9 27
8.0 1.000 1.000 1.000 3 * 3 9 27
8.5 1.000 1.000 1.000 3 * 3 9 27
9.0 1.000 1.000 1.000 3 * 3 9 27
9.5 0.883 1.000 1.000 5 * 3 5 7 9 27
10.0 1.000 1.000 1.000 3 * 3 9 27
0.5 0.750 0.792 1.000 4 * 2 6 8 27
1.0 1.000 1.000 1.000 3 * 3 9 27
1.5 1.000 1.000 1.000 3 * 3 9 27
2.0 0.906 1.000 1.000 4 * 3 6 9 27
2.5 1.000 1.000 1.000 3 * 3 9 27
3.0 1.000 1.000 1.000 3 * 3 9 27
3.5 1.000 1.000 1.000 3 * 3 9 27
4.0 1.000 1.000 1.000 3 * 3 9 27
4.5 1.000 1.000 1.000 3 * 3 9 27
5.0 1.000 1.000 1.000 3 * 3 9 27
5.5 0.883 1.000 1.000 5 * 3 5 7 9 27
6.0 1.000 1.000 1.000 3 * 3 9 27
6.5 1.000 1.000 1.000 3 * 3 9 27
7.0 1.000 1.000 1.000 3 * 3 9 27
7.5 1.000 1.000 1.000 3 * 3 9 27
8.0 1.000 1.000 1.000 3 * 3 9 27
8.5 1.000 1.000 1.000 3 * 3 9 27
9.0 0.979 1.000 1.000 4 * 3 9 11 27
9.5 1.000 1.000 1.000 3 * 3 9 27
10.0 1.000 1.000 1.000 3 * 3 9 27
0.5 1.000 1.000 1.000 3 * 3 9 27
1.0 1.000 0.750 1.000 2 * 3 27
1.5 1.000 1.000 1.000 3 * 3 9 27
2.0 1.000 1.000 1.000 3 * 3 9 27
2.5 1.000 1.000 1.000 3 * 3 9 27
3.0 0.969 1.000 1.000 4 * 3 9 12 27
3.5 1.000 1.000 1.000 3 * 3 9 27
4.0 0.883 1.000 1.000 5 * 3 5 7 9 27
4.5 1.000 1.000 1.000 3 * 3 9 27
5.0 1.000 1.000 1.000 3 * 3 9 27
5.5 1.000 1.000 1.000 3 * 3 9 27
6.0 1.000 1.000 1.000 3 * 3 9 27
6.5 1.000 1.000 1.000 3 * 3 9 27
7.0 1.000 1.000 1.000 3 * 3 9 27
7.5 1.000 1.000 1.000 3 * 3 9 27
8.0 1.000 1.000 1.000 3 * 3 9 27
8.5 1.000 1.000 1.000 3 * 3 9 27
9.0 1.000 1.000 1.000 3 * 3 9 27
9.5 1.000 1.000 1.000 3 * 3 9 27
10.0 1.000 1.000 1.000 3 * 3 9 27
0.5 1.000 1.000 1.000 3 * 3 9 27
1.0 0.906 1.000 1.000 4 * 3 6 9 27
1.5 1.000 1.000 1.000 3 * 3 9 27
2.0 1.000 1.000 1.000 3 * 3 9 27
2.5 1.000 1.000 1.000 3 * 3 9 27
3.0 1.000 1.000 1.000 3 * 3 9 27
3.5 1.000 1.000 1.000 3 * 3 9 27
4.0 1.000 1.000 1.000 3 * 3 9 27
4.5 1.000 1.000 1.000 3 * 3 9 27
5.0 1.000 1.000 1.000 3 * 3 9 27
5.5 1.000 1.000 1.000 3 * 3 9 27
6.0 1.000 1.000 1.000 3 * 3 9 27
6.5 0.883 1.000 1.000 5 * 3 5 7 9 27
7.0 0.883 1.000 1.000 5 * 3 5 7 9 27
7.5 1.000 1.000 1.000 3 * 3 9 27
8.0 1.000 1.000 1.000 3 * 3 9 27
8.5 1.000 1.000 1.000 3 * 3 9 27
9.0 1.000 1.000 1.000 3 * 3 9 27
9.5 1.000 1.000 1.000 3 * 3 9 27
10.0 1.000 1.000 1.000 3 * 3 9 27
0.5 1.000 1.000 1.000 3 * 3 9 27
1.0 1.000 1.000 1.000 3 * 3 9 27
1.5 1.000 1.000 1.000 3 * 3 9 27
2.0 1.000 1.000 1.000 3 * 3 9 27
2.5 0.948 0.972 1.000 4 * 3 8 11 27
3.0 1.000 1.000 1.000 3 * 3 9 27
3.5 1.000 1.000 1.000 3 * 3 9 27
4.0 1.000 1.000 1.000 3 * 3 9 27
4.5 0.906 1.000 1.000 4 * 3 6 9 27
5.0 1.000 1.000 1.000 3 * 3 9 27
5.5 1.000 1.000 1.000 3 * 3 9 27
6.0 1.000 1.000 1.000 3 * 3 9 27
6.5 1.000 1.000 1.000 3 * 3 9 27
7.0 1.000 1.000 1.000 3 * 3 9 27
7.5 1.000 1.000 1.000 3 * 3 9 27
8.0 1.000 1.000 1.000 3 * 3 9 27
8.5 1.000 1.000 1.000 3 * 3 9 27
9.0 1.000 1.000 1.000 3 * 3 9 27
9.5 1.000 1.000 1.000 3 * 3 9 27
10.0 1.000 1.000 1.000 3 * 3 9 27
0.5 1.000 1.000 1.000 3 * 3 9 27
1.0 1.000 1.000 1.000 3 * 3 9 27
1.5 1.000 1.000 1.000 3 * 3 9 27
2.0 1.000 1.000 1.000 3 * 3 9 27
2.5 1.000 1.000 1.000 3 * 3 9 27
3.0 1.000 1.000 1.000 3 * 3 9 27
3.5 0.906 1.000 1.000 4 * 3 6 9 27
4.0 1.000 1.000 1.000 3 * 3 9 27
4.5 0.906 1.000 1.000 4 * 3 6 9 27
5.0 1.000 1.000 1.000 3 * 3 9 27
5.5 1.000 1.000 1.000 3 * 3 9 27
6.0 1.000 1.000 1.000 3 * 3 9 27
6.5 1.000 1.000 1.000 3 * 3 9 27
7.0 1.000 1.000 1.000 3 * 3 9 27
7.5 0.938 1.000 1.000 4 * 3 7 9 27
8.0 1.000 1.000 1.000 3 * 3 9 27
8.5 1.000 1.000 1.000 3 * 3 9 27
9.0 1.000 1.000 1.000 3 * 3 9 27
9.5 1.000 1.000 1.000 3 * 3 9 27
10.0 1.000 1.000 1.000 3 * 3 9 27
0.5 0.917 1.000 1.000 4 * 3 5 9 27
1.0 1.000 1.000 1.000 3 * 3 9 27
1.5 1.000 1.000 1.000 3 * 3 9 27
2.0 1.000 1.000 1.000 3 * 3 9 27
2.5 1.000 1.000 1.000 3 * 3 9 27
3.0 1.000 1.000 1.000 3 * 3 9 27
3.5 1.000 1.000 1.000 3 * 3 9 27
4.0 1.000 1.000 1.000 3 * 3 9 27
4.5 1.000 1.000 1.000 3 * 3 9 27
5.0 1.000 1.000 1.000 3 * 3 9 27
5.5 1.000 1.000 1.000 3 * 3 9 27
6.0 1.000 1.000 1.000 3 * 3 9 27
6.5 1.000 1.000 1.000 3 * 3 9 27
7.0 1.000 1.000 1.000 3 * 3 9 27
7.5 1.000 1.000 1.000 3 * 3 9 27
8.0 1.000 1.000 1.000 3 * 3 9 27
8.5 1.000 1.000 1.000 3 * 3 9 27
9.0 1.000 1.000 1.000 3 * 3 9 27
9.5 1.000 1.000 1.000 3 * 3 9 27
10.0 1.000 1.000 1.000 3 * 3 9 27
0.5 1.000 1.000 1.000 3 * 3 9 27
1.0 1.000 1.000 1.000 3 * 3 9 27
1.5 1.000 1.000 1.000 3 * 3 9 27
2.0 1.000 1.000 1.000 3 * 3 9 27
2.5 1.000 1.000 1.000 3 * 3 9 27
3.0 1.000 1.000 1.000 3 * 3 9 27
3.5 1.000 1.000 1.000 3 * 3 9 27
4.0 0.833 0.833 1.000 3 * 2 9 27
4.5 1.000 1.000 1.000 3 * 3 9 27
5.0 1.000 1.000 1.000 3 * 3 9 27
5.5 1.000 1.000 1.000 3 * 3 9 27
6.0 1.000 1.000 1.000 3 * 3 9 27
6.5 1.000 1.000 1.000 3 * 3 9 27
7.0 1.000 1.000 1.000 3 * 3 9 27
7.5 1.000 1.000 1.000 3 * 3 9 27
8.0 1.000 1.000 1.000 3 * 3 9 27
8.5 1.000 1.000 1.000 3 * 3 9 27
9.0 1.000 1.000 1.000 3 * 3 9 27
9.5 1.000 1.000 1.000 3 * 3 9 27
10.0 1.000 1.000 1.000 3 * 3 9 27
0.5 1.000 1.000 1.000 3 * 3 9 27
1.0 1.000 1.000 1.000 3 * 3 9 27
1.5 1.000 1.000 1.000 3 * 3 9 27
2.0 1.000 1.000 1.000 3 * 3 9 27
2.5 1.000 1.000 1.000 3 * 3 9 27
3.0 0.917 0.986 1.000 5 * 3 7 10 12 27
3.5 1.000 1.000 1.000 3 * 3 9 27
4.0 1.000 1.000 1.000 3 * 3 9 27
4.5 1.000 1.000 1.000 3 * 3 9 27
5.0 1.000 1.000 1.000 3 * 3 9 27
5.5 1.000 1.000 1.000 3 * 3 9 27
6.0 1.000 1.000 1.000 3 * 3 9 27
6.5 0.883 1.000 1.000 5 * 3 5 7 9 27
7.0 1.000 1.000 1.000 3 * 3 9 27
7.5 1.000 1.000 1.000 3 * 3 9 27
8.0 0.917 1.000 1.000 4 * 3 5 9 27
8.5 0.917 1.000 1.000 4 * 3 5 9 27
9.0 1.000 1.000 1.000 3 * 3 9 27
9.5 1.000 1.000 1.000 3 * 3 9 27
10.0 1.000 1.000 1.000 3 * 3 9 27
0.5 1.000 0.750 1.000 2 * 3 27
1.0 1.000 1.000 1.000 3 * 3 9 27
1.5 0.906 1.000 1.000 4 * 3 6 9 27
2.0 1.000 1.000 1.000 3 * 3 9 27
2.5 1.000 1.000 1.000 3 * 3 9 27
3.0 1.000 1.000 1.000 3 * 3 9 27
3.5 1.000 1.000 1.000 3 * 3 9 27
4.0 1.000 1.000 1.000 3 * 3 9 27
4.5 1.000 1.000 1.000 3 * 3 9 27
5.0 1.000 1.000 1.000 3 * 3 9 27
5.5 1.000 1.000 1.000 3 * 3 9 27
6.0 0.938 1.000 1.000 4 * 3 7 9 27
6.5 1.000 1.000 1.000 3 * 3 9 27
7.0 1.000 1.000 1.000 3 * 3 9 27
7.5 1.000 1.000 1.000 3 * 3 9 27
8.0 1.000 1.000 1.000 3 * 3 9 27
8.5 1.000 1.000 1.000 3 * 3 9 27
9.0 1.000 1.000 1.000 3 * 3 9 27
9.5 1.000 1.000 1.000 3 * 3 9 27
10.0 1.000 1.000 1.000 3 * 3 9 27
0.5 1.000 1.000 1.000 3 * 3 9 27
1.0 1.000 1.000 1.000 3 * 3 9 27
1.5 1.000 1.000 1.000 3 * 3 9 27
2.0 1.000 1.000 1.000 3 * 3 9 27
2.5 0.908 1.000 1.000 5 * 3 6 9 11 27
3.0 1.000 1.000 1.000 3 * 3 9 27
3.5 1.000 1.000 1.000 3 * 3 9 27
4.0 1.000 1.000 1.000 3 * 3 9 27
4.5 1.000 1.000 1.000 3 * 3 9 27
5.0 0.906 1.000 1.000 4 * 3 6 9 27
5.5 1.000 1.000 1.000 3 * 3 9 27
6.0 1.000 1.000 1.000 3 * 3 9 27
6.5 1.000 1.000 1.000 3 * 3 9 27
7.0 1.000 1.000 1.000 3 * 3 9 27
7.5 1.000 1.000 1.000 3 * 3 9 27
8.0 1.000 1.000 1.000 3 * 3 9 27
8.5 1.000 1.000 1.000 3 * 3 9 27
9.0 1.000 1.000 1.000 3 * 3 9 27
9.5 0.906 1.000 1.000 4 * 3 6 9 27
10.0 1.000 1.000 1.000 3 * 3 9 27
0.5 1.000 1.000 1.000 3 * 3 9 27
1.0 1.000 1.000 1.000 3 * 3 9 27
1.5 1.000 1.000 1.000 3 * 3 9 27
2.0 1.000 1.000 1.000 3 * 3 9 27
2.5 1.000 1.000 1.000 3 * 3 9 27
3.0 0.917 1.000 1.000 4 * 3 5 9 27
3.5 1.000 1.000 1.000 3 * 3 9 27
4.0 1.000 1.000 1.000 3 * 3 9 27
4.5 1.000 1.000 1.000 3 * 3 9 27
5.0 1.000 1.000 1.000 3 * 3 9 27
5.5 1.000 1.000 1.000 3 * 3 9 27
6.0 1.000 1.000 1.000 3 * 3 9 27
6.5 1.000 1.000 1.000 3 * 3 9 27
7.0 1.000 1.000 1.000 3 * 3 9 27
7.5 1.000 1.000 1.000 3 * 3 9 27
8.0 0.979 1.000 1.000 4 * 3 9 11 27
8.5 1.000 1.000 1.000 3 * 3 9 27
9.0 1.000 1.000 1.000 3 * 3 9 27
9.5 1.000 1.000 1.000 3 * 3 9 27
10.0 1.000 1.000 1.000 3 * 3 9 27
0.5 0.750 0.583 1.000 2 * 2 27
1.0 1.000 1.000 1.000 3 * 3 9 27
1.5 1.000 1.000 1.000 3 * 3 9 27
2.0 1.000 1.000 1.000 3 * 3 9 27
2.5 1.000 1.000 1.000 3 * 3 9 27
3.0 1.000 1.000 1.000 3 * 3 9 27
3.5 1.000 1.000 1.000 3 * 3 9 27
4.0 0.979 1.000 1.000 4 * 3 9 11 27
4.5 1.000 1.000 1.000 3 * 3 9 27
5.0 1.000 1.000 1.000 3 * 3 9 27
5.5 1.000 1.000 1.000 3 * 3 9 27
6.0 1.000 1.000 1.000 3 * 3 9 27
6.5 0.906 1.000 1.000 4 * 3 6 9 27
7.0 0.938 1.000 1.000 4 * 3 7 9 27
7.5 1.000 1.000 1.000 3 * 3 9 27
8.0 1.000 1.000 1.000 3 * 3 9 27
8.5 1.000 1.000 1.000 3 * 3 9 27
9.0 1.000 1.000 1.000 3 * 3 9 27
9.5 1.000 1.000 1.000 3 * 3 9 27
10.0 1.000 1.000 1.000 3 * 3 9 27
0.5 0.833 0.833 1.000 3 * 2 9 27
1.0 0.833 0.833 1.000 3 * 2 9 27
1.5 1.000 1.000 1.000 3 * 3 9 27
2.0 1.000 1.000 1.000 3 * 3 9 27
2.5 0.906 1.000 1.000 4 * 3 6 9 27
3.0 1.000 1.000 1.000 3 * 3 9 27
3.5 1.000 1.000 1.000 3 * 3 9 27
4.0 1.000 1.000 1.000 3 * 3 9 27
4.5 1.000 1.000 1.000 3 * 3 9 27
5.0 0.917 1.000 1.000 4 * 3 5 9 27
5.5 0.833 0.833 1.000 3 * 2 9 27
6.0 0.969 1.000 1.000 4 * 3 9 12 27
6.5 1.000 1.000 1.000 3 * 3 9 27
7.0 1.000 1.000 1.000 3 * 3 9 27
7.5 1.000 1.000 1.000 3 * 3 9 27
8.0 1.000 1.000 1.000 3 * 3 9 27
8.5 1.000 1.000 1.000 3 * 3 9 27
9.0 1.000 1.000 1.000 3 * 3 9 27
9.5 1.000 1.000 1.000 3 * 3 9 27
10.0 1.000 1.000 1.000 3 * 3 9 27
0.5 1.000 1.000 1.000 3 * 3 9 27
1.0 1.000 1.000 1.000 3 * 3 9 27
1.5 0.906 1.000 1.000 4 * 3 6 9 27
2.0 1.000 1.000 1.000 3 * 3 9 27
2.5 0.883 1.000 1.000 5 * 3 5 7 9 27
3.0 1.000 1.000 1.000 3 * 3 9 27
3.5 1.000 1.000 1.000 3 * 3 9 27
4.0 1.000 1.000 1.000 3 * 3 9 27
4.5 1.000 1.000 1.000 3 * 3 9 27
5.0 1.000 1.000 1.000 3 * 3 9 27
5.5 1.000 1.000 1.000 3 * 3 9 27
6.0 1.000 1.000 1.000 3 * 3 9 27
6.5 1.000 1.000 1.000 3 * 3 9 27
7.0 1.000 1.000 1.000 3 * 3 9 27
7.5 1.000 1.000 1.000 3 * 3 9 27
8.0 1.000 1.000 1.000 3 * 3 9 27
8.5 1.000 1.000 1.000 3 * 3 9 27
9.0 1.000 1.000 1.000 3 * 3 9 27
9.5 1.000 1.000 1.000 3 * 3 9 27
10.0 1.000 1.000 1.000 3 * 3 9 27
0.5 1.000 0.750 1.000 2 * 3 27
1.0 1.000 1.000 1.000 3 * 3 9 27
1.5 1.000 1.000 1.000 3 * 3 9 27
2.0 1.000 1.000 1.000 3 * 3 9 27
2.5 1.000 1.000 1.000 3 * 3 9 27
3.0 1.000 1.000 1.000 3 * 3 9 27
3.5 1.000 1.000 1.000 3 * 3 9 27
4.0 1.000 1.000 1.000 3 * 3 9 27
4.5 0.906 1.000 1.000 4 * 3 6 9 27
5.0 1.000 1.000 1.000 3 * 3 9 27
5.5 1.000 1.000 1.000 3 * 3 9 27
6.0 1.000 1.000 1.000 3 * 3 9 27
6.5 1.000 1.000 1.000 3 * 3 9 27
7.0 0.979 1.000 1.000 4 * 3 9 11 27
7.5 1.000 1.000 1.000 3 * 3 9 27
8.0 1.000 1.000 1.000 3 * 3 9 27
8.5 1.000 1.000 1.000 3 * 3 9 27
9.0 1.000 1.000 1.000 3 * 3 9 27
9.5 1.000 1.000 1.000 3 * 3 9 27
10.0 1.000 1.000 1.000 3 * 3 9 27
0.5 1.000 1.000 1.000 3 * 3 9 27
1.0 1.000 1.000 1.000 3 * 3 9 27
1.5 0.833 0.833 1.000 3 * 2 9 27
2.0 1.000 1.000 1.000 3 * 3 9 27
2.5 1.000 1.000 1.000 3 * 3 9 27
3.0 1.000 1.000 1.000 3 * 3 9 27
3.5 1.000 1.000 1.000 3 * 3 9 27
4.0 1.000 1.000 1.000 3 * 3 9 27
4.5 1.000 1.000 1.000 3 * 3 9 27
5.0 0.917 1.000 1.000 4 * 3 5 9 27
5.5 1.000 1.000 1.000 3 * 3 9 27
6.0 1.000 1.000 1.000 3 * 3 9 27
6.5 1.000 1.000 1.000 3 * 3 9 27
7.0 1.000 1.000 1.000 3 * 3 9 27
7.5 0.917 1.000 1.000 4 * 3 5 9 27
8.0 1.000 1.000 1.000 3 * 3 9 27
8.5 1.000 1.000 1.000 3 * 3 9 27
9.0 1.000 1.000 1.000 3 * 3 9 27
9.5 1.000 1.000 1.000 3 * 3 9 27
10.0 0.917 1.000 1.000 4 * 3 5 9 27
0.5 1.000 1.000 1.000 3 * 3 9 27
1.0 1.000 1.000 1.000 3 * 3 9 27
1.5 1.000 1.000 1.000 3 * 3 9 27
2.0 1.000 1.000 1.000 3 * 3 9 27
2.5 1.000 1.000 1.000 3 * 3 9 27
3.0 1.000 1.000 1.000 3 * 3 9 27
3.5 1.000 1.000 1.000 3 * 3 9 27
4.0 1.000 1.000 1.000 3 * 3 9 27
4.5 0.946 1.000 1.000 6 * 3 9 11 13 25 27
5.0 1.000 1.000 1.000 3 * 3 9 27
5.5 1.000 1.000 1.000 3 * 3 9 27
6.0 1.000 1.000 1.000 3 * 3 9 27
6.5 1.000 1.000 1.000 3 * 3 9 27
7.0 1.000 1.000 1.000 3 * 3 9 27
7.5 1.000 1.000 1.000 3 * 3 9 27
8.0 1.000 1.000 1.000 3 * 3 9 27
8.5 1.000 1.000 1.000 3 * 3 9 27
9.0 1.000 1.000 1.000 3 * 3 9 27
9.5 1.000 1.000 1.000 3 * 3 9 27
10.0 1.000 1.000 1.000 3 * 3 9 27
0.5 1.000 1.000 1.000 3 * 3 9 27
1.0 0.917 1.000 1.000 4 * 3 5 9 27
1.5 1.000 1.000 1.000 3 * 3 9 27
2.0 0.979 1.000 1.000 4 * 3 9 11 27
2.5 1.000 1.000 1.000 3 * 3 9 27
3.0 1.000 1.000 1.000 3 * 3 9 27
3.5 1.000 1.000 1.000 3 * 3 9 27
4.0 1.000 1.000 1.000 3 * 3 9 27
4.5 1.000 1.000 1.000 3 * 3 9 27
5.0 1.000 1.000 1.000 3 * 3 9 27
5.5 1.000 1.000 1.000 3 * 3 9 27
6.0 1.000 1.000 1.000 3 * 3 9 27
6.5 1.000 1.000 1.000 3 * 3 9 27
7.0 0.938 1.000 1.000 4 * 3 7 9 27
7.5 1.000 1.000 1.000 3 * 3 9 27
8.0 1.000 1.000 1.000 3 * 3 9 27
8.5 1.000 1.000 1.000 3 * 3 9 27
9.0 1.000 1.000 1.000 3 * 3 9 27
9.5 0.969 1.000 1.000 4 * 3 9 12 27
10.0 0.938 1.000 1.000 4 * 3 7 9 27
0.5 0.750 0.583 1.000 2 * 2 27
1.0 0.833 0.833 1.000 3 * 2 9 27
1.5 1.000 1.000 1.000 3 * 3 9 27
2.0 1.000 1.000 1.000 3 * 3 9 27
2.5 1.000 1.000 1.000 3 * 3 9 27
3.0 1.000 1.000 1.000 3 * 3 9 27
3.5 1.000 1.000 1.000 3 * 3 9 27
4.0 0.917 1.000 1.000 4 * 3 5 9 27
4.5 1.000 1.000 1.000 3 * 3 9 27
5.0 0.917 0.986 1.000 5 * 3 7 10 12 27
5.5 1.000 1.000 1.000 3 * 3 9 27
6.0 0.979 1.000 1.000 4 * 3 9 11 27
6.5 1.000 1.000 1.000 3 * 3 9 27
7.0 1.000 1.000 1.000 3 * 3 9 27
7.5 1.000 1.000 1.000 3 * 3 9 27
8.0 1.000 1.000 1.000 3 * 3 9 27
8.5 1.000 1.000 1.000 3 * 3 9 27
9.0 1.000 1.000 1.000 3 * 3 9 27
9.5 1.000 1.000 1.000 3 * 3 9 27
10.0 1.000 1.000 1.000 3 * 3 9 27
0.5 1.000 1.000 1.000 3 * 3 9 27
1.0 1.000 1.000 1.000 3 * 3 9 27
1.5 1.000 1.000 1.000 3 * 3 9 27
2.0 1.000 1.000 1.000 3 * 3 9 27
2.5 1.000 1.000 1.000 3 * 3 9 27
3.0 1.000 1.000 1.000 3 * 3 9 27
3.5 1.000 1.000 1.000 3 * 3 9 27
4.0 1.000 1.000 1.000 3 * 3 9 27
4.5 1.000 1.000 1.000 3 * 3 9 27
5.0 1.000 1.000 1.000 3 * 3 9 27
5.5 1.000 1.000 1.000 3 * 3 9 27
6.0 0.906 1.000 1.000 4 * 3 6 9 27
6.5 1.000 1.000 1.000 3 * 3 9 27
7.0 0.917 1.000 1.000 4 * 3 5 9 27
7.5 0.917 1.000 1.000 4 * 3 5 9 27
8.0 1.000 1.000 1.000 3 * 3 9 27
8.5 1.000 1.000 1.000 3 * 3 9 27
9.0 0.917 1.000 1.000 4 * 3 5 9 27
9.5 0.917 1.000 1.000 4 * 3 5 9 27
10.0 1.000 1.000 1.000 3 * 3 9 27
0.5 1.000 1.000 1.000 3 * 3 9 27
1.0 1.000 1.000 1.000 3 * 3 9 27
1.5 1.000 1.000 1.000 3 * 3 9 27
2.0 1.000 1.000 1.000 3 * 3 9 27
2.5 1.000 1.000 1.000 3 * 3 9 27
3.0 1.000 1.000 1.000 3 * 3 9 27
3.5 1.000 1.000 1.000 3 * 3 9 27
4.0 0.917 0.986 1.000 5 * 3 7 10 12 27
4.5 1.000 1.000 1.000 3 * 3 9 27
5.0 1.000 1.000 1.000 3 * 3 9 27
5.5 1.000 1.000 1.000 3 * 3 9 27
6.0 1.000 1.000 1.000 3 * 3 9 27
6.5 1.000 1.000 1.000 3 * 3 9 27
7.0 1.000 1.000 1.000 3 * 3 9 27
7.5 1.000 1.000 1.000 3 * 3 9 27
8.0 1.000 1.000 1.000 3 * 3 9 27
8.5 1.000 1.000 1.000 3 * 3 9 27
9.0 1.000 1.000 1.000 3 * 3 9 27
9.5 1.000 1.000 1.000 3 * 3 9 27
10.0 1.000 1.000 1.000 3 * 3 9 27
0.5 1.000 1.000 1.000 3 * 3 9 27
1.0 1.000 1.000 1.000 3 * 3 9 27
1.5 1.000 1.000 1.000 3 * 3 9 27
2.0 1.000 1.000 1.000 3 * 3 9 27
2.5 1.000 1.000 1.000 3 * 3 9 27
3.0 1.000 1.000 1.000 3 * 3 9 27
3.5 1.000 1.000 1.000 3 * 3 9 27
4.0 1.000 1.000 1.000 3 * 3 9 27
4.5 1.000 1.000 1.000 3 * 3 9 27
5.0 1.000 1.000 1.000 3 * 3 9 27
5.5 1.000 1.000 1.000 3 * 3 9 27
6.0 1.000 1.000 1.000 3 * 3 9 27
6.5 1.000 1.000 1.000 3 * 3 9 27
7.0 1.000 1.000 1.000 3 * 3 9 27
7.5 1.000 1.000 1.000 3 * 3 9 27
8.0 1.000 1.000 1.000 3 * 3 9 27
8.5 1.000 1.000 1.000 3 * 3 9 27
9.0 1.000 1.000 1.000 3 * 3 9 27
9.5 1.000 1.000 1.000 3 * 3 9 27
10.0 1.000 1.000 1.000 3 * 3 9 27
0.5 1.000 1.000 1.000 3 * 3 9 27
1.0 1.000 1.000 1.000 3 * 3 9 27
1.5 1.000 1.000 1.000 3 * 3 9 27
2.0 1.000 1.000 1.000 3 * 3 9 27
2.5 1.000 1.000 1.000 3 * 3 9 27
3.0 1.000 1.000 1.000 3 * 3 9 27
3.5 1.000 1.000 1.000 3 * 3 9 27
4.0 1.000 1.000 1.000 3 * 3 9 27
4.5 1.000 1.000 1.000 3 * 3 9 27
5.0 1.000 1.000 1.000 3 * 3 9 27
5.5 0.883 1.000 1.000 5 * 3 5 7 9 27
6.0 0.938 1.000 1.000 4 * 3 7 9 27
6.5 1.000 1.000 1.000 3 * 3 9 27
7.0 1.000 1.000 1.000 3 * 3 9 27
7.5 1.000 1.000 1.000 3 * 3 9 27
8.0 1.000 1.000 1.000 3 * 3 9 27
8.5 1.000 1.000 1.000 3 * 3 9 27
9.0 1.000 1.000 1.000 3 * 3 9 27
9.5 1.000 1.000 1.000 3 * 3 9 27
10.0 1.000 1.000 1.000 3 * 3 9 27
0.5 0.958 0.958 1.000 3 * 3 8 27
1.0 1.000 1.000 1.000 3 * 3 9 27
1.5 1.000 1.000 1.000 3 * 3 9 27
2.0 1.000 1.000 1.000 3 * 3 9 27
2.5 1.000 1.000 1.000 3 * 3 9 27
3.0 1.000 1.000 1.000 3 * 3 9 27
3.5 1.000 1.000 1.000 3 * 3 9 27
4.0 1.000 1.000 1.000 3 * 3 9 27
4.5 0.917 1.000 1.000 4 * 3 5 9 27
5.0 1.000 1.000 1.000 3 * 3 9 27
5.5 1.000 1.000 1.000 3 * 3 9 27
6.0 1.000 1.000 1.000 3 * 3 9 27
6.5 1.000 1.000 1.000 3 * 3 9 27
7.0 1.000 1.000 1.000 3 * 3 9 27
7.5 1.000 1.000 1.000 3 * 3 9 27
8.0 1.000 1.000 1.000 3 * 3 9 27
8.5 1.000 1.000 1.000 3 * 3 9 27
9.0 1.000 1.000 1.000 3 * 3 9 27
9.5 0.969 1.000 1.000 4 * 3 9 12 27
10.0 1.000 1.000 1.000 3 * 3 9 27
0.5 1.000 1.000 1.000 3 * 3 9 27
1.0 1.000 1.000 1.000 3 * 3 9 27
1.5 0.883 1.000 1.000 5 * 3 5 7 9 27
2.0 1.000 1.000 1.000 3 * 3 9 27
2.5 1.000 1.000 1.000 3 * 3 9 27
3.0 1.000 1.000 1.000 3 * 3 9 27
3.5 1.000 1.000 1.000 3 * 3 9 27
4.0 1.000 1.000 1.000 3 * 3 9 27
4.5 1.000 1.000 1.000 3 * 3 9 27
5.0 1.000 1.000 1.000 3 * 3 9 27
5.5 0.917 1.000 1.000 4 * 3 5 9 27
6.0 0.938 1.000 1.000 4 * 3 7 9 27
6.5 1.000 1.000 1.000 3 * 3 9 27
7.0 1.000 1.000 1.000 3 * 3 9 27
7.5 1.000 1.000 1.000 3 * 3 9 27
8.0 1.000 1.000 1.000 3 * 3 9 27
8.5 1.000 1.000 1.000 3 * 3 9 27
9.0 1.000 1.000 1.000 3 * 3 9 27
9.5 0.906 1.000 1.000 4 * 3 6 9 27
10.0 1.000 1.000 1.000 3 * 3 9 27
0.5 0.917 1.000 1.000 4 * 3 5 9 27
1.0 1.000 1.000 1.000 3 * 3 9 27
1.5 1.000 1.000 1.000 3 * 3 9 27
2.0 1.000 1.000 1.000 3 * 3 9 27
2.5 1.000 1.000 1.000 3 * 3 9 27
3.0 1.000 1.000 1.000 3 * 3 9 27
3.5 1.000 1.000 1.000 3 * 3 9 27
4.0 1.000 1.000 1.000 3 * 3 9 27
4.5 0.906 1.000 1.000 4 * 3 6 9 27
5.0 0.917 0.986 1.000 5 * 3 7 10 12 27
5.5 1.000 1.000 1.000 3 * 3 9 27
6.0 1.000 1.000 1.000 3 * 3 9 27
6.5 1.000 1.000 1.000 3 * 3 9 27
7.0 1.000 1.000 1.000 3 * 3 9 27
7.5 0.979 1.000 1.000 4 * 3 9 11 27
8.0 1.000 1.000 1.000 3 * 3 9 27
8.5 1.000 1.000 1.000 3 * 3 9 27
9.0 1.000 1.000 1.000 3 * 3 9 27
9.5 1.000 1.000 1.000 3 * 3 9 27
10.0 1.000 1.000 1.000 3 * 3 9 27
0.5 1.000 1.000 1.000 3 * 3 9 27
1.0 0.833 0.833 1.000 3 * 2 9 27
1.5 0.917 1.000 1.000 4 * 3 5 9 27
2.0 1.000 1.000 1.000 3 * 3 9 27
2.5 1.000 1.000 1.000 3 * 3 9 27
3.0 0.917 1.000 1.000 4 * 3 5 9 27
3.5 1.000 1.000 1.000 3 * 3 9 27
4.0 0.906 1.000 1.000 4 * 3 6 9 27
4.5 0.969 1.000 1.000 4 * 3 9 12 27
5.0 1.000 1.000 1.000 3 * 3 9 27
5.5 1.000 1.000 1.000 3 * 3 9 27
6.0 1.000 1.000 1.000 3 * 3 9 27
6.5 1.000 1.000 1.000 3 * 3 9 27
7.0 1.000 1.000 1.000 3 * 3 9 27
7.5 1.000 1.000 1.000 3 * 3 9 27
8.0 1.000 1.000 1.000 3 * 3 9 27
8.5 1.000 1.000 1.000 3 * 3 9 27
9.0 1.000 1.000 1.000 3 * 3 9 27
9.5 1.000 1.000 1.000 3 * 3 9 27
10.0 1.000 1.000 1.000 3 * 3 9 27
0.5 0.917 1.000 1.000 4 * 3 5 9 27
1.0 0.833 0.833 1.000 3 * 2 9 27
1.5 1.000 1.000 1.000 3 * 3 9 27
2.0 1.000 1.000 1.000 3 * 3 9 27
2.5 1.000 1.000 1.000 3 * 3 9 27
3.0 1.000 1.000 1.000 3 * 3 9 27
3.5 1.000 1.000 1.000 3 * 3 9 27
4.0 1.000 1.000 1.000 3 * 3 9 27
4.5 1.000 1.000 1.000 3 * 3 9 27
5.0 1.000 1.000 1.000 3 * 3 9 27
5.5 1.000 1.000 1.000 3 * 3 9 27
6.0 1.000 1.000 1.000 3 * 3 9 27
6.5 0.979 1.000 1.000 4 * 3 9 11 27
7.0 0.979 1.000 1.000 4 * 3 9 11 27
7.5 1.000 1.000 1.000 3 * 3 9 27
8.0 1.000 1.000 1.000 3 * 3 9 27
8.5 1.000 1.000 1.000 3 * 3 9 27
9.0 1.000 1.000 1.000 3 * 3 9 27
9.5 1.000 1.000 1.000 3 * 3 9 27
10.0 0.917 1.000 1.000 4 * 3 5 9 27
0.5 1.000 1.000 1.000 3 * 3 9 27
1.0 1.000 1.000 1.000 3 * 3 9 27
1.5 1.000 1.000 1.000 3 * 3 9 27
2.0 1.000 1.000 1.000 3 * 3 9 27
2.5 1.000 1.000 1.000 3 * 3 9 27
3.0 0.979 1.000 1.000 4 * 3 9 11 27
3.5 0.938 1.000 1.000 4 * 3 7 9 27
4.0 1.000 1.000 1.000 3 * 3 9 27
4.5 1.000 1.000 1.000 3 * 3 9 27
5.0 1.000 1.000 1.000 3 * 3 9 27
5.5 1.000 1.000 1.000 3 * 3 9 27
6.0 1.000 1.000 1.000 3 * 3 9 27
6.5 1.000 1.000 1.000 3 * 3 9 27
7.0 0.917 1.000 1.000 4 * 3 5 9 27
7.5 1.000 1.000 1.000 3 * 3 9 27
8.0 1.000 1.000 1.000 3 * 3 9 27
8.5 1.000 1.000 1.000 3 * 3 9 27
9.0 1.000 1.000 1.000 3 * 3 9 27
9.5 1.000 1.000 1.000 3 * 3 9 27
10.0 1.000 1.000 1.000 3 * 3 9 27
0.5 1.000 1.000 1.000 3 * 3 9 27
1.0 0.883 1.000 1.000 5 * 3 5 7 9 27
1.5 1.000 1.000 1.000 3 * 3 9 27
2.0 1.000 1.000 1.000 3 * 3 9 27
2.5 0.906 1.000 1.000 4 * 3 6 9 27
3.0 1.000 1.000 1.000 3 * 3 9 27
3.5 1.000 1.000 1.000 3 * 3 9 27
4.0 1.000 1.000 1.000 3 * 3 9 27
4.5 1.000 1.000 1.000 3 * 3 9 27
5.0 1.000 1.000 1.000 3 * 3 9 27
5.5 1.000 1.000 1.000 3 * 3 9 27
6.0 1.000 1.000 1.000 3 * 3 9 27
6.5 1.000 1.000 1.000 3 * 3 9 27
7.0 1.000 1.000 1.000 3 * 3 9 27
7.5 1.000 1.000 1.000 3 * 3 9 27
8.0 1.000 1.000 1.000 3 * 3 9 27
8.5 1.000 1.000 1.000 3 * 3 9 27
9.0 0.917 1.000 1.000 4 * 3 5 9 27
9.5 1.000 1.000 1.000 3 * 3 9 27
10.0 1.000 1.000 1.000 3 * 3 9 27
0.5 1.000 0.750 1.000 2 * 3 27
1.0 1.000 1.000 1.000 3 * 3 9 27
1.5 1.000 1.000 1.000 3 * 3 9 27
2.0 1.000 1.000 1.000 3 * 3 9 27
2.5 1.000 1.000 1.000 3 * 3 9 27
3.0 1.000 1.000 1.000 3 * 3 9 27
3.5 1.000 1.000 1.000 3 * 3 9 27
4.0 1.000 1.000 1.000 3 * 3 9 27
4.5 1.000 1.000 1.000 3 * 3 9 27
5.0 1.000 1.000 1.000 3 * 3 9 27
5.5 0.917 1.000 1.000 4 * 3 5 9 27
6.0 0.917 1.000 1.000 4 * 3 5 9 27
6.5 1.000 1.000 1.000 3 * 3 9 27
7.0 1.000 1.000 1.000 3 * 3 9 27
7.5 1.000 1.000 1.000 3 * 3 9 27
8.0 1.000 1.000 1.000 3 * 3 9 27
8.5 1.000 1.000 1.000 3 * 3 9 27
9.0 1.000 1.000 1.000 3 * 3 9 27
9.5 1.000 1.000 1.000 3 * 3 9 27
10.0 1.000 1.000 1.000 3 * 3 9 27
0.5 1.000 0.750 1.000 2 * 3 27
1.0 1.000 1.000 1.000 3 * 3 9 27
1.5 1.000 1.000 1.000 3 * 3 9 27
2.0 1.000 1.000 1.000 3 * 3 9 27
2.5 1.000 1.000 1.000 3 * 3 9 27
3.0 1.000 1.000 1.000 3 * 3 9 27
3.5 1.000 1.000 1.000 3 * 3 9 27
4.0 0.979 1.000 1.000 4 * 3 9 11 27
4.5 1.000 1.000 1.000 3 * 3 9 27
5.0 1.000 1.000 1.000 3 * 3 9 27
5.5 1.000 1.000 1.000 3 * 3 9 27
6.0 1.000 1.000 1.000 3 * 3 9 27
6.5 0.883 1.000 1.000 5 * 3 5 7 9 27
7.0 1.000 1.000 1.000 3 * 3 9 27
7.5 1.000 1.000 1.000 3 * 3 9 27
8.0 1.000 1.000 1.000 3 * 3 9 27
8.5 1.000 1.000 1.000 3 * 3 9 27
9.0 1.000 1.000 1.000 3 * 3 9 27
9.5 1.000 1.000 1.000 3 * 3 9 27
10.0 1.000 1.000 1.000 3 * 3 9 27
0.5 1.000 1.000 1.000 3 * 3 9 27
1.0 1.000 1.000 1.000 3 * 3 9 27
1.5 1.000 1.000 1.000 3 * 3 9 27
2.0 1.000 1.000 1.000 3 * 3 9 27
2.5 1.000 1.000 1.000 3 * 3 9 27
3.0 1.000 1.000 1.000 3 * 3 9 27
3.5 1.000 1.000 1.000 3 * 3 9 27
4.0 1.000 1.000 1.000 3 * 3 9 27
4.5 1.000 1.000 1.000 3 * 3 9 27
5.0 1.000 1.000 1.000 3 * 3 9 27
5.5 1.000 1.000 1.000 3 * 3 9 27
6.0 1.000 1.000 1.000 3 * 3 9 27
6.5 1.000 1.000 1.000 3 * 3 9 27
7.0 0.865 0.944 1.000 4 * 4 6 9 27
7.5 1.000 1.000 1.000 3 * 3 9 27
8.0 1.000 1.000 1.000 3 * 3 9 27
8.5 1.000 1.000 1.000 3 * 3 9 27
9.0 1.000 1.000 1.000 3 * 3 9 27
9.5 1.000 1.000 1.000 3 * 3 9 27
10.0 1.000 1.000 1.000 3 * 3 9 27
0.5 1.000 1.000 1.000 3 * 3 9 27
1.0 1.000 1.000 1.000 3 * 3 9 27
1.5 1.000 1.000 1.000 3 * 3 9 27
2.0 1.000 1.000 1.000 3 * 3 9 27
2.5 1.000 1.000 1.000 3 * 3 9 27
3.0 0.917 1.000 1.000 4 * 3 5 9 27
3.5 1.000 1.000 1.000 3 * 3 9 27
4.0 1.000 1.000 1.000 3 * 3 9 27
4.5 1.000 1.000 1.000 3 * 3 9 27
5.0 1.000 1.000 1.000 3 * 3 9 27
5.5 1.000 1.000 1.000 3 * 3 9 27
6.0 1.000 1.000 1.000 3 * 3 9 27
6.5 1.000 1.000 1.000 3 * 3 9 27
7.0 1.000 1.000 1.000 3 * 3 9 27
7.5 1.000 1.000 1.000 3 * 3 9 27
8.0 1.000 1.000 1.000 3 * 3 9 27
8.5 0.951 1.000 1.000 5 * 3 9 13 25 27
9.0 1.000 1.000 1.000 3 * 3 9 27
9.5 1.000 1.000 1.000 3 * 3 9 27
10.0 1.000 1.000 1.000 3 * 3 9 27
