0.5 0.000 0.000 0.000 1 * 1
1.0 0.000 0.000 0.000 1 * 1
1.5 0.538 0.242 0.048 1 * 3
2.0 0.723 0.323 0.059 1 * 3
2.5 0.608 0.455 0.149 2 * 3 7
3.0 0.824 0.632 0.248 2 * 3 9
3.5 0.631 0.572 0.262 4 * 3 5 7 11
4.0 0.816 0.816 0.574 3 * 3 9 19
4.5 0.898 0.919 0.825 4 * 3 9 12 25
5.0 0.753 0.818 0.843 4 * 3 6 10 27
5.5 0.731 0.785 0.868 4 * 4 6 10 27
6.0 0.874 0.918 0.891 4 * 3 9 14 27
6.5 0.789 0.858 0.895 4 * 3 6 10 27
7.0 0.938 0.938 0.911 3 * 3 9 27
7.5 0.828 0.828 0.916 3 * 3 6 27
8.0 0.812 0.882 0.922 4 * 3 6 10 27
8.5 0.999 0.999 0.998 3 * 3 9 27
9.0 0.931 0.959 0.930 4 * 3 9 12 27
9.5 0.999 0.999 0.999 3 * 3 9 27
10.0 0.916 0.986 1.000 5 * 3 7 10 12 27
0.5 0.000 0.000 0.000 1 * 1
1.0 0.096 0.046 0.011 1 * 2
1.5 0.537 0.241 0.047 1 * 3
2.0 0.445 0.240 0.069 1 * 4
2.5 0.600 0.449 0.149 2 * 3 7
3.0 0.825 0.632 0.245 2 * 3 9
3.5 0.548 0.434 0.278 3 * 2 8 12
4.0 0.688 0.692 0.526 4 * 3 9 13 20
4.5 0.844 0.854 0.778 4 * 3 9 11 26
5.0 0.886 0.886 0.846 3 * 3 9 27
5.5 0.865 0.865 0.872 3 * 3 8 27
6.0 0.781 0.848 0.884 4 * 3 6 10 27
6.5 0.926 0.926 0.896 3 * 3 9 27
7.0 0.901 0.944 0.913 5 * 3 9 11 13 27
7.5 0.901 0.947 0.918 4 * 3 9 14 27
8.0 0.903 0.950 0.922 4 * 3 9 14 27
8.5 0.999 0.999 0.998 3 * 3 9 27
9.0 0.916 0.999 0.998 4 * 3 5 9 27
9.5 0.999 0.999 0.999 3 * 3 9 27
10.0 1.000 1.000 0.999 3 * 3 9 27
0.5 0.000 0.000 0.000 1 * 1
1.0 0.000 0.000 0.000 1 * 1
1.5 0.544 0.245 0.048 1 * 3
2.0 0.473 0.240 0.063 1 * 4
2.5 0.645 0.487 0.172 2 * 3 8
3.0 0.827 0.633 0.246 2 * 3 9
3.5 0.545 0.446 0.249 2 * 2 11
4.0 0.566 0.554 0.497 4 * 2 8 16 19
4.5 0.726 0.557 0.740 4 * 8 13 15 25
5.0 0.761 0.820 0.847 5 * 3 6 10 12 27
5.5 0.835 0.892 0.868 5 * 3 7 10 12 27
6.0 0.886 0.911 0.885 4 * 3 9 12 27
6.5 0.756 0.812 0.901 4 * 4 6 10 27
7.0 0.895 0.895 0.908 3 * 3 8 27
7.5 0.804 0.874 0.914 4 * 3 6 10 27
8.0 0.813 0.883 0.923 4 * 3 6 10 27
8.5 0.891 0.918 0.929 4 * 3 8 12 27
9.0 0.999 0.999 0.998 3 * 3 9 27
9.5 0.915 0.962 0.935 4 * 3 9 14 27
10.0 0.883 1.000 0.999 5 * 3 5 7 9 27
0.5 0.000 0.000 0.000 1 * 1
1.0 0.000 0.000 0.000 1 * 1
1.5 0.544 0.244 0.048 1 * 3
2.0 0.733 0.327 0.061 1 * 3
2.5 0.636 0.480 0.168 2 * 3 8
3.0 0.821 0.630 0.247 2 * 3 9
3.5 0.659 0.573 0.309 3 * 3 7 13
4.0 0.702 0.684 0.506 4 * 3 9 11 19
4.5 0.770 0.565 0.774 2 * 8 26
5.0 0.869 0.893 0.847 4 * 3 9 12 27
5.5 0.847 0.898 0.877 4 * 3 7 10 27
6.0 0.907 0.907 0.888 3 * 3 10 27
6.5 0.882 0.928 0.901 4 * 3 9 14 27
7.0 0.873 0.925 0.910 4 * 3 7 10 27
7.5 0.917 0.943 0.917 4 * 3 9 12 27
8.0 0.998 0.998 0.996 3 * 3 9 27
8.5 0.909 0.952 0.925 5 * 3 9 11 13 27
9.0 0.999 0.999 0.998 3 * 3 9 27
9.5 1.000 1.000 0.999 3 * 3 9 27
10.0 1.000 1.000 1.000 3 * 3 9 27
0.5 0.000 0.000 0.000 1 * 1
1.0 0.000 0.000 0.000 1 * 1
1.5 0.533 0.240 0.047 1 * 3
2.0 0.719 0.321 0.059 1 * 3
2.5 0.410 0.323 0.147 2 * 2 7
3.0 0.822 0.629 0.245 2 * 3 9
3.5 0.711 0.595 0.280 3 * 3 10 12
4.0 0.739 0.715 0.467 4 * 3 9 11 18
4.5 0.780 0.780 0.774 3 * 3 7 26
5.0 0.758 0.823 0.849 4 * 3 6 10 27
5.5 0.845 0.895 0.877 4 * 3 7 10 27
6.0 0.918 0.918 0.888 3 * 3 9 27
6.5 0.797 0.866 0.902 4 * 3 6 10 27
7.0 0.800 0.869 0.908 4 * 3 6 10 27
7.5 0.855 0.855 0.921 3 * 4 8 27
8.0 0.772 0.845 0.925 5 * 4 6 9 14 27
8.5 0.999 0.999 0.997 3 * 3 9 27
9.0 0.999 0.999 0.999 3 * 3 9 27
9.5 1.000 1.000 0.999 3 * 3 9 27
10.0 1.000 1.000 0.999 3 * 3 9 27
0.5 0.000 0.000 0.000 1 * 1
1.0 0.099 0.046 0.010 1 * 2
1.5 0.550 0.247 0.046 1 * 3
2.0 0.300 0.190 0.066 1 * 5
2.5 0.622 0.467 0.156 2 * 3 7
3.0 0.827 0.634 0.248 2 * 3 9
3.5 0.638 0.532 0.297 3 * 4 9 13
4.0 0.777 0.817 0.571 4 * 3 9 15 19
4.5 0.734 0.796 0.807 4 * 3 6 10 27
5.0 0.847 0.890 0.851 4 * 3 9 14 27
5.5 0.769 0.836 0.868 4 * 3 6 10 27
6.0 0.757 0.803 0.888 6 * 4 6 10 12 14 27
6.5 0.904 0.930 0.900 4 * 3 9 12 27
7.0 0.800 0.870 0.908 4 * 3 6 10 27
7.5 0.997 0.997 0.994 3 * 3 9 27
8.0 0.903 0.950 0.920 4 * 3 9 14 27
8.5 0.999 0.999 0.998 3 * 3 9 27
9.0 0.978 0.999 0.999 4 * 3 9 11 27
9.5 1.000 1.000 0.999 3 * 3 9 27
10.0 0.896 0.967 0.936 5 * 3 9 11 19 27
0.5 0.000 0.000 0.000 1 * 1
1.0 0.000 0.000 0.000 1 * 1
1.5 0.549 0.247 0.048 1 * 3
2.0 0.733 0.327 0.059 1 * 3
2.5 0.672 0.508 0.179 2 * 3 8
3.0 0.607 0.469 0.194 2 * 4 9
3.5 0.579 0.482 0.303 3 * 2 10 13
4.0 0.662 0.628 0.480 4 * 4 9 12 18
4.5 0.778 0.778 0.775 3 * 3 7 26
5.0 0.891 0.891 0.850 3 * 3 9 27
5.5 0.838 0.888 0.868 4 * 3 7 10 27
6.0 0.775 0.763 0.885 4 * 2 9 12 27
6.5 0.925 0.925 0.896 3 * 3 9 27
7.0 0.863 0.863 0.910 3 * 3 7 27
7.5 0.878 0.586 0.918 2 * 11 27
8.0 0.903 0.951 0.923 4 * 3 9 14 27
8.5 0.978 0.999 0.998 4 * 3 9 11 27
9.0 0.859 0.878 0.932 5 * 4 8 10 12 27
9.5 0.999 0.999 0.999 3 * 3 9 27
10.0 1.000 1.000 0.999 3 * 3 9 27
0.5 0.000 0.000 0.000 1 * 1
1.0 0.136 0.063 0.013 1 * 2
1.5 0.544 0.244 0.047 1 * 3
2.0 0.453 0.239 0.066 1 * 4
2.5 0.426 0.358 0.170 3 * 2 6 8
3.0 0.823 0.631 0.247 2 * 3 9
3.5 0.656 0.561 0.262 3 * 3 7 11
4.0 0.589 0.557 0.506 4 * 2 8 13 19
4.5 0.709 0.709 0.800 3 * 2 9 27
5.0 0.766 0.824 0.852 5 * 3 6 10 12 27
5.5 0.774 0.841 0.875 4 * 3 6 10 27
6.0 0.923 0.923 0.889 3 * 3 9 27
6.5 0.926 0.926 0.897 3 * 3 9 27
7.0 0.802 0.871 0.911 4 * 3 6 10 27
7.5 0.767 0.824 0.918 4 * 4 6 10 27
8.0 0.810 0.880 0.921 4 * 3 6 10 27
8.5 0.953 0.953 0.926 3 * 3 9 27
9.0 0.999 0.999 0.998 3 * 3 9 27
9.5 0.999 0.999 0.999 3 * 3 9 27
10.0 1.000 1.000 0.999 3 * 3 9 27
0.5 0.000 0.000 0.000 1 * 1
1.0 0.000 0.000 0.000 1 * 1
1.5 0.521 0.235 0.045 1 * 3
2.0 0.725 0.323 0.059 1 * 3
2.5 0.614 0.460 0.151 2 * 3 7
3.0 0.822 0.631 0.248 2 * 3 9
3.5 0.587 0.468 0.282 3 * 2 10 12
4.0 0.753 0.790 0.506 4 * 3 6 9 17
4.5 0.810 0.836 0.736 4 * 3 9 13 25
5.0 0.752 0.738 0.848 4 * 2 9 12 27
5.5 0.867 0.912 0.878 4 * 3 9 14 27
6.0 0.918 0.918 0.889 3 * 3 9 27
6.5 0.929 0.929 0.900 3 * 3 9 27
7.0 0.938 0.938 0.907 3 * 3 9 27
7.5 0.917 0.944 0.916 4 * 3 9 12 27
8.0 0.701 0.707 0.878 4 * 2 7 12 27
8.5 0.914 0.958 0.930 5 * 3 9 11 13 27
9.0 0.999 0.999 0.999 3 * 3 9 27
9.5 1.000 1.000 0.999 3 * 3 9 27
10.0 1.000 1.000 1.000 3 * 3 9 27
0.5 0.000 0.000 0.000 1 * 1
1.0 0.000 0.000 0.000 1 * 1
1.5 0.541 0.242 0.046 1 * 3
2.0 0.713 0.320 0.060 1 * 3
2.5 0.427 0.334 0.148 2 * 2 7
3.0 0.750 0.577 0.231 2 * 3 10
3.5 0.720 0.604 0.283 3 * 3 10 12
4.0 0.631 0.465 0.500 3 * 8 14 19
4.5 0.839 0.849 0.774 4 * 3 9 11 26
5.0 0.752 0.817 0.845 4 * 3 6 10 27
5.5 0.770 0.837 0.869 4 * 3 6 10 27
6.0 0.878 0.918 0.887 5 * 3 9 11 13 27
6.5 0.899 0.925 0.894 4 * 3 9 12 27
7.0 0.798 0.868 0.909 4 * 3 6 10 27
7.5 0.907 0.945 0.914 4 * 3 9 13 27
8.0 0.852 0.896 0.923 4 * 3 7 12 27
8.5 0.978 0.999 0.998 4 * 3 9 11 27
9.0 0.890 0.983 0.949 6 * 3 9 12 16 22 27
9.5 0.917 0.964 0.935 4 * 3 9 14 27
10.0 0.785 0.788 0.938 4 * 2 9 13 27
0.5 0.000 0.000 0.000 1 * 1
1.0 0.000 0.000 0.000 1 * 1
1.5 0.555 0.250 0.047 1 * 3
2.0 0.714 0.319 0.060 1 * 3
2.5 0.601 0.449 0.147 2 * 3 7
3.0 0.749 0.577 0.232 2 * 3 10
3.5 0.629 0.532 0.297 3 * 4 9 13
4.0 0.638 0.639 0.433 4 * 3 6 10 17
4.5 0.848 0.848 0.776 3 * 3 9 26
5.0 0.890 0.890 0.847 3 * 3 9 27
5.5 0.866 0.908 0.873 5 * 3 9 11 13 27
6.0 0.855 0.907 0.888 4 * 3 7 10 27
6.5 0.796 0.871 0.903 4 * 3 5 11 27
7.0 0.937 0.937 0.910 3 * 3 9 27
7.5 0.765 0.822 0.915 4 * 4 6 10 27
8.0 0.923 0.950 0.922 4 * 3 9 12 27
8.5 0.943 0.943 0.927 3 * 3 10 27
9.0 0.999 0.999 0.999 3 * 3 9 27
9.5 1.000 1.000 0.999 3 * 3 9 27
10.0 1.000 1.000 0.999 3 * 3 9 27
0.5 0.000 0.000 0.000 1 * 1
1.0 0.153 0.071 0.015 1 * 2
1.5 0.563 0.253 0.048 1 * 3
2.0 0.361 0.224 0.059 2 * 2 4
2.5 0.698 0.531 0.198 2 * 3 9
3.0 0.823 0.631 0.247 2 * 3 9
3.5 0.541 0.446 0.270 3 * 2 7 12
4.0 0.737 0.732 0.496 4 * 3 9 11 19
4.5 0.726 0.810 0.804 6 * 3 5 9 12 14 27
5.0 0.864 0.889 0.850 4 * 3 9 12 27
5.5 0.912 0.912 0.882 3 * 3 9 27
6.0 0.787 0.855 0.889 4 * 3 6 10 27
6.5 0.754 0.810 0.900 4 * 4 6 10 27
7.0 0.880 0.940 0.911 5 * 3 9 12 14 27
7.5 0.817 0.854 0.919 5 * 4 8 12 14 27
8.0 0.950 0.950 0.922 3 * 3 9 27
8.5 0.999 0.999 0.997 3 * 3 9 27
9.0 0.862 0.906 0.931 4 * 3 7 12 27
9.5 0.906 0.999 0.999 4 * 3 6 9 27
10.0 1.000 1.000 0.999 3 * 3 9 27
0.5 0.000 0.000 0.000 1 * 1
1.0 0.000 0.000 0.000 1 * 1
1.5 0.542 0.242 0.046 1 * 3
2.0 0.380 0.231 0.060 2 * 2 4
2.5 0.646 0.487 0.170 2 * 3 8
3.0 0.823 0.630 0.244 2 * 3 9
3.5 0.574 0.517 0.300 3 * 4 6 13
4.0 0.806 0.789 0.514 4 * 3 9 11 18
4.5 0.737 0.800 0.810 4 * 3 6 10 27
5.0 0.889 0.889 0.848 3 * 3 9 27
5.5 0.710 0.710 0.870 3 * 2 8 27
6.0 0.784 0.851 0.884 4 * 3 6 10 27
6.5 0.792 0.860 0.897 4 * 3 6 10 27
7.0 0.939 0.939 0.909 3 * 3 9 27
7.5 0.879 0.931 0.917 4 * 3 7 10 27
8.0 0.937 0.937 0.922 3 * 3 10 27
8.5 0.909 0.957 0.927 4 * 3 9 14 27
9.0 0.916 0.985 0.999 5 * 3 7 10 12 27
9.5 0.893 0.948 0.934 4 * 3 7 10 27
10.0 1.000 1.000 0.999 3 * 3 9 27
0.5 0.000 0.000 0.000 1 * 1
1.0 0.000 0.000 0.000 1 * 1
1.5 0.555 0.249 0.047 1 * 3
2.0 0.723 0.323 0.060 1 * 3
2.5 0.403 0.317 0.144 2 * 2 7
3.0 0.819 0.629 0.247 2 * 3 9
3.5 0.590 0.472 0.282 3 * 2 10 12
4.0 0.688 0.675 0.475 3 * 3 9 18
4.5 0.728 0.786 0.779 5 * 3 6 10 13 26
5.0 0.757 0.822 0.850 4 * 3 6 10 27
5.5 0.778 0.845 0.878 4 * 3 6 10 27
6.0 0.919 0.919 0.889 3 * 3 9 27
6.5 0.788 0.858 0.897 5 * 3 6 10 13 27
7.0 0.942 0.942 0.912 3 * 3 9 27
7.5 0.902 0.945 0.918 5 * 3 9 11 13 27
8.0 0.977 0.998 0.996 4 * 3 9 11 27
8.5 0.912 0.956 0.927 5 * 3 9 11 13 27
9.0 0.901 0.961 0.929 5 * 3 9 12 14 27
9.5 0.999 0.999 0.999 3 * 3 9 27
10.0 1.000 1.000 1.000 3 * 3 9 27
0.5 0.000 0.000 0.000 1 * 1
1.0 0.000 0.000 0.000 1 * 1
1.5 0.519 0.235 0.045 1 * 3
2.0 0.718 0.321 0.059 1 * 3
2.5 0.590 0.437 0.132 2 * 3 6
3.0 0.819 0.628 0.245 2 * 3 9
3.5 0.585 0.488 0.316 3 * 2 10 13
4.0 0.640 0.591 0.493 6 * 2 9 11 13 16 19
4.5 0.854 0.854 0.783 3 * 3 9 26
5.0 0.888 0.888 0.849 3 * 3 9 27
5.5 0.755 0.755 0.875 3 * 2 9 27
6.0 0.918 0.918 0.889 3 * 3 9 27
6.5 0.797 0.865 0.899 4 * 3 6 10 27
7.0 0.892 0.938 0.908 4 * 3 9 14 27
7.5 0.808 0.878 0.918 4 * 3 6 10 27
8.0 0.881 0.935 0.923 4 * 3 7 10 27
8.5 0.889 0.957 0.930 5 * 3 9 11 16 27
9.0 0.999 0.999 0.999 3 * 3 9 27
9.5 0.999 0.999 0.999 3 * 3 9 27
10.0 1.000 1.000 0.999 3 * 3 9 27
0.5 0.000 0.000 0.000 1 * 1
1.0 0.000 0.000 0.000 1 * 1
1.5 0.541 0.243 0.046 1 * 3
2.0 0.723 0.323 0.060 1 * 3
2.5 0.607 0.455 0.151 2 * 3 7
3.0 0.602 0.468 0.198 2 * 4 9
3.5 0.535 0.442 0.287 3 * 2 7 12
4.0 0.743 0.801 0.537 5 * 3 9 14 16 18
4.5 0.728 0.702 0.775 4 * 2 9 11 26
5.0 0.700 0.700 0.847 3 * 2 8 27
5.5 0.851 0.907 0.870 5 * 3 9 12 14 27
6.0 0.787 0.855 0.891 4 * 3 6 10 27
6.5 0.767 0.865 0.903 4 * 3 5 10 27
7.0 0.941 0.941 0.912 3 * 3 9 27
7.5 0.897 0.944 0.916 4 * 3 9 14 27
8.0 0.940 0.940 0.924 3 * 3 10 27
8.5 0.953 0.953 0.926 3 * 3 9 27
9.0 0.999 0.999 0.998 3 * 3 9 27
9.5 0.999 0.999 0.999 3 * 3 9 27
10.0 1.000 1.000 0.999 3 * 3 9 27
0.5 0.000 0.000 0.000 1 * 1
1.0 0.094 0.045 0.011 1 * 2
1.5 0.567 0.254 0.047 1 * 3
2.0 0.722 0.322 0.060 1 * 3
2.5 0.617 0.463 0.154 2 * 3 7
3.0 0.821 0.628 0.241 2 * 3 9
3.5 0.645 0.562 0.284 3 * 3 5 12
4.0 0.612 0.639 0.565 4 * 3 6 15 21
4.5 0.708 0.708 0.806 3 * 2 9 27
5.0 0.756 0.821 0.847 4 * 3 6 10 27
5.5 0.904 0.904 0.869 3 * 3 9 27
6.0 0.784 0.851 0.886 4 * 3 6 10 27
6.5 0.793 0.862 0.904 4 * 3 6 9 27
7.0 0.804 0.873 0.912 4 * 3 6 10 27
7.5 0.759 0.826 0.918 5 * 4 6 10 15 27
8.0 0.923 0.949 0.922 4 * 3 9 12 27
8.5 0.829 0.900 0.925 5 * 3 7 12 14 27
9.0 0.943 0.943 0.930 3 * 3 10 27
9.5 0.999 0.999 0.999 3 * 3 9 27
10.0 0.937 1.000 0.999 4 * 3 7 9 27
0.5 0.000 0.000 0.000 1 * 1
1.0 0.140 0.065 0.014 1 * 2
1.5 0.535 0.241 0.047 1 * 3
2.0 0.719 0.321 0.059 1 * 3
2.5 0.547 0.464 0.156 3 * 3 5 7
3.0 0.827 0.634 0.247 2 * 3 9
3.5 0.674 0.580 0.312 3 * 3 9 13
4.0 0.786 0.824 0.597 6 * 3 9 11 13 16 20
4.5 0.855 0.855 0.776 3 * 3 9 26
5.0 0.764 0.829 0.853 4 * 3 6 10 27
5.5 0.908 0.908 0.871 3 * 3 9 27
6.0 0.880 0.880 0.888 3 * 3 8 27
6.5 0.761 0.816 0.904 4 * 4 6 10 27
7.0 0.800 0.780 0.909 5 * 2 9 11 13 27
7.5 0.758 0.758 0.916 3 * 2 10 27
8.0 0.779 0.779 0.926 3 * 2 9 27
8.5 0.999 0.999 0.998 3 * 3 9 27
9.0 0.937 0.999 0.998 4 * 3 7 9 27
9.5 0.968 0.999 0.999 4 * 3 9 12 27
10.0 1.000 1.000 0.999 3 * 3 9 27
0.5 0.000 0.000 0.000 1 * 1
1.0 0.005 0.004 0.003 1 * 2
1.5 0.507 0.228 0.043 1 * 3
2.0 0.380 0.232 0.060 2 * 2 4
2.5 0.645 0.487 0.170 2 * 3 8
3.0 0.833 0.638 0.247 2 * 3 9
3.5 0.526 0.432 0.257 3 * 2 7 11
4.0 0.607 0.597 0.500 4 * 3 8 14 19
4.5 0.881 0.915 0.822 5 * 3 9 11 13 25
5.0 0.759 0.822 0.846 4 * 4 6 10 27
5.5 0.905 0.905 0.871 3 * 3 9 27
6.0 0.786 0.848 0.887 5 * 3 6 10 12 27
6.5 0.756 0.812 0.902 4 * 4 6 10 27
7.0 0.913 0.939 0.912 4 * 3 9 12 27
7.5 0.849 0.934 0.919 5 * 3 7 10 15 27
8.0 0.881 0.934 0.920 4 * 3 7 10 27
8.5 0.999 0.999 0.998 3 * 3 9 27
9.0 0.999 0.999 0.998 3 * 3 9 27
9.5 1.000 1.000 0.999 3 * 3 9 27
10.0 0.916 1.000 0.999 4 * 3 5 9 27
0.5 0.000 0.000 0.000 1 * 1
1.0 0.090 0.042 0.009 1 * 2
1.5 0.528 0.238 0.045 1 * 3
2.0 0.719 0.321 0.059 1 * 3
2.5 0.530 0.453 0.149 3 * 3 5 7
3.0 0.813 0.624 0.245 2 * 3 9
3.5 0.715 0.584 0.322 2 * 3 14
4.0 0.609 0.585 0.504 4 * 2 9 13 19
4.5 0.677 0.659 0.773 4 * 2 8 13 26
5.0 0.728 0.780 0.854 4 * 4 6 10 27
5.5 0.772 0.840 0.874 4 * 3 6 10 27
6.0 0.785 0.853 0.890 4 * 3 6 10 27
6.5 0.908 0.934 0.906 4 * 3 9 12 27
7.0 0.848 0.924 0.909 5 * 3 7 10 14 27
7.5 0.877 0.930 0.918 4 * 3 7 10 27
8.0 0.998 0.998 0.996 3 * 3 9 27
8.5 0.999 0.999 0.997 3 * 3 9 27
9.0 0.999 0.999 0.998 3 * 3 9 27
9.5 0.999 0.999 0.999 3 * 3 9 27
10.0 1.000 1.000 0.999 3 * 3 9 27
0.5 0.000 0.000 0.000 1 * 1
1.0 0.000 0.000 0.000 1 * 1
1.5 0.565 0.253 0.048 1 * 3
2.0 0.388 0.238 0.063 2 * 2 4
2.5 0.443 0.350 0.164 2 * 2 8
3.0 0.816 0.626 0.246 2 * 3 9
3.5 0.721 0.603 0.284 3 * 3 10 12
4.0 0.674 0.714 0.529 6 * 3 7 10 13 15 20
4.5 0.724 0.784 0.775 4 * 3 6 10 26
5.0 0.758 0.823 0.847 4 * 3 6 10 27
5.5 0.715 0.715 0.871 3 * 2 8 27
6.0 0.878 0.919 0.889 5 * 3 9 11 13 27
6.5 0.796 0.864 0.900 4 * 4 6 10 27
7.0 0.739 0.739 0.909 3 * 2 8 27
7.5 0.877 0.931 0.916 4 * 3 7 10 27
8.0 0.905 0.949 0.922 5 * 3 9 11 13 27
8.5 0.822 0.860 0.926 5 * 4 8 12 14 27
9.0 0.999 0.999 0.999 3 * 3 9 27
9.5 1.000 1.000 0.999 3 * 3 9 27
10.0 0.917 1.000 0.999 4 * 3 5 9 27
0.5 0.000 0.000 0.000 1 * 1
1.0 0.083 0.041 0.011 1 * 2
1.5 0.547 0.245 0.046 1 * 3
2.0 0.297 0.186 0.067 1 * 5
2.5 0.659 0.498 0.176 2 * 3 8
3.0 0.735 0.633 0.249 3 * 3 5 9
3.5 0.675 0.574 0.302 3 * 3 9 13
4.0 0.593 0.597 0.510 4 * 3 8 16 19
4.5 0.867 0.867 0.810 3 * 3 9 27
5.0 0.697 0.697 0.848 3 * 2 8 27
5.5 0.778 0.844 0.874 4 * 3 6 10 27
6.0 0.787 0.854 0.890 4 * 3 6 10 27
6.5 0.854 0.932 0.902 6 * 3 9 11 13 16 27
7.0 0.935 0.935 0.910 3 * 3 9 27
7.5 0.902 0.944 0.915 5 * 3 9 11 13 27
8.0 0.905 0.952 0.924 4 * 3 9 14 27
8.5 0.897 0.957 0.929 5 * 3 9 11 15 27
9.0 0.999 0.999 0.998 3 * 3 9 27
9.5 0.999 0.999 0.999 3 * 3 9 27
10.0 1.000 1.000 0.999 3 * 3 9 27
0.5 0.000 0.000 0.000 1 * 1
1.0 0.000 0.000 0.000 1 * 1
1.5 0.535 0.241 0.046 1 * 3
2.0 0.709 0.317 0.059 1 * 3
2.5 0.563 0.485 0.173 3 * 3 6 8
3.0 0.820 0.629 0.246 2 * 3 9
3.5 0.651 0.592 0.318 4 * 3 7 12 14
4.0 0.746 0.746 0.498 3 * 3 9 19
4.5 0.834 0.844 0.770 4 * 3 9 11 26
5.0 0.763 0.828 0.853 4 * 3 6 10 27
5.5 0.772 0.839 0.872 4 * 3 6 10 27
6.0 0.786 0.854 0.890 4 * 3 6 10 27
6.5 0.793 0.861 0.898 4 * 3 6 10 27
7.0 0.824 0.847 0.912 4 * 4 8 13 27
7.5 0.875 0.928 0.914 4 * 3 7 10 27
8.0 0.846 0.887 0.925 4 * 3 7 13 27
8.5 0.870 0.958 0.927 6 * 3 9 11 13 17 27
9.0 0.999 0.999 0.998 3 * 3 9 27
9.5 0.999 0.999 0.999 3 * 3 9 27
10.0 1.000 1.000 0.999 3 * 3 9 27
0.5 0.000 0.000 0.000 1 * 1
1.0 0.000 0.000 0.000 1 * 1
1.5 0.562 0.252 0.047 1 * 3
2.0 0.442 0.225 0.058 1 * 4
2.5 0.653 0.494 0.176 2 * 3 8
3.0 0.820 0.629 0.246 2 * 3 9
3.5 0.556 0.440 0.285 3 * 2 8 12
4.0 0.695 0.690 0.478 4 * 3 9 11 19
4.5 0.677 0.677 0.765 3 * 4 6 26
5.0 0.885 0.885 0.847 3 * 3 9 27
5.5 0.902 0.902 0.869 3 * 3 9 27
6.0 0.843 0.890 0.884 4 * 3 7 10 27
6.5 0.754 0.810 0.899 4 * 4 6 10 27
7.0 0.908 0.934 0.905 4 * 3 9 12 27
7.5 0.918 0.945 0.918 4 * 3 9 12 27
8.0 0.811 0.883 0.924 5 * 3 6 10 13 27
8.5 0.895 0.912 0.926 4 * 3 8 11 27
9.0 0.999 0.999 0.999 3 * 3 9 27
9.5 0.999 0.999 0.999 3 * 3 9 27
10.0 0.999 0.999 0.999 3 * 3 9 27
0.5 0.000 0.000 0.000 1 * 1
1.0 0.000 0.000 0.000 1 * 1
1.5 0.533 0.240 0.046 1 * 3
2.0 0.740 0.330 0.060 1 * 3
2.5 0.455 0.359 0.168 2 * 2 8
3.0 0.548 0.443 0.233 2 * 2 10
3.5 0.684 0.587 0.315 3 * 3 9 13
4.0 0.733 0.721 0.465 3 * 3 9 18
4.5 0.713 0.713 0.808 3 * 2 9 27
5.0 0.719 0.773 0.848 4 * 4 6 10 27
5.5 0.907 0.907 0.874 3 * 3 9 27
6.0 0.855 0.906 0.889 4 * 3 7 10 27
6.5 0.934 0.934 0.904 3 * 3 9 27
7.0 0.911 0.938 0.911 4 * 3 9 12 27
7.5 0.770 0.770 0.917 3 * 5 10 27
8.0 0.845 0.912 0.869 5 * 3 9 15 23 27
8.5 0.781 0.781 0.929 3 * 2 9 27
9.0 0.999 0.999 0.998 3 * 3 9 27
9.5 0.999 0.999 0.999 3 * 3 9 27
10.0 1.000 1.000 0.999 3 * 3 9 27
0.5 0.000 0.000 0.000 1 * 1
1.0 0.130 0.059 0.013 1 * 2
1.5 0.551 0.247 0.048 1 * 3
2.0 0.731 0.326 0.060 1 * 3
2.5 0.554 0.425 0.167 2 * 4 8
3.0 0.812 0.620 0.238 2 * 3 9
3.5 0.583 0.466 0.289 3 * 2 10 12
4.0 0.663 0.624 0.472 3 * 3 5 18
4.5 0.668 0.650 0.734 4 * 2 8 13 25
5.0 0.693 0.693 0.845 3 * 2 8 27
5.5 0.903 0.903 0.869 3 * 3 9 27
6.0 0.882 0.917 0.886 4 * 3 9 13 27
6.5 0.883 0.928 0.899 4 * 3 9 14 27
7.0 0.937 0.937 0.908 3 * 3 9 27
7.5 0.767 0.824 0.917 4 * 4 6 10 27
8.0 0.878 0.954 0.927 5 * 3 9 12 16 27
8.5 0.999 0.999 0.998 3 * 3 9 27
9.0 0.999 0.999 0.998 3 * 3 9 27
9.5 1.000 1.000 0.999 3 * 3 9 27
10.0 1.000 1.000 0.999 3 * 3 9 27
0.5 0.011 0.008 0.004 1 * 2
1.0 0.156 0.071 0.015 1 * 2
1.5 0.558 0.249 0.046 1 * 3
2.0 0.729 0.325 0.060 1 * 3
2.5 0.418 0.329 0.151 2 * 2 7
3.0 0.823 0.630 0.245 2 * 3 9
3.5 0.651 0.568 0.283 3 * 3 5 12
4.0 0.635 0.594 0.522 6 * 2 9 11 13 17 20
4.5 0.840 0.851 0.774 4 * 3 9 11 26
5.0 0.863 0.887 0.847 4 * 3 9 12 27
5.5 0.865 0.865 0.870 3 * 3 8 27
6.0 0.919 0.919 0.892 3 * 3 9 27
6.5 0.890 0.931 0.901 5 * 3 9 11 13 27
7.0 0.941 0.941 0.911 3 * 3 9 27
7.5 0.934 0.934 0.919 3 * 3 10 27
8.0 0.938 0.938 0.925 3 * 3 10 27
8.5 0.999 0.999 0.998 3 * 3 9 27
9.0 0.891 0.946 0.930 4 * 3 10 15 27
9.5 0.999 0.999 0.999 3 * 3 9 27
10.0 1.000 1.000 0.999 3 * 3 9 27
0.5 0.000 0.000 0.000 1 * 1
1.0 0.000 0.000 0.000 1 * 1
1.5 0.554 0.250 0.048 1 * 3
2.0 0.723 0.323 0.059 1 * 3
2.5 0.637 0.481 0.167 2 * 3 8
3.0 0.601 0.482 0.244 2 * 2 9
3.5 0.669 0.580 0.312 3 * 3 7 13
4.0 0.661 0.591 0.471 5 * 2 9 11 13 18
4.5 0.720 0.694 0.772 4 * 2 9 11 26
5.0 0.891 0.891 0.852 3 * 3 9 27
5.5 0.906 0.906 0.872 3 * 3 9 27
6.0 0.884 0.918 0.890 4 * 3 9 13 27
6.5 0.928 0.928 0.897 3 * 3 9 27
7.0 0.831 0.870 0.908 4 * 3 7 13 27
7.5 0.914 0.941 0.915 4 * 3 9 12 27
8.0 0.905 0.952 0.922 4 * 3 9 14 27
8.5 0.916 0.959 0.929 5 * 3 9 11 13 27
9.0 0.916 0.999 0.999 4 * 3 5 9 27
9.5 0.999 0.999 0.999 3 * 3 9 27
10.0 1.000 1.000 0.999 3 * 3 9 27
0.5 0.000 0.000 0.000 1 * 1
1.0 0.000 0.000 0.000 1 * 1
1.5 0.532 0.239 0.045 1 * 3
2.0 0.449 0.240 0.066 1 * 4
2.5 0.596 0.503 0.177 3 * 3 5 8
3.0 0.826 0.633 0.248 2 * 3 9
3.5 0.675 0.580 0.270 3 * 3 5 12
4.0 0.755 0.755 0.534 3 * 3 9 20
4.5 0.700 0.689 0.738 4 * 2 9 13 25
5.0 0.787 0.878 0.852 6 * 3 5 7 10 12 27
5.5 0.771 0.837 0.870 4 * 3 6 10 27
6.0 0.760 0.766 0.889 4 * 2 9 14 27
6.5 0.843 0.843 0.895 3 * 3 7 27
7.0 0.891 0.937 0.910 4 * 3 9 14 27
7.5 0.808 0.877 0.917 4 * 3 6 10 27
8.0 0.842 0.856 0.922 4 * 4 8 12 27
8.5 0.999 0.999 0.998 3 * 3 9 27
9.0 0.999 0.999 0.998 3 * 3 9 27
9.5 0.730 0.757 0.934 4 * 2 11 16 27
10.0 0.906 1.000 0.999 4 * 3 6 9 27
0.5 0.000 0.000 0.000 1 * 1
1.0 0.152 0.070 0.015 1 * 2
1.5 0.536 0.240 0.046 1 * 3
2.0 0.432 0.233 0.067 1 * 4
2.5 0.472 0.390 0.150 3 * 2 4 7
3.0 0.821 0.630 0.247 2 * 3 9
3.5 0.642 0.561 0.312 3 * 3 7 13
4.0 0.664 0.627 0.441 3 * 3 7 17
4.5 0.850 0.850 0.777 3 * 3 9 26
5.0 0.846 0.886 0.849 5 * 3 9 11 13 27
5.5 0.729 0.784 0.866 4 * 4 6 10 27
6.0 0.754 0.803 0.889 5 * 4 6 10 13 27
6.5 0.926 0.926 0.898 3 * 3 9 27
7.0 0.890 0.932 0.905 5 * 3 9 11 13 27
7.5 0.898 0.945 0.917 4 * 3 9 14 27
8.0 0.772 0.829 0.922 4 * 4 6 10 27
8.5 0.857 0.942 0.928 5 * 3 7 10 15 27
9.0 0.811 0.866 0.933 5 * 4 8 13 15 27
9.5 0.999 0.999 0.999 3 * 3 9 27
10.0 1.000 1.000 0.999 3 * 3 9 27
0.5 0.000 0.000 0.000 1 * 1
1.0 0.000 0.000 0.000 1 * 1
1.5 0.550 0.247 0.047 1 * 3
2.0 0.718 0.321 0.059 1 * 3
2.5 0.634 0.479 0.168 2 * 3 8
3.0 0.525 0.426 0.227 2 * 2 10
3.5 0.584 0.460 0.273 3 * 2 10 12
4.0 0.602 0.579 0.443 3 * 4 7 18
4.5 0.729 0.792 0.806 4 * 3 6 10 27
5.0 0.752 0.817 0.847 4 * 3 6 10 27
5.5 0.773 0.840 0.871 4 * 3 6 10 27
6.0 0.748 0.804 0.891 4 * 4 6 10 27
6.5 0.756 0.812 0.901 4 * 4 6 10 27
7.0 0.799 0.869 0.908 4 * 3 6 10 27
7.5 0.919 0.945 0.919 4 * 3 9 12 27
8.0 0.884 0.937 0.924 4 * 3 7 10 27
8.5 0.999 0.999 0.998 3 * 3 9 27
9.0 0.905 0.999 0.998 4 * 3 6 9 27
9.5 1.000 1.000 0.999 3 * 3 9 27
10.0 0.906 1.000 0.999 4 * 3 6 9 27
0.5 0.000 0.000 0.000 1 * 1
1.0 0.000 0.000 0.000 1 * 1
1.5 0.516 0.234 0.046 1 * 3
2.0 0.453 0.237 0.066 1 * 4
2.5 0.538 0.460 0.151 3 * 3 5 7
3.0 0.821 0.628 0.242 2 * 3 9
3.5 0.633 0.555 0.305 4 * 4 7 11 13
4.0 0.564 0.552 0.498 4 * 2 8 16 19
4.5 0.660 0.660 0.745 3 * 2 8 27
5.0 0.765 0.830 0.852 4 * 3 6 10 27
5.5 0.679 0.685 0.806 5 * 2 8 10 19 27
6.0 0.895 0.921 0.887 4 * 3 9 12 27
6.5 0.777 0.862 0.902 6 * 3 6 10 12 16 27
7.0 0.779 0.768 0.912 5 * 2 9 11 13 27
7.5 0.899 0.943 0.913 5 * 3 9 11 13 27
8.0 0.950 0.950 0.922 3 * 3 9 27
8.5 0.956 0.956 0.929 3 * 3 9 27
9.0 0.999 0.999 0.998 3 * 3 9 27
9.5 1.000 1.000 0.999 3 * 3 9 27
10.0 1.000 1.000 0.999 3 * 3 9 27
0.5 0.000 0.000 0.000 1 * 1
1.0 0.000 0.000 0.000 1 * 1
1.5 0.534 0.239 0.045 1 * 3
2.0 0.713 0.318 0.058 1 * 3
2.5 0.610 0.456 0.150 2 * 3 7
3.0 0.813 0.624 0.246 2 * 3 9
3.5 0.661 0.569 0.295 3 * 3 7 13
4.0 0.699 0.687 0.503 4 * 3 9 12 19
4.5 0.742 0.804 0.817 4 * 3 6 10 27
5.0 0.754 0.819 0.845 4 * 3 6 10 27
5.5 0.713 0.713 0.872 3 * 2 8 27
6.0 0.862 0.918 0.885 5 * 3 9 12 14 27
6.5 0.904 0.931 0.899 4 * 3 9 12 27
7.0 0.874 0.900 0.911 4 * 3 8 12 27
7.5 0.930 0.930 0.914 3 * 3 10 27
8.0 0.862 0.942 0.996 4 * 4 6 9 27
8.5 0.778 0.778 0.927 3 * 2 9 27
9.0 0.819 0.893 0.931 5 * 3 7 13 15 27
9.5 1.000 1.000 0.999 3 * 3 9 27
10.0 0.999 0.999 0.999 3 * 3 9 27
0.5 0.000 0.000 0.000 1 * 1
1.0 0.000 0.000 0.000 1 * 1
1.5 0.539 0.242 0.047 1 * 3
2.0 0.455 0.233 0.062 1 * 4
2.5 0.629 0.477 0.174 2 * 3 8
3.0 0.812 0.623 0.244 2 * 3 9
3.5 0.659 0.576 0.286 3 * 3 5 12
4.0 0.727 0.724 0.440 3 * 3 9 19
4.5 0.838 0.848 0.769 4 * 3 9 11 26
5.0 0.753 0.818 0.845 4 * 3 6 10 27
5.5 0.912 0.912 0.875 3 * 3 9 27
6.0 0.756 0.756 0.895 3 * 2 9 27
6.5 0.932 0.932 0.903 3 * 3 9 27
7.0 0.802 0.871 0.910 4 * 3 6 10 27
7.5 0.997 0.997 0.994 3 * 3 9 27
8.0 0.729 0.736 0.921 5 * 2 7 12 14 27
8.5 0.797 0.853 0.879 7 * 4 8 10 13 17 23 27
9.0 0.999 0.999 0.998 3 * 3 9 27
9.5 0.999 0.999 0.999 3 * 3 9 27
10.0 1.000 1.000 0.999 3 * 3 9 27
0.5 0.000 0.000 0.000 1 * 1
1.0 0.000 0.000 0.000 1 * 1
1.5 0.540 0.242 0.045 1 * 3
2.0 0.719 0.322 0.061 1 * 3
2.5 0.607 0.455 0.150 2 * 3 7
3.0 0.823 0.631 0.247 2 * 3 9
3.5 0.641 0.560 0.280 3 * 3 5 12
4.0 0.743 0.735 0.499 4 * 3 9 11 19
4.5 0.818 0.835 0.738 4 * 3 9 12 25
5.0 0.881 0.881 0.845 3 * 3 9 27
5.5 0.869 0.869 0.871 3 * 3 8 27
6.0 0.917 0.917 0.885 3 * 3 9 27
6.5 0.914 0.914 0.900 3 * 3 10 27
7.0 0.897 0.944 0.915 4 * 3 9 14 27
7.5 0.887 0.946 0.920 5 * 3 9 11 15 27
8.0 0.906 0.954 0.924 4 * 3 9 14 27
8.5 0.778 0.864 0.930 5 * 4 8 15 17 27
9.0 0.999 0.999 0.998 3 * 3 9 27
9.5 0.999 0.999 0.999 3 * 3 9 27
10.0 1.000 1.000 0.999 3 * 3 9 27
0.5 0.000 0.000 0.000 1 * 1
1.0 0.000 0.000 0.000 1 * 1
1.5 0.545 0.244 0.046 1 * 3
2.0 0.722 0.323 0.061 1 * 3
2.5 0.587 0.438 0.139 2 * 3 7
3.0 0.826 0.633 0.247 2 * 3 9
3.5 0.591 0.476 0.288 3 * 2 10 12
4.0 0.560 0.534 0.454 3 * 2 8 18
4.5 0.828 0.828 0.732 3 * 3 9 25
5.0 0.888 0.888 0.848 3 * 3 9 27
5.5 0.774 0.840 0.871 4 * 3 6 10 27
6.0 0.768 0.768 0.894 3 * 2 9 27
6.5 0.890 0.932 0.899 5 * 3 9 11 13 27
7.0 0.869 0.922 0.909 4 * 3 7 10 27
7.5 0.896 0.942 0.914 4 * 3 9 14 27
8.0 0.856 0.859 0.927 4 * 4 8 11 27
8.5 0.999 0.999 0.998 3 * 3 9 27
9.0 0.851 0.891 0.930 4 * 3 7 13 27
9.5 0.999 0.999 0.999 3 * 3 9 27
10.0 0.999 0.999 0.999 3 * 3 9 27
0.5 0.000 0.000 0.000 1 * 1
1.0 0.000 0.000 0.000 1 * 1
1.5 0.533 0.239 0.045 1 * 3
2.0 0.720 0.321 0.060 1 * 3
2.5 0.475 0.391 0.142 3 * 2 4 7
3.0 0.814 0.625 0.246 2 * 3 9
3.5 0.612 0.491 0.277 3 * 3 8 12
4.0 0.745 0.751 0.541 4 * 3 9 12 20
4.5 0.833 0.853 0.778 4 * 3 9 12 26
5.0 0.886 0.886 0.848 3 * 3 9 27
5.5 0.912 0.912 0.882 3 * 3 9 27
6.0 0.788 0.855 0.890 4 * 3 6 10 27
6.5 0.923 0.923 0.895 3 * 3 9 27
7.0 0.760 0.817 0.908 4 * 4 6 10 27
7.5 0.799 0.866 0.918 5 * 3 6 10 12 27
8.0 0.824 0.903 0.922 4 * 3 5 10 27
8.5 0.999 0.999 0.997 3 * 3 9 27
9.0 0.999 0.999 0.998 3 * 3 9 27
9.5 0.906 1.000 0.999 4 * 3 6 9 27
10.0 0.933 1.000 0.999 5 * 3 7 9 11 27
0.5 0.000 0.000 0.000 1 * 1
1.0 0.000 0.000 0.000 1 * 1
1.5 0.548 0.246 0.047 1 * 3
2.0 0.286 0.196 0.074 2 * 2 5
2.5 0.650 0.492 0.175 2 * 3 8
3.0 0.742 0.573 0.233 2 * 3 10
3.5 0.666 0.568 0.257 3 * 3 7 11
4.0 0.729 0.729 0.505 3 * 3 9 19
4.5 0.727 0.795 0.771 6 * 3 5 9 11 13 26
5.0 0.743 0.743 0.844 3 * 3 8 27
5.5 0.905 0.905 0.870 3 * 3 9 27
6.0 0.924 0.924 0.893 3 * 3 9 27
6.5 0.785 0.761 0.848 4 * 2 9 11 27
7.0 0.847 0.847 0.913 3 * 4 8 27
7.5 0.774 0.873 0.913 4 * 3 5 10 27
8.0 0.880 0.934 0.921 4 * 3 7 10 27
8.5 0.840 0.877 0.930 4 * 3 7 14 27
9.0 0.850 0.890 0.933 4 * 3 7 13 27
9.5 0.916 0.999 0.999 4 * 3 5 9 27
10.0 1.000 1.000 0.999 3 * 3 9 27
0.5 0.000 0.000 0.000 1 * 1
1.0 0.000 0.000 0.000 1 * 1
1.5 0.541 0.242 0.046 1 * 3
2.0 0.443 0.235 0.065 1 * 4
2.5 0.603 0.450 0.145 2 * 3 7
3.0 0.816 0.626 0.246 2 * 3 9
3.5 0.558 0.440 0.275 3 * 2 8 12
4.0 0.633 0.623 0.483 3 * 4 9 18
4.5 0.814 0.865 0.810 5 * 3 9 12 14 27
5.0 0.861 0.885 0.848 4 * 3 9 12 27
5.5 0.732 0.787 0.871 4 * 4 6 10 27
6.0 0.779 0.849 0.885 6 * 3 6 10 12 14 27
6.5 0.789 0.867 0.903 5 * 3 6 10 14 27
7.0 0.912 0.938 0.909 4 * 3 9 12 27
7.5 0.863 0.912 0.915 4 * 3 9 14 27
8.0 0.851 0.895 0.921 4 * 3 7 12 27
8.5 0.779 0.779 0.928 3 * 2 9 27
9.0 0.807 0.886 0.930 5 * 3 7 12 15 27
9.5 1.000 1.000 0.999 3 * 3 9 27
10.0 1.000 1.000 0.999 3 * 3 9 27
0.5 0.000 0.000 0.000 1 * 1
1.0 0.000 0.000 0.000 1 * 1
1.5 0.523 0.235 0.044 1 * 3
2.0 0.724 0.325 0.061 1 * 3
2.5 0.522 0.399 0.152 2 * 4 7
3.0 0.819 0.627 0.244 2 * 3 9
3.5 0.598 0.474 0.283 3 * 2 10 12
4.0 0.660 0.694 0.498 6 * 3 5 11 13 15 19
4.5 0.822 0.840 0.735 4 * 3 9 12 25
5.0 0.886 0.886 0.849 3 * 3 9 27
5.5 0.883 0.909 0.872 4 * 3 9 12 27
6.0 0.920 0.920 0.889 3 * 3 9 27
6.5 0.797 0.865 0.899 4 * 3 6 10 27
7.0 0.793 0.913 0.911 6 * 3 6 10 13 15 27
7.5 0.833 0.934 0.920 6 * 3 9 11 14 16 27
8.0 0.998 0.998 0.996 3 * 3 9 27
8.5 0.844 0.958 0.927 7 * 3 9 12 16 18 24 27
9.0 0.999 0.999 0.998 3 * 3 9 27
9.5 1.000 1.000 0.999 3 * 3 9 27
10.0 1.000 1.000 0.999 3 * 3 9 27
0.5 0.000 0.000 0.000 1 * 1
1.0 0.084 0.039 0.010 1 * 2
1.5 0.552 0.249 0.048 1 * 3
2.0 0.715 0.318 0.058 1 * 3
2.5 0.534 0.453 0.150 3 * 3 5 7
3.0 0.822 0.630 0.245 2 * 3 9
3.5 0.584 0.486 0.261 3 * 5 7 11
4.0 0.613 0.563 0.523 5 * 2 8 12 14 20
4.5 0.665 0.665 0.768 3 * 2 8 26
5.0 0.757 0.821 0.846 4 * 3 6 10 27
5.5 0.785 0.853 0.882 4 * 3 6 10 27
6.0 0.748 0.803 0.888 4 * 4 6 10 27
6.5 0.859 0.912 0.897 4 * 3 7 10 27
7.0 0.786 0.871 0.909 6 * 3 6 10 12 16 27
7.5 0.879 0.931 0.916 4 * 3 7 10 27
8.0 0.828 0.906 0.925 4 * 3 5 10 27
8.5 0.886 0.591 0.927 2 * 11 27
9.0 0.999 0.999 0.999 3 * 3 9 27
9.5 0.999 0.999 0.999 3 * 3 9 27
10.0 1.000 1.000 0.999 3 * 3 9 27
0.5 0.000 0.000 0.000 1 * 1
1.0 0.000 0.000 0.000 1 * 1
1.5 0.543 0.244 0.047 1 * 3
2.0 0.712 0.319 0.059 1 * 3
2.5 0.604 0.452 0.149 2 * 3 7
3.0 0.821 0.629 0.244 2 * 3 9
3.5 0.578 0.478 0.304 3 * 2 10 13
4.0 0.728 0.718 0.467 3 * 3 9 18
4.5 0.712 0.696 0.769 4 * 2 9 12 26
5.0 0.867 0.892 0.855 4 * 3 9 12 27
5.5 0.772 0.838 0.869 4 * 3 6 10 27
6.0 0.857 0.908 0.892 4 * 3 7 10 27
6.5 0.792 0.772 0.899 5 * 2 9 11 13 27
7.0 0.803 0.873 0.911 4 * 3 6 10 27
7.5 0.806 0.876 0.914 4 * 3 6 10 27
8.0 0.731 0.872 0.927 6 * 3 5 10 15 17 27
8.5 0.769 0.783 0.930 4 * 2 9 14 27
9.0 0.946 0.946 0.932 3 * 3 10 27
9.5 1.000 1.000 0.999 3 * 3 9 27
10.0 1.000 1.000 1.000 3 * 3 9 27
0.5 0.000 0.000 0.000 1 * 1
1.0 0.159 0.073 0.015 1 * 2
1.5 0.555 0.249 0.047 1 * 3
2.0 0.297 0.184 0.066 1 * 5
2.5 0.612 0.458 0.150 2 * 3 7
3.0 0.818 0.626 0.241 2 * 3 9
3.5 0.532 0.435 0.263 3 * 2 7 11
4.0 0.813 0.813 0.574 3 * 3 9 19
4.5 0.719 0.689 0.745 4 * 2 9 11 25
5.0 0.736 0.736 0.842 3 * 2 9 27
5.5 0.849 0.899 0.876 4 * 3 7 10 27
6.0 0.878 0.920 0.886 5 * 3 9 11 13 27
6.5 0.859 0.625 0.897 2 * 8 27
7.0 0.941 0.941 0.914 3 * 3 9 27
7.5 0.807 0.877 0.916 4 * 3 6 10 27
8.0 0.812 0.791 0.923 5 * 2 9 11 13 27
8.5 0.905 0.999 0.998 4 * 3 6 9 27
9.0 0.999 0.999 0.998 3 * 3 9 27
9.5 0.999 0.999 0.999 3 * 3 9 27
10.0 0.750 0.881 0.939 5 * 2 4 6 9 27
0.5 0.000 0.000 0.000 1 * 1
1.0 0.000 0.000 0.000 1 * 1
1.5 0.539 0.242 0.046 1 * 3
2.0 0.429 0.240 0.071 1 * 4
2.5 0.461 0.364 0.171 2 * 2 8
3.0 0.823 0.631 0.247 2 * 3 9
3.5 0.593 0.525 0.266 3 * 4 6 11
4.0 0.611 0.601 0.531 4 * 2 9 14 20
4.5 0.798 0.845 0.810 4 * 3 7 10 27
5.0 0.893 0.893 0.850 3 * 3 9 27
5.5 0.907 0.907 0.870 3 * 3 9 27
6.0 0.916 0.916 0.884 3 * 3 9 27
6.5 0.794 0.862 0.899 4 * 3 6 10 27
7.0 0.913 0.940 0.910 4 * 3 9 12 27
7.5 0.850 0.850 0.915 3 * 4 8 27
8.0 0.939 0.939 0.924 3 * 3 10 27
8.5 0.967 0.999 0.997 4 * 3 9 12 27
9.0 0.999 0.999 0.998 3 * 3 9 27
9.5 1.000 1.000 0.999 3 * 3 9 27
10.0 1.000 1.000 0.999 3 * 3 9 27
0.5 0.000 0.000 0.000 1 * 1
1.0 0.000 0.000 0.000 1 * 1
1.5 0.551 0.247 0.046 1 * 3
2.0 0.458 0.246 0.069 1 * 4
2.5 0.596 0.448 0.152 2 * 3 7
3.0 0.821 0.629 0.245 2 * 3 9
3.5 0.624 0.529 0.266 3 * 4 7 11
4.0 0.724 0.734 0.497 5 * 3 9 11 14 19
4.5 0.819 0.848 0.769 4 * 3 9 13 26
5.0 0.851 0.884 0.846 4 * 3 9 13 27
5.5 0.744 0.839 0.871 4 * 3 5 10 27
6.0 0.761 0.767 0.892 4 * 2 9 14 27
6.5 0.754 0.744 0.896 4 * 5 10 12 27
7.0 0.910 0.936 0.910 4 * 3 9 12 27
7.5 0.777 0.877 0.918 4 * 3 5 10 27
8.0 0.773 0.830 0.925 4 * 4 6 9 27
8.5 0.890 0.943 0.930 4 * 3 7 10 27
9.0 0.999 0.999 0.999 3 * 3 9 27
9.5 0.999 0.999 0.999 3 * 3 9 27
10.0 1.000 1.000 0.999 3 * 3 9 27
0.5 0.000 0.000 0.000 1 * 1
1.0 0.000 0.000 0.000 1 * 1
1.5 0.558 0.252 0.049 1 * 3
2.0 0.200 0.147 0.070 1 * 6
2.5 0.632 0.476 0.165 2 * 3 8
3.0 0.817 0.627 0.247 2 * 3 9
3.5 0.530 0.436 0.261 3 * 2 7 11
4.0 0.622 0.582 0.464 4 * 2 9 12 19
4.5 0.818 0.846 0.775 4 * 3 9 13 26
5.0 0.720 0.773 0.847 4 * 4 6 10 27
5.5 0.778 0.863 0.868 5 * 3 5 7 12 27
6.0 0.786 0.854 0.890 4 * 3 6 10 27
6.5 0.706 0.707 0.900 4 * 2 7 14 27
7.0 0.843 0.843 0.907 3 * 4 8 27
7.5 0.840 0.880 0.920 4 * 3 7 13 27
8.0 0.814 0.884 0.923 4 * 3 6 10 27
8.5 0.999 0.999 0.998 3 * 3 9 27
9.0 0.999 0.999 0.998 3 * 3 9 27
9.5 0.999 0.999 0.999 3 * 3 9 27
10.0 1.000 1.000 0.999 3 * 3 9 27
0.5 0.000 0.000 0.000 1 * 1
1.0 0.000 0.000 0.000 1 * 1
1.5 0.527 0.237 0.045 1 * 3
2.0 0.460 0.231 0.059 1 * 4
2.5 0.667 0.504 0.178 2 * 3 8
3.0 0.816 0.625 0.243 2 * 3 9
3.5 0.611 0.551 0.290 4 * 4 6 11 13
4.0 0.729 0.729 0.495 3 * 3 9 19
4.5 0.728 0.790 0.800 4 * 3 6 10 27
5.0 0.891 0.891 0.847 3 * 3 9 27
5.5 0.735 0.789 0.873 4 * 4 6 10 27
6.0 0.784 0.851 0.888 4 * 3 6 10 27
6.5 0.835 0.839 0.901 4 * 4 8 11 27
7.0 0.802 0.872 0.911 4 * 3 6 10 27
7.5 0.807 0.877 0.915 4 * 3 6 10 27
8.0 0.891 0.950 0.922 5 * 3 9 12 14 27
8.5 0.734 0.741 0.927 5 * 2 7 12 14 27
9.0 1.000 1.000 0.999 3 * 3 9 27
9.5 0.999 0.999 0.999 3 * 3 9 27
10.0 1.000 1.000 1.000 3 * 3 9 27
0.5 0.000 0.000 0.000 1 * 1
1.0 0.000 0.000 0.000 1 * 1
1.5 0.550 0.246 0.047 1 * 3
2.0 0.461 0.234 0.060 1 * 4
2.5 0.598 0.449 0.153 2 * 3 7
3.0 0.812 0.622 0.242 2 * 3 9
3.5 0.675 0.574 0.305 3 * 3 9 13
4.0 0.653 0.684 0.534 5 * 3 6 10 13 20
4.5 0.850 0.850 0.778 3 * 3 9 26
5.0 0.885 0.885 0.842 3 * 3 9 27
5.5 0.911 0.911 0.875 3 * 3 9 27
6.0 0.757 0.764 0.887 4 * 2 9 14 27
6.5 0.791 0.860 0.897 4 * 3 6 10 27
7.0 0.788 0.874 0.912 6 * 3 6 10 13 15 27
7.5 0.885 0.944 0.915 5 * 3 9 12 14 27
8.0 0.908 0.951 0.923 5 * 3 9 11 13 27
8.5 0.894 0.953 0.926 5 * 3 9 12 14 27
9.0 0.999 0.999 0.998 3 * 3 9 27
9.5 0.999 0.999 0.999 3 * 3 9 27
10.0 0.999 0.999 0.999 3 * 3 9 27
0.5 0.000 0.000 0.000 1 * 1
1.0 0.118 0.055 0.012 1 * 2
1.5 0.546 0.245 0.047 1 * 3
2.0 0.400 0.246 0.064 2 * 2 4
2.5 0.457 0.361 0.171 2 * 2 8
3.0 0.822 0.631 0.249 2 * 3 9
3.5 0.585 0.471 0.290 3 * 2 10 12
4.0 0.598 0.598 0.503 3 * 2 9 20
4.5 0.768 0.768 0.779 3 * 3 7 26
5.0 0.887 0.887 0.847 3 * 3 9 27
5.5 0.863 0.908 0.873 4 * 3 9 14 27
6.0 0.919 0.919 0.889 3 * 3 9 27
6.5 0.887 0.929 0.896 5 * 3 9 11 13 27
7.0 0.800 0.870 0.909 4 * 3 6 10 27
7.5 0.872 0.925 0.912 4 * 3 7 10 27
8.0 0.814 0.870 0.921 4 * 3 5 7 27
8.5 0.769 0.866 0.875 7 * 3 5 10 12 17 23 27
9.0 0.999 0.999 0.999 3 * 3 9 27
9.5 1.000 1.000 0.999 3 * 3 9 27
10.0 0.883 1.000 0.999 5 * 3 5 7 9 27
0.5 0.000 0.000 0.000 1 * 1
1.0 0.000 0.000 0.000 1 * 1
1.5 0.551 0.246 0.046 1 * 3
2.0 0.702 0.315 0.059 1 * 3
2.5 0.667 0.505 0.179 2 * 3 8
3.0 0.539 0.437 0.231 2 * 2 10
3.5 0.710 0.598 0.291 3 * 3 10 12
4.0 0.728 0.741 0.472 4 * 3 9 14 19
4.5 0.828 0.864 0.810 5 * 3 9 11 13 27
5.0 0.886 0.886 0.847 3 * 3 9 27
5.5 0.775 0.841 0.871 4 * 3 6 10 27
6.0 0.821 0.903 0.884 5 * 3 7 10 15 27
6.5 0.885 0.930 0.900 4 * 3 9 14 27
7.0 0.761 0.818 0.911 4 * 4 6 10 27
7.5 0.855 0.855 0.919 3 * 4 8 27
8.0 0.813 0.883 0.924 4 * 3 6 10 27
8.5 0.999 0.999 0.998 3 * 3 9 27
9.0 0.999 0.999 0.998 3 * 3 9 27
9.5 0.999 0.999 0.999 3 * 3 9 27
10.0 1.000 1.000 0.999 3 * 3 9 27
