0.5 0.010 0.009 0.014 3 * 0.003 0.011 0.014
1.0 0.027 0.027 0.020 3 * 0.039 0.023 0.020
1.5 0.100 0.100 0.033 3 * 0.203 0.063 0.033
2.0 0.204 0.204 0.075 3 * 0.366 0.172 0.075
2.5 0.397 0.356 0.160 3 * 0.483 0.424 0.160
3.0 0.587 0.541 0.266 3 * 0.729 0.627 0.266
3.5 0.688 0.688 0.451 3 * 0.837 0.777 0.451
4.0 0.809 0.809 0.711 3 * 0.873 0.843 0.711
4.5 0.858 0.858 0.806 3 * 0.891 0.877 0.806
5.0 0.893 0.893 0.848 3 * 0.924 0.908 0.848
5.5 0.903 0.903 0.868 3 * 0.924 0.917 0.868
6.0 0.915 0.915 0.883 3 * 0.934 0.927 0.883
6.5 0.934 0.934 0.900 3 * 0.953 0.947 0.900
7.0 0.936 0.936 0.908 3 * 0.952 0.949 0.908
7.5 0.943 0.943 0.915 3 * 0.958 0.957 0.915
8.0 0.918 0.918 0.922 3 * 0.912 0.921 0.922
8.5 0.939 0.939 0.927 3 * 0.963 0.926 0.927
9.0 0.999 0.999 0.998 3 * 0.999 0.999 0.998
9.5 0.999 0.999 0.999 3 * 1.000 0.999 0.999
10.0 0.999 0.999 0.999 3 * 1.000 0.999 0.999
0.5 0.012 0.012 0.014 3 * 0.009 0.012 0.014
1.0 0.028 0.028 0.019 3 * 0.042 0.022 0.019
1.5 0.061 0.061 0.036 3 * 0.083 0.066 0.036
2.0 0.204 0.204 0.062 3 * 0.406 0.145 0.062
2.5 0.423 0.372 0.167 3 * 0.512 0.437 0.167
3.0 0.588 0.549 0.276 3 * 0.735 0.636 0.276
3.5 0.700 0.700 0.483 3 * 0.837 0.779 0.483
4.0 0.813 0.813 0.705 3 * 0.887 0.847 0.705
4.5 0.857 0.857 0.806 3 * 0.888 0.876 0.806
5.0 0.885 0.885 0.845 3 * 0.911 0.898 0.845
5.5 0.902 0.902 0.868 3 * 0.921 0.916 0.868
6.0 0.919 0.919 0.885 3 * 0.939 0.932 0.885
6.5 0.934 0.934 0.903 3 * 0.952 0.946 0.903
7.0 0.907 0.907 0.914 3 * 0.897 0.911 0.914
7.5 0.946 0.946 0.917 3 * 0.960 0.960 0.917
8.0 0.999 0.999 0.997 3 * 1.000 0.999 0.997
8.5 0.921 0.921 0.926 3 * 0.913 0.925 0.926
9.0 0.999 0.999 0.998 3 * 1.000 0.999 0.998
9.5 0.999 0.999 0.999 3 * 1.000 1.000 0.999
10.0 1.000 1.000 0.999 3 * 1.000 1.000 0.999
0.5 0.010 0.010 0.014 3 * 0.005 0.011 0.014
1.0 0.032 0.032 0.021 3 * 0.051 0.024 0.021
1.5 0.082 0.082 0.037 3 * 0.143 0.067 0.037
2.0 0.205 0.197 0.069 3 * 0.389 0.134 0.069
2.5 0.414 0.361 0.153 3 * 0.514 0.417 0.153
3.0 0.550 0.508 0.271 3 * 0.614 0.638 0.271
3.5 0.715 0.715 0.504 3 * 0.853 0.787 0.504
4.0 0.815 0.815 0.725 3 * 0.871 0.848 0.725
4.5 0.872 0.872 0.817 3 * 0.911 0.888 0.817
5.0 0.886 0.886 0.847 3 * 0.910 0.902 0.847
5.5 0.903 0.903 0.871 3 * 0.922 0.917 0.871
6.0 0.919 0.919 0.888 3 * 0.936 0.932 0.888
6.5 0.929 0.929 0.898 3 * 0.945 0.943 0.898
7.0 0.938 0.938 0.908 3 * 0.955 0.951 0.908
7.5 0.946 0.946 0.917 3 * 0.962 0.959 0.917
8.0 0.939 0.939 0.924 3 * 0.968 0.925 0.924
8.5 0.999 0.999 0.998 3 * 1.000 0.999 0.998
9.0 0.945 0.945 0.931 3 * 0.975 0.930 0.931
9.5 0.999 0.999 0.999 3 * 0.999 0.999 0.999
10.0 1.000 1.000 1.000 3 * 1.000 1.000 1.000
0.5 0.011 0.010 0.015 3 * 0.004 0.012 0.015
1.0 0.016 0.016 0.018 3 * 0.013 0.017 0.018
1.5 0.107 0.107 0.037 3 * 0.214 0.071 0.037
2.0 0.118 0.118 0.059 3 * 0.189 0.107 0.059
2.5 0.400 0.334 0.174 3 * 0.388 0.441 0.174
3.0 0.606 0.542 0.253 3 * 0.730 0.642 0.253
3.5 0.708 0.708 0.498 3 * 0.848 0.779 0.498
4.0 0.819 0.819 0.714 3 * 0.890 0.852 0.714
4.5 0.863 0.863 0.808 3 * 0.898 0.882 0.808
5.0 0.893 0.893 0.849 3 * 0.922 0.908 0.849
5.5 0.903 0.903 0.873 3 * 0.919 0.918 0.873
6.0 0.924 0.924 0.891 3 * 0.944 0.937 0.891
6.5 0.930 0.930 0.899 3 * 0.947 0.944 0.899
7.0 0.935 0.935 0.908 3 * 0.949 0.949 0.908
7.5 0.942 0.942 0.917 3 * 0.953 0.956 0.917
8.0 0.949 0.949 0.922 3 * 0.963 0.962 0.922
8.5 0.999 0.999 0.998 3 * 1.000 0.999 0.998
9.0 0.999 0.999 0.999 3 * 1.000 0.999 0.999
9.5 1.000 1.000 0.999 3 * 1.000 1.000 0.999
10.0 1.000 1.000 1.000 3 * 1.000 1.000 1.000
0.5 0.014 0.014 0.015 3 * 0.012 0.015 0.015
1.0 0.027 0.027 0.018 3 * 0.040 0.024 0.018
1.5 0.095 0.095 0.037 3 * 0.180 0.068 0.037
2.0 0.199 0.199 0.065 3 * 0.380 0.150 0.065
2.5 0.437 0.388 0.167 3 * 0.551 0.446 0.167
3.0 0.598 0.575 0.303 3 * 0.766 0.656 0.303
3.5 0.719 0.719 0.502 3 * 0.868 0.785 0.502
4.0 0.815 0.815 0.702 3 * 0.889 0.854 0.702
4.5 0.862 0.862 0.805 3 * 0.897 0.883 0.805
5.0 0.886 0.886 0.845 3 * 0.913 0.901 0.845
5.5 0.905 0.905 0.872 3 * 0.924 0.919 0.872
6.0 0.924 0.924 0.894 3 * 0.940 0.938 0.894
6.5 0.934 0.934 0.903 3 * 0.952 0.946 0.903
7.0 0.923 0.923 0.911 3 * 0.948 0.911 0.911
7.5 0.945 0.945 0.917 3 * 0.959 0.957 0.917
8.0 0.998 0.998 0.996 3 * 0.999 0.998 0.996
8.5 0.999 0.999 0.998 3 * 1.000 0.999 0.998
9.0 1.000 1.000 0.999 3 * 1.000 1.000 0.999
9.5 0.999 0.999 0.999 3 * 1.000 0.999 0.999
10.0 1.000 1.000 0.999 3 * 1.000 1.000 0.999
0.5 0.010 0.010 0.014 3 * 0.002 0.012 0.014
1.0 0.016 0.016 0.018 3 * 0.010 0.019 0.018
1.5 0.077 0.077 0.034 3 * 0.137 0.059 0.034
2.0 0.178 0.178 0.066 3 * 0.320 0.148 0.066
2.5 0.419 0.354 0.161 3 * 0.485 0.416 0.161
3.0 0.583 0.580 0.309 3 * 0.768 0.662 0.309
3.5 0.704 0.704 0.484 3 * 0.842 0.787 0.484
4.0 0.818 0.818 0.728 3 * 0.876 0.851 0.728
4.5 0.860 0.860 0.802 3 * 0.899 0.879 0.802
5.0 0.887 0.887 0.846 3 * 0.911 0.905 0.846
5.5 0.910 0.910 0.876 3 * 0.930 0.923 0.876
6.0 0.909 0.909 0.880 3 * 0.924 0.924 0.880
6.5 0.930 0.930 0.901 3 * 0.945 0.943 0.901
7.0 0.938 0.938 0.911 3 * 0.952 0.952 0.911
7.5 0.940 0.940 0.912 3 * 0.954 0.952 0.912
8.0 0.950 0.950 0.922 3 * 0.964 0.963 0.922
8.5 0.923 0.923 0.928 3 * 0.915 0.926 0.928
9.0 0.999 0.999 0.999 3 * 1.000 0.999 0.999
9.5 0.999 0.999 0.999 3 * 1.000 0.999 0.999
10.0 1.000 1.000 0.999 3 * 1.000 1.000 0.999
0.5 0.013 0.013 0.016 3 * 0.008 0.014 0.016
1.0 0.025 0.025 0.019 3 * 0.033 0.024 0.019
1.5 0.063 0.063 0.032 3 * 0.089 0.069 0.032
2.0 0.198 0.198 0.066 3 * 0.396 0.134 0.066
2.5 0.367 0.311 0.153 3 * 0.397 0.384 0.153
3.0 0.580 0.557 0.284 3 * 0.752 0.635 0.284
3.5 0.722 0.722 0.520 3 * 0.854 0.790 0.520
4.0 0.818 0.818 0.732 3 * 0.872 0.850 0.732
4.5 0.855 0.855 0.807 3 * 0.885 0.872 0.807
5.0 0.890 0.890 0.847 3 * 0.918 0.906 0.847
5.5 0.906 0.906 0.873 3 * 0.924 0.921 0.873
6.0 0.916 0.916 0.887 3 * 0.933 0.929 0.887
6.5 0.931 0.931 0.902 3 * 0.947 0.945 0.902
7.0 0.939 0.939 0.910 3 * 0.955 0.952 0.910
7.5 0.943 0.943 0.916 3 * 0.956 0.957 0.916
8.0 0.948 0.948 0.922 3 * 0.962 0.961 0.922
8.5 0.999 0.999 0.998 3 * 0.999 0.999 0.998
9.0 0.942 0.942 0.929 3 * 0.968 0.928 0.929
9.5 0.999 0.999 0.999 3 * 1.000 0.999 0.999
10.0 1.000 1.000 0.999 3 * 1.000 1.000 0.999
0.5 0.013 0.013 0.015 3 * 0.012 0.011 0.015
1.0 0.022 0.022 0.018 3 * 0.027 0.022 0.018
1.5 0.088 0.088 0.035 3 * 0.175 0.054 0.035
2.0 0.209 0.209 0.065 3 * 0.411 0.151 0.065
2.5 0.468 0.399 0.164 3 * 0.619 0.413 0.164
3.0 0.550 0.544 0.309 3 * 0.651 0.674 0.309
3.5 0.717 0.717 0.519 3 * 0.849 0.782 0.519
4.0 0.819 0.819 0.722 3 * 0.881 0.854 0.722
4.5 0.866 0.866 0.810 3 * 0.903 0.885 0.810
5.0 0.891 0.891 0.847 3 * 0.917 0.908 0.847
5.5 0.912 0.912 0.875 3 * 0.932 0.927 0.875
6.0 0.918 0.918 0.888 3 * 0.935 0.930 0.888
6.5 0.926 0.926 0.899 3 * 0.939 0.940 0.899
7.0 0.933 0.933 0.908 3 * 0.945 0.948 0.908
7.5 0.943 0.943 0.916 3 * 0.956 0.957 0.916
8.0 0.951 0.951 0.922 3 * 0.967 0.963 0.922
8.5 0.999 0.999 0.998 3 * 1.000 0.999 0.998
9.0 0.930 0.930 0.935 3 * 0.923 0.933 0.935
9.5 0.999 0.999 0.999 3 * 1.000 0.999 0.999
10.0 1.000 1.000 0.999 3 * 1.000 1.000 0.999
0.5 0.010 0.010 0.015 3 * 0.004 0.011 0.015
1.0 0.021 0.021 0.019 3 * 0.026 0.019 0.019
1.5 0.094 0.094 0.037 3 * 0.189 0.057 0.037
2.0 0.232 0.227 0.072 3 * 0.444 0.165 0.072
2.5 0.433 0.366 0.160 3 * 0.507 0.432 0.160
3.0 0.539 0.496 0.262 3 * 0.600 0.628 0.262
3.5 0.700 0.700 0.477 3 * 0.841 0.782 0.477
4.0 0.814 0.814 0.718 3 * 0.879 0.846 0.718
4.5 0.860 0.860 0.804 3 * 0.896 0.881 0.804
5.0 0.890 0.890 0.848 3 * 0.915 0.906 0.848
5.5 0.905 0.905 0.869 3 * 0.926 0.920 0.869
6.0 0.920 0.920 0.891 3 * 0.935 0.933 0.891
6.5 0.928 0.928 0.898 3 * 0.944 0.941 0.898
7.0 0.941 0.941 0.912 3 * 0.956 0.955 0.912
7.5 0.946 0.946 0.917 3 * 0.963 0.960 0.917
8.0 0.951 0.951 0.923 3 * 0.966 0.964 0.923
8.5 0.955 0.955 0.927 3 * 0.970 0.968 0.927
9.0 0.999 0.999 0.998 3 * 1.000 1.000 0.998
9.5 1.000 1.000 0.999 3 * 1.000 1.000 0.999
10.0 1.000 1.000 0.999 3 * 1.000 1.000 0.999
0.5 0.012 0.012 0.014 3 * 0.012 0.010 0.014
1.0 0.023 0.023 0.017 3 * 0.029 0.023 0.017
1.5 0.102 0.102 0.037 3 * 0.186 0.083 0.037
2.0 0.216 0.216 0.075 3 * 0.408 0.164 0.075
2.5 0.395 0.341 0.154 3 * 0.457 0.410 0.154
3.0 0.565 0.493 0.247 3 * 0.606 0.626 0.247
3.5 0.699 0.699 0.479 3 * 0.841 0.778 0.479
4.0 0.815 0.815 0.707 3 * 0.883 0.854 0.707
4.5 0.858 0.858 0.806 3 * 0.893 0.875 0.806
5.0 0.892 0.892 0.849 3 * 0.920 0.908 0.849
5.5 0.902 0.902 0.869 3 * 0.919 0.919 0.869
6.0 0.914 0.914 0.884 3 * 0.931 0.929 0.884
6.5 0.929 0.929 0.900 3 * 0.945 0.941 0.900
7.0 0.935 0.935 0.907 3 * 0.949 0.949 0.907
7.5 0.945 0.945 0.916 3 * 0.962 0.957 0.916
8.0 0.941 0.941 0.924 3 * 0.972 0.926 0.924
8.5 0.999 0.999 0.998 3 * 1.000 0.999 0.998
9.0 0.999 0.999 0.998 3 * 1.000 0.999 0.998
9.5 0.999 0.999 0.999 3 * 1.000 1.000 0.999
10.0 0.999 0.999 0.999 3 * 1.000 1.000 0.999
