0.5 0.000 0.000 0.000 1 * 1
1.0 0.017 0.014 0.012 1 * 2
1.5 0.234 0.191 0.163 1 * 3
2.0 0.457 0.372 0.316 1 * 3
2.5 0.456 0.441 0.411 2 * 3 5
3.0 0.616 0.598 0.562 2 * 3 5
3.5 0.737 0.717 0.678 2 * 3 5
4.0 0.775 0.761 0.754 2 * 3 6
4.5 0.841 0.841 0.835 3 * 3 5 7
5.0 0.891 0.891 0.889 3 * 3 5 7
5.5 0.912 0.912 0.910 3 * 3 5 7
6.0 0.941 0.941 0.941 3 * 3 5 7
6.5 0.953 0.953 0.954 3 * 3 5 7
7.0 0.965 0.965 0.965 3 * 3 5 7
7.5 0.969 0.969 0.970 3 * 3 5 7
8.0 0.976 0.976 0.977 3 * 3 5 7
8.5 0.979 0.979 0.980 3 * 3 5 7
9.0 0.986 0.986 0.987 3 * 3 5 7
9.5 0.986 0.986 0.986 3 * 3 5 7
10.0 0.988 0.988 0.988 3 * 3 5 7
0.5 0.000 0.000 0.000 1 * 1
1.0 0.000 0.000 0.000 1 * 1
1.5 0.268 0.218 0.186 1 * 3
2.0 0.444 0.362 0.307 1 * 3
2.5 0.424 0.408 0.377 2 * 3 5
3.0 0.616 0.599 0.567 2 * 3 5
3.5 0.743 0.722 0.681 2 * 3 5
4.0 0.781 0.769 0.760 2 * 3 6
4.5 0.846 0.846 0.836 3 * 3 5 7
5.0 0.900 0.900 0.898 3 * 3 5 7
5.5 0.919 0.919 0.918 3 * 3 5 7
6.0 0.941 0.941 0.941 3 * 3 5 7
6.5 0.956 0.956 0.956 3 * 3 5 7
7.0 0.967 0.967 0.968 3 * 3 5 7
7.5 0.971 0.971 0.972 3 * 3 5 7
8.0 0.978 0.978 0.978 3 * 3 5 7
8.5 0.980 0.980 0.981 3 * 3 5 7
9.0 0.982 0.982 0.983 3 * 3 5 7
9.5 0.987 0.987 0.988 3 * 3 5 7
10.0 0.987 0.987 0.988 3 * 3 5 7
0.5 0.000 0.000 0.000 1 * 1
1.0 0.000 0.000 0.000 1 * 1
1.5 0.259 0.211 0.180 1 * 3
2.0 0.297 0.282 0.264 1 * 4
2.5 0.461 0.447 0.420 2 * 3 5
3.0 0.600 0.584 0.552 2 * 3 5
3.5 0.723 0.704 0.664 2 * 3 5
4.0 0.747 0.734 0.728 2 * 3 6
4.5 0.847 0.847 0.841 3 * 3 5 7
5.0 0.884 0.884 0.880 3 * 3 5 7
5.5 0.921 0.921 0.919 3 * 3 5 7
6.0 0.939 0.939 0.939 3 * 3 5 7
6.5 0.954 0.954 0.954 3 * 3 5 7
7.0 0.965 0.965 0.965 3 * 3 5 7
7.5 0.972 0.972 0.973 3 * 3 5 7
8.0 0.978 0.978 0.979 3 * 3 5 7
8.5 0.983 0.983 0.983 3 * 3 5 7
9.0 0.983 0.983 0.984 3 * 3 5 7
9.5 0.988 0.988 0.989 3 * 3 5 7
10.0 0.987 0.987 0.988 3 * 3 5 7
0.5 0.000 0.000 0.000 1 * 1
1.0 0.006 0.005 0.005 1 * 2
1.5 0.249 0.203 0.173 1 * 3
2.0 0.456 0.372 0.316 1 * 3
2.5 0.431 0.418 0.398 1 * 4
3.0 0.605 0.588 0.554 2 * 3 5
3.5 0.733 0.713 0.672 2 * 3 5
4.0 0.720 0.720 0.698 3 * 3 5 7
4.5 0.852 0.852 0.845 3 * 3 5 7
5.0 0.892 0.892 0.890 3 * 3 5 7
5.5 0.928 0.928 0.928 3 * 3 5 7
6.0 0.940 0.940 0.940 3 * 3 5 7
6.5 0.888 0.903 0.815 3 * 3 5 8
7.0 0.966 0.966 0.965 3 * 3 5 7
7.5 0.973 0.973 0.974 3 * 3 5 7
8.0 0.978 0.978 0.979 3 * 3 5 7
8.5 0.982 0.982 0.983 3 * 3 5 7
9.0 0.985 0.985 0.986 3 * 3 5 7
9.5 0.987 0.987 0.988 3 * 3 5 7
10.0 0.991 0.991 0.991 3 * 3 5 7
0.5 0.000 0.000 0.000 1 * 1
1.0 0.000 0.000 0.000 1 * 1
1.5 0.257 0.210 0.179 1 * 3
2.0 0.453 0.369 0.314 1 * 3
2.5 0.458 0.445 0.418 2 * 3 5
3.0 0.610 0.594 0.563 2 * 3 5
3.5 0.641 0.623 0.587 2 * 3 6
4.0 0.697 0.697 0.680 3 * 3 5 7
4.5 0.838 0.838 0.830 3 * 3 5 7
5.0 0.897 0.897 0.895 3 * 3 5 7
5.5 0.928 0.928 0.927 3 * 3 5 7
6.0 0.936 0.936 0.937 3 * 3 5 7
6.5 0.951 0.951 0.951 3 * 3 5 7
7.0 0.969 0.969 0.970 3 * 3 5 7
7.5 0.971 0.971 0.972 3 * 3 5 7
8.0 0.977 0.977 0.977 3 * 3 5 7
8.5 0.977 0.977 0.978 3 * 3 5 7
9.0 0.982 0.982 0.983 3 * 3 5 7
9.5 0.986 0.986 0.987 3 * 3 5 7
10.0 0.990 0.990 0.990 3 * 3 5 7
0.5 0.000 0.000 0.000 1 * 1
1.0 0.000 0.000 0.000 1 * 1
1.5 0.243 0.199 0.169 1 * 3
2.0 0.440 0.358 0.305 1 * 3
2.5 0.439 0.427 0.406 1 * 4
3.0 0.607 0.592 0.561 2 * 3 5
3.5 0.732 0.713 0.674 2 * 3 5
4.0 0.744 0.744 0.720 3 * 3 5 7
4.5 0.825 0.825 0.815 3 * 3 5 7
5.0 0.885 0.885 0.880 3 * 3 5 7
5.5 0.919 0.919 0.919 3 * 3 5 7
6.0 0.932 0.932 0.930 3 * 3 5 7
6.5 0.957 0.957 0.957 3 * 3 5 7
7.0 0.967 0.967 0.968 3 * 3 5 7
7.5 0.971 0.971 0.972 3 * 3 5 7
8.0 0.979 0.979 0.979 3 * 3 5 7
8.5 0.983 0.983 0.984 3 * 3 5 7
9.0 0.983 0.983 0.984 3 * 3 5 7
9.5 0.986 0.986 0.987 3 * 3 5 7
10.0 0.989 0.989 0.990 3 * 3 5 7
0.5 0.000 0.000 0.000 1 * 1
1.0 0.000 0.000 0.000 1 * 1
1.5 0.242 0.197 0.168 1 * 3
2.0 0.427 0.348 0.296 1 * 3
2.5 0.460 0.444 0.412 2 * 3 5
3.0 0.612 0.597 0.566 2 * 3 5
3.5 0.632 0.615 0.580 2 * 3 6
4.0 0.745 0.745 0.728 3 * 3 5 7
4.5 0.836 0.836 0.825 3 * 3 5 7
5.0 0.891 0.891 0.888 3 * 3 5 7
5.5 0.916 0.916 0.913 3 * 3 5 7
6.0 0.945 0.945 0.944 3 * 3 5 7
6.5 0.951 0.951 0.951 3 * 3 5 7
7.0 0.962 0.962 0.963 3 * 3 5 7
7.5 0.970 0.970 0.971 3 * 3 5 7
8.0 0.978 0.978 0.979 3 * 3 5 7
8.5 0.984 0.984 0.984 3 * 3 5 7
9.0 0.984 0.984 0.985 3 * 3 5 7
9.5 0.988 0.988 0.989 3 * 3 5 7
10.0 0.990 0.990 0.991 3 * 3 5 7
0.5 0.000 0.000 0.000 1 * 1
1.0 0.000 0.000 0.000 1 * 1
1.5 0.237 0.193 0.165 1 * 3
2.0 0.431 0.351 0.298 1 * 3
2.5 0.436 0.421 0.392 2 * 3 5
3.0 0.621 0.604 0.569 2 * 3 5
3.5 0.723 0.703 0.664 2 * 3 5
4.0 0.770 0.758 0.749 2 * 3 6
4.5 0.846 0.846 0.840 3 * 3 5 7
5.0 0.904 0.904 0.903 3 * 3 5 7
5.5 0.916 0.916 0.915 3 * 3 5 7
6.0 0.946 0.946 0.945 3 * 3 5 7
6.5 0.961 0.961 0.960 3 * 3 5 7
7.0 0.963 0.963 0.964 3 * 3 5 7
7.5 0.971 0.971 0.972 3 * 3 5 7
8.0 0.971 0.971 0.972 3 * 3 5 7
8.5 0.982 0.982 0.982 3 * 3 5 7
9.0 0.981 0.981 0.982 3 * 3 5 7
9.5 0.988 0.988 0.989 3 * 3 5 7
10.0 0.993 0.993 0.994 3 * 3 5 7
0.5 0.000 0.000 0.000 1 * 1
1.0 0.006 0.005 0.004 1 * 2
1.5 0.245 0.199 0.169 1 * 3
2.0 0.455 0.370 0.315 1 * 3
2.5 0.454 0.440 0.411 2 * 3 5
3.0 0.614 0.598 0.565 2 * 3 5
3.5 0.729 0.709 0.669 2 * 3 5
4.0 0.739 0.739 0.715 3 * 3 5 7
4.5 0.840 0.840 0.830 3 * 3 5 7
5.0 0.892 0.892 0.889 3 * 3 5 7
5.5 0.915 0.915 0.915 3 * 3 5 7
6.0 0.940 0.940 0.938 3 * 3 5 7
6.5 0.957 0.957 0.958 3 * 3 5 7
7.0 0.962 0.962 0.963 3 * 3 5 7
7.5 0.970 0.970 0.971 3 * 3 5 7
8.0 0.972 0.972 0.973 3 * 3 5 7
8.5 0.986 0.986 0.986 3 * 3 5 7
9.0 0.988 0.988 0.988 3 * 3 5 7
9.5 0.986 0.986 0.987 3 * 3 5 7
10.0 0.988 0.988 0.989 3 * 3 5 7
0.5 0.000 0.000 0.000 1 * 1
1.0 0.000 0.000 0.000 1 * 1
1.5 0.244 0.199 0.169 1 * 3
2.0 0.440 0.358 0.305 1 * 3
2.5 0.441 0.426 0.398 2 * 3 5
3.0 0.600 0.584 0.552 2 * 3 5
3.5 0.729 0.709 0.669 2 * 3 5
4.0 0.688 0.662 0.631 2 * 3 7
4.5 0.837 0.837 0.824 3 * 3 5 7
5.0 0.890 0.890 0.887 3 * 3 5 7
5.5 0.916 0.916 0.916 3 * 3 5 7
6.0 0.935 0.935 0.934 3 * 3 5 7
6.5 0.952 0.952 0.953 3 * 3 5 7
7.0 0.962 0.962 0.963 3 * 3 5 7
7.5 0.973 0.973 0.973 3 * 3 5 7
8.0 0.980 0.980 0.981 3 * 3 5 7
8.5 0.982 0.982 0.983 3 * 3 5 7
9.0 0.981 0.981 0.982 3 * 3 5 7
9.5 0.986 0.986 0.987 3 * 3 5 7
10.0 0.937 0.953 0.856 3 * 3 5 8
0.5 0.000 0.000 0.000 1 * 1
1.0 0.000 0.000 0.000 1 * 1
1.5 0.244 0.199 0.169 1 * 3
2.0 0.447 0.364 0.310 1 * 3
2.5 0.465 0.450 0.420 2 * 3 5
3.0 0.615 0.598 0.564 2 * 3 5
3.5 0.725 0.706 0.668 2 * 3 5
4.0 0.732 0.719 0.712 2 * 3 6
4.5 0.835 0.835 0.826 3 * 3 5 7
5.0 0.889 0.889 0.886 3 * 3 5 7
5.5 0.920 0.920 0.919 3 * 3 5 7
6.0 0.940 0.940 0.939 3 * 3 5 7
6.5 0.953 0.953 0.952 3 * 3 5 7
7.0 0.966 0.966 0.967 3 * 3 5 7
7.5 0.973 0.973 0.973 3 * 3 5 7
8.0 0.977 0.977 0.978 3 * 3 5 7
8.5 0.980 0.980 0.980 3 * 3 5 7
9.0 0.985 0.985 0.986 3 * 3 5 7
9.5 0.987 0.987 0.988 3 * 3 5 7
10.0 0.989 0.989 0.990 3 * 3 5 7
0.5 0.000 0.000 0.000 1 * 1
1.0 0.000 0.000 0.000 1 * 1
1.5 0.252 0.205 0.174 1 * 3
2.0 0.463 0.377 0.321 1 * 3
2.5 0.441 0.428 0.402 2 * 3 5
3.0 0.612 0.597 0.568 2 * 3 5
3.5 0.626 0.615 0.609 2 * 3 6
4.0 0.750 0.750 0.725 3 * 3 5 7
4.5 0.849 0.849 0.842 3 * 3 5 7
5.0 0.886 0.886 0.883 3 * 3 5 7
5.5 0.921 0.921 0.920 3 * 3 5 7
6.0 0.942 0.942 0.942 3 * 3 5 7
6.5 0.950 0.950 0.950 3 * 3 5 7
7.0 0.970 0.970 0.970 3 * 3 5 7
7.5 0.972 0.972 0.972 3 * 3 5 7
8.0 0.978 0.978 0.978 3 * 3 5 7
8.5 0.985 0.985 0.985 3 * 3 5 7
9.0 0.983 0.983 0.984 3 * 3 5 7
9.5 0.989 0.989 0.989 3 * 3 5 7
10.0 0.989 0.989 0.989 3 * 3 5 7
0.5 0.000 0.000 0.000 1 * 1
1.0 0.016 0.013 0.012 1 * 2
1.5 0.255 0.208 0.177 1 * 3
2.0 0.442 0.360 0.306 1 * 3
2.5 0.446 0.431 0.402 2 * 3 5
3.0 0.615 0.599 0.567 2 * 3 5
3.5 0.741 0.722 0.683 2 * 3 5
4.0 0.760 0.760 0.739 3 * 3 5 7
4.5 0.843 0.843 0.832 3 * 3 5 7
5.0 0.892 0.892 0.890 3 * 3 5 7
5.5 0.919 0.919 0.918 3 * 3 5 7
6.0 0.943 0.943 0.943 3 * 3 5 7
6.5 0.957 0.957 0.957 3 * 3 5 7
7.0 0.958 0.958 0.959 3 * 3 5 7
7.5 0.970 0.970 0.971 3 * 3 5 7
8.0 0.974 0.974 0.975 3 * 3 5 7
8.5 0.982 0.982 0.982 3 * 3 5 7
9.0 0.986 0.986 0.987 3 * 3 5 7
9.5 0.986 0.986 0.987 3 * 3 5 7
10.0 0.990 0.990 0.990 3 * 3 5 7
0.5 0.000 0.000 0.000 1 * 1
1.0 0.000 0.000 0.000 1 * 1
1.5 0.254 0.207 0.176 1 * 3
2.0 0.449 0.366 0.311 1 * 3
2.5 0.463 0.449 0.421 2 * 3 5
3.0 0.619 0.602 0.568 2 * 3 5
3.5 0.731 0.711 0.670 2 * 3 5
4.0 0.726 0.726 0.699 3 * 3 5 7
4.5 0.841 0.841 0.830 3 * 3 5 7
5.0 0.896 0.896 0.894 3 * 3 5 7
5.5 0.920 0.920 0.920 3 * 3 5 7
6.0 0.940 0.940 0.940 3 * 3 5 7
6.5 0.960 0.960 0.961 3 * 3 5 7
7.0 0.964 0.964 0.964 3 * 3 5 7
7.5 0.968 0.968 0.968 3 * 3 5 7
8.0 0.975 0.975 0.975 3 * 3 5 7
8.5 0.982 0.982 0.982 3 * 3 5 7
9.0 0.985 0.985 0.986 3 * 3 5 7
9.5 0.989 0.989 0.990 3 * 3 5 7
10.0 0.990 0.990 0.990 3 * 3 5 7
0.5 0.000 0.000 0.000 1 * 1
1.0 0.000 0.000 0.000 1 * 1
1.5 0.271 0.221 0.188 1 * 3
2.0 0.460 0.375 0.319 1 * 3
2.5 0.444 0.431 0.405 2 * 3 5
3.0 0.606 0.590 0.559 2 * 3 5
3.5 0.736 0.716 0.677 2 * 3 5
4.0 0.762 0.748 0.740 2 * 3 6
4.5 0.837 0.837 0.830 3 * 3 5 7
5.0 0.889 0.889 0.886 3 * 3 5 7
5.5 0.927 0.927 0.926 3 * 3 5 7
6.0 0.938 0.938 0.938 3 * 3 5 7
6.5 0.955 0.955 0.954 3 * 3 5 7
7.0 0.963 0.963 0.963 3 * 3 5 7
7.5 0.968 0.968 0.969 3 * 3 5 7
8.0 0.977 0.977 0.978 3 * 3 5 7
8.5 0.980 0.980 0.981 3 * 3 5 7
9.0 0.981 0.981 0.982 3 * 3 5 7
9.5 0.987 0.987 0.988 3 * 3 5 7
10.0 0.990 0.990 0.991 3 * 3 5 7
0.5 0.000 0.000 0.000 1 * 1
1.0 0.000 0.000 0.000 1 * 1
1.5 0.246 0.201 0.171 1 * 3
2.0 0.449 0.366 0.311 1 * 3
2.5 0.461 0.446 0.418 2 * 3 5
3.0 0.624 0.607 0.573 2 * 3 5
3.5 0.720 0.700 0.661 2 * 3 5
4.0 0.759 0.759 0.740 3 * 3 5 7
4.5 0.837 0.837 0.828 3 * 3 5 7
5.0 0.890 0.890 0.887 3 * 3 5 7
5.5 0.923 0.923 0.922 3 * 3 5 7
6.0 0.937 0.937 0.937 3 * 3 5 7
6.5 0.949 0.949 0.949 3 * 3 5 7
7.0 0.959 0.959 0.959 3 * 3 5 7
7.5 0.969 0.969 0.970 3 * 3 5 7
8.0 0.976 0.976 0.976 3 * 3 5 7
8.5 0.981 0.981 0.982 3 * 3 5 7
9.0 0.985 0.985 0.985 3 * 3 5 7
9.5 0.989 0.989 0.989 3 * 3 5 7
10.0 0.987 0.987 0.988 3 * 3 5 7
0.5 0.000 0.000 0.000 1 * 1
1.0 0.000 0.000 0.000 1 * 1
1.5 0.258 0.210 0.179 1 * 3
2.0 0.442 0.360 0.306 1 * 3
2.5 0.451 0.437 0.409 2 * 3 5
3.0 0.613 0.596 0.563 2 * 3 5
3.5 0.729 0.710 0.671 2 * 3 5
4.0 0.750 0.750 0.729 3 * 3 5 7
4.5 0.848 0.848 0.841 3 * 3 5 7
5.0 0.894 0.894 0.892 3 * 3 5 7
5.5 0.920 0.920 0.920 3 * 3 5 7
6.0 0.867 0.881 0.795 3 * 3 5 8
6.5 0.956 0.956 0.958 3 * 3 5 7
7.0 0.964 0.964 0.964 3 * 3 5 7
7.5 0.975 0.975 0.976 3 * 3 5 7
8.0 0.975 0.975 0.975 3 * 3 5 7
8.5 0.980 0.980 0.981 3 * 3 5 7
9.0 0.984 0.984 0.985 3 * 3 5 7
9.5 0.988 0.988 0.988 3 * 3 5 7
10.0 0.988 0.988 0.989 3 * 3 5 7
0.5 0.000 0.000 0.000 1 * 1
1.0 0.000 0.000 0.000 1 * 1
1.5 0.252 0.205 0.174 1 * 3
2.0 0.438 0.357 0.304 1 * 3
2.5 0.444 0.430 0.410 1 * 4
3.0 0.587 0.570 0.535 2 * 3 5
3.5 0.732 0.712 0.672 2 * 3 5
4.0 0.776 0.763 0.752 2 * 3 6
4.5 0.835 0.835 0.824 3 * 3 5 7
5.0 0.886 0.886 0.883 3 * 3 5 7
5.5 0.924 0.924 0.923 3 * 3 5 7
6.0 0.940 0.940 0.940 3 * 3 5 7
6.5 0.955 0.955 0.954 3 * 3 5 7
7.0 0.965 0.965 0.966 3 * 3 5 7
7.5 0.971 0.971 0.971 3 * 3 5 7
8.0 0.978 0.978 0.979 3 * 3 5 7
8.5 0.980 0.980 0.980 3 * 3 5 7
9.0 0.984 0.984 0.986 3 * 3 5 7
9.5 0.989 0.989 0.989 3 * 3 5 7
10.0 0.992 0.992 0.992 3 * 3 5 7
0.5 0.000 0.000 0.000 1 * 1
1.0 0.023 0.019 0.016 1 * 2
1.5 0.256 0.208 0.177 1 * 3
2.0 0.430 0.350 0.298 1 * 3
2.5 0.455 0.440 0.421 1 * 4
3.0 0.618 0.601 0.566 2 * 3 5
3.5 0.741 0.720 0.678 2 * 3 5
4.0 0.696 0.669 0.637 2 * 3 7
4.5 0.844 0.844 0.834 3 * 3 5 7
5.0 0.892 0.892 0.890 3 * 3 5 7
5.5 0.924 0.924 0.923 3 * 3 5 7
6.0 0.943 0.943 0.943 3 * 3 5 7
6.5 0.956 0.956 0.956 3 * 3 5 7
7.0 0.964 0.964 0.964 3 * 3 5 7
7.5 0.969 0.969 0.969 3 * 3 5 7
8.0 0.975 0.975 0.976 3 * 3 5 7
8.5 0.979 0.979 0.979 3 * 3 5 7
9.0 0.985 0.985 0.986 3 * 3 5 7
9.5 0.985 0.985 0.986 3 * 3 5 7
10.0 0.990 0.990 0.990 3 * 3 5 7
0.5 0.000 0.000 0.000 1 * 1
1.0 0.000 0.000 0.000 1 * 1
1.5 0.246 0.201 0.171 1 * 3
2.0 0.453 0.369 0.313 1 * 3
2.5 0.456 0.441 0.413 2 * 3 5
3.0 0.613 0.596 0.562 2 * 3 5
3.5 0.734 0.714 0.675 2 * 3 5
4.0 0.738 0.738 0.714 3 * 3 5 7
4.5 0.835 0.835 0.827 3 * 3 5 7
5.0 0.899 0.899 0.896 3 * 3 5 7
5.5 0.929 0.929 0.928 3 * 3 5 7
6.0 0.934 0.934 0.933 3 * 3 5 7
6.5 0.957 0.957 0.958 3 * 3 5 7
7.0 0.962 0.962 0.963 3 * 3 5 7
7.5 0.972 0.972 0.974 3 * 3 5 7
8.0 0.978 0.978 0.978 3 * 3 5 7
8.5 0.982 0.982 0.982 3 * 3 5 7
9.0 0.985 0.985 0.986 3 * 3 5 7
9.5 0.987 0.987 0.987 3 * 3 5 7
10.0 0.990 0.990 0.991 3 * 3 5 7
0.5 0.000 0.000 0.000 1 * 1
1.0 0.000 0.000 0.000 1 * 1
1.5 0.243 0.199 0.170 1 * 3
2.0 0.444 0.361 0.307 1 * 3
2.5 0.457 0.442 0.413 2 * 3 5
3.0 0.607 0.591 0.561 2 * 3 5
3.5 0.736 0.717 0.679 2 * 3 5
4.0 0.725 0.715 0.714 2 * 3 6
4.5 0.845 0.845 0.836 3 * 3 5 7
5.0 0.892 0.892 0.891 3 * 3 5 7
5.5 0.915 0.915 0.915 3 * 3 5 7
6.0 0.944 0.944 0.944 3 * 3 5 7
6.5 0.951 0.951 0.951 3 * 3 5 7
7.0 0.966 0.966 0.968 3 * 3 5 7
7.5 0.971 0.971 0.972 3 * 3 5 7
8.0 0.978 0.978 0.979 3 * 3 5 7
8.5 0.982 0.982 0.982 3 * 3 5 7
9.0 0.982 0.982 0.983 3 * 3 5 7
9.5 0.988 0.988 0.988 3 * 3 5 7
10.0 0.993 0.993 0.993 3 * 3 5 7
0.5 0.000 0.000 0.000 1 * 1
1.0 0.000 0.000 0.000 1 * 1
1.5 0.233 0.190 0.161 1 * 3
2.0 0.441 0.359 0.306 1 * 3
2.5 0.430 0.417 0.398 1 * 4
3.0 0.595 0.578 0.544 2 * 3 5
3.5 0.739 0.719 0.680 2 * 3 5
4.0 0.769 0.755 0.748 2 * 3 6
4.5 0.839 0.839 0.831 3 * 3 5 7
5.0 0.894 0.894 0.892 3 * 3 5 7
5.5 0.917 0.917 0.917 3 * 3 5 7
6.0 0.942 0.942 0.942 3 * 3 5 7
6.5 0.952 0.952 0.953 3 * 3 5 7
7.0 0.966 0.966 0.967 3 * 3 5 7
7.5 0.974 0.974 0.974 3 * 3 5 7
8.0 0.975 0.975 0.976 3 * 3 5 7
8.5 0.981 0.981 0.981 3 * 3 5 7
9.0 0.980 0.980 0.981 3 * 3 5 7
9.5 0.985 0.985 0.986 3 * 3 5 7
10.0 0.989 0.989 0.990 3 * 3 5 7
0.5 0.000 0.000 0.000 1 * 1
1.0 0.000 0.000 0.000 1 * 1
1.5 0.259 0.211 0.179 1 * 3
2.0 0.437 0.356 0.303 1 * 3
2.5 0.446 0.433 0.405 2 * 3 5
3.0 0.619 0.603 0.570 2 * 3 5
3.5 0.725 0.705 0.665 2 * 3 5
4.0 0.779 0.766 0.758 2 * 3 6
4.5 0.845 0.845 0.839 3 * 3 5 7
5.0 0.887 0.887 0.886 3 * 3 5 7
5.5 0.918 0.918 0.919 3 * 3 5 7
6.0 0.943 0.943 0.943 3 * 3 5 7
6.5 0.956 0.956 0.956 3 * 3 5 7
7.0 0.965 0.965 0.965 3 * 3 5 7
7.5 0.975 0.975 0.975 3 * 3 5 7
8.0 0.975 0.975 0.976 3 * 3 5 7
8.5 0.984 0.984 0.985 3 * 3 5 7
9.0 0.982 0.982 0.982 3 * 3 5 7
9.5 0.987 0.987 0.988 3 * 3 5 7
10.0 0.989 0.989 0.990 3 * 3 5 7
0.5 0.000 0.000 0.000 1 * 1
1.0 0.000 0.000 0.000 1 * 1
1.5 0.235 0.192 0.163 1 * 3
2.0 0.430 0.350 0.298 1 * 3
2.5 0.418 0.402 0.369 2 * 3 5
3.0 0.608 0.591 0.557 2 * 3 5
3.5 0.736 0.715 0.674 2 * 3 5
4.0 0.695 0.697 0.671 3 * 3 5 7
4.5 0.854 0.854 0.844 3 * 3 5 7
5.0 0.893 0.893 0.891 3 * 3 5 7
5.5 0.926 0.926 0.925 3 * 3 5 7
6.0 0.941 0.941 0.940 3 * 3 5 7
6.5 0.955 0.955 0.955 3 * 3 5 7
7.0 0.968 0.968 0.968 3 * 3 5 7
7.5 0.969 0.969 0.970 3 * 3 5 7
8.0 0.979 0.979 0.979 3 * 3 5 7
8.5 0.980 0.980 0.980 3 * 3 5 7
9.0 0.986 0.986 0.986 3 * 3 5 7
9.5 0.986 0.986 0.987 3 * 3 5 7
10.0 0.992 0.992 0.992 3 * 3 5 7
0.5 0.000 0.000 0.000 1 * 1
1.0 0.000 0.000 0.000 1 * 1
1.5 0.247 0.201 0.171 1 * 3
2.0 0.468 0.381 0.324 1 * 3
2.5 0.460 0.446 0.418 2 * 3 5
3.0 0.615 0.598 0.564 2 * 3 5
3.5 0.734 0.715 0.676 2 * 3 5
4.0 0.763 0.751 0.745 2 * 3 6
4.5 0.835 0.835 0.825 3 * 3 5 7
5.0 0.896 0.896 0.895 3 * 3 5 7
5.5 0.926 0.926 0.926 3 * 3 5 7
6.0 0.940 0.940 0.941 3 * 3 5 7
6.5 0.956 0.956 0.957 3 * 3 5 7
7.0 0.963 0.963 0.963 3 * 3 5 7
7.5 0.973 0.973 0.974 3 * 3 5 7
8.0 0.978 0.978 0.979 3 * 3 5 7
8.5 0.982 0.982 0.982 3 * 3 5 7
9.0 0.984 0.984 0.985 3 * 3 5 7
9.5 0.990 0.990 0.990 3 * 3 5 7
10.0 0.990 0.990 0.990 3 * 3 5 7
0.5 0.000 0.000 0.000 1 * 1
1.0 0.000 0.000 0.000 1 * 1
1.5 0.256 0.208 0.177 1 * 3
2.0 0.447 0.364 0.310 1 * 3
2.5 0.432 0.419 0.399 1 * 4
3.0 0.622 0.604 0.569 2 * 3 5
3.5 0.729 0.709 0.669 2 * 3 5
4.0 0.660 0.643 0.639 2 * 3 7
4.5 0.769 0.786 0.696 3 * 3 5 8
5.0 0.893 0.893 0.891 3 * 3 5 7
5.5 0.922 0.922 0.921 3 * 3 5 7
6.0 0.944 0.944 0.943 3 * 3 5 7
6.5 0.956 0.956 0.956 3 * 3 5 7
7.0 0.962 0.962 0.963 3 * 3 5 7
7.5 0.975 0.975 0.976 3 * 3 5 7
8.0 0.980 0.980 0.981 3 * 3 5 7
8.5 0.981 0.981 0.982 3 * 3 5 7
9.0 0.986 0.986 0.987 3 * 3 5 7
9.5 0.990 0.990 0.991 3 * 3 5 7
10.0 0.991 0.991 0.991 3 * 3 5 7
0.5 0.000 0.000 0.000 1 * 1
1.0 0.024 0.020 0.017 1 * 2
1.5 0.262 0.214 0.182 1 * 3
2.0 0.445 0.363 0.309 1 * 3
2.5 0.454 0.439 0.408 2 * 3 5
3.0 0.586 0.569 0.535 2 * 3 5
3.5 0.720 0.700 0.661 2 * 3 5
4.0 0.769 0.756 0.749 2 * 3 6
4.5 0.837 0.837 0.828 3 * 3 5 7
5.0 0.896 0.896 0.892 3 * 3 5 7
5.5 0.919 0.919 0.917 3 * 3 5 7
6.0 0.943 0.943 0.943 3 * 3 5 7
6.5 0.953 0.953 0.954 3 * 3 5 7
7.0 0.965 0.965 0.966 3 * 3 5 7
7.5 0.971 0.971 0.971 3 * 3 5 7
8.0 0.975 0.975 0.976 3 * 3 5 7
8.5 0.981 0.981 0.982 3 * 3 5 7
9.0 0.987 0.987 0.987 3 * 3 5 7
9.5 0.988 0.988 0.989 3 * 3 5 7
10.0 0.992 0.992 0.992 3 * 3 5 7
0.5 0.000 0.000 0.000 1 * 1
1.0 0.020 0.016 0.014 1 * 2
1.5 0.230 0.187 0.160 1 * 3
2.0 0.436 0.355 0.302 1 * 3
2.5 0.430 0.416 0.386 2 * 3 5
3.0 0.616 0.598 0.562 2 * 3 5
3.5 0.729 0.711 0.673 2 * 3 5
4.0 0.693 0.693 0.677 3 * 3 5 7
4.5 0.838 0.838 0.829 3 * 3 5 7
5.0 0.886 0.886 0.883 3 * 3 5 7
5.5 0.912 0.912 0.910 3 * 3 5 7
6.0 0.937 0.937 0.937 3 * 3 5 7
6.5 0.954 0.954 0.955 3 * 3 5 7
7.0 0.959 0.959 0.959 3 * 3 5 7
7.5 0.969 0.969 0.970 3 * 3 5 7
8.0 0.982 0.982 0.982 3 * 3 5 7
8.5 0.984 0.984 0.985 3 * 3 5 7
9.0 0.984 0.984 0.985 3 * 3 5 7
9.5 0.989 0.989 0.990 3 * 3 5 7
10.0 0.990 0.990 0.990 3 * 3 5 7
0.5 0.000 0.000 0.000 1 * 1
1.0 0.000 0.000 0.000 1 * 1
1.5 0.236 0.192 0.163 1 * 3
2.0 0.454 0.370 0.315 1 * 3
2.5 0.434 0.421 0.401 1 * 4
3.0 0.614 0.597 0.563 2 * 3 5
3.5 0.719 0.701 0.664 2 * 3 5
4.0 0.768 0.755 0.744 2 * 3 6
4.5 0.834 0.834 0.826 3 * 3 5 7
5.0 0.891 0.891 0.889 3 * 3 5 7
5.5 0.922 0.922 0.922 3 * 3 5 7
6.0 0.940 0.940 0.940 3 * 3 5 7
6.5 0.948 0.948 0.947 3 * 3 5 7
7.0 0.966 0.966 0.966 3 * 3 5 7
7.5 0.972 0.972 0.972 3 * 3 5 7
8.0 0.980 0.980 0.981 3 * 3 5 7
8.5 0.979 0.979 0.980 3 * 3 5 7
9.0 0.985 0.985 0.986 3 * 3 5 7
9.5 0.987 0.987 0.988 3 * 3 5 7
10.0 0.990 0.990 0.990 3 * 3 5 7
0.5 0.000 0.000 0.000 1 * 1
1.0 0.025 0.020 0.017 1 * 2
1.5 0.256 0.208 0.177 1 * 3
2.0 0.449 0.365 0.311 1 * 3
2.5 0.454 0.439 0.409 2 * 3 5
3.0 0.614 0.598 0.566 2 * 3 5
3.5 0.737 0.719 0.682 2 * 3 5
4.0 0.760 0.747 0.739 2 * 3 6
4.5 0.846 0.846 0.839 3 * 3 5 7
5.0 0.886 0.886 0.883 3 * 3 5 7
5.5 0.920 0.920 0.918 3 * 3 5 7
6.0 0.942 0.942 0.942 3 * 3 5 7
6.5 0.953 0.953 0.955 3 * 3 5 7
7.0 0.965 0.965 0.965 3 * 3 5 7
7.5 0.969 0.969 0.970 3 * 3 5 7
8.0 0.979 0.979 0.980 3 * 3 5 7
8.5 0.982 0.982 0.982 3 * 3 5 7
9.0 0.985 0.985 0.986 3 * 3 5 7
9.5 0.987 0.987 0.988 3 * 3 5 7
10.0 0.991 0.991 0.992 3 * 3 5 7
0.5 0.000 0.000 0.000 1 * 1
1.0 0.000 0.000 0.000 1 * 1
1.5 0.257 0.209 0.178 1 * 3
2.0 0.437 0.356 0.303 1 * 3
2.5 0.446 0.433 0.406 2 * 3 5
3.0 0.611 0.593 0.558 2 * 3 5
3.5 0.731 0.711 0.671 2 * 3 5
4.0 0.708 0.680 0.647 2 * 3 7
4.5 0.847 0.847 0.839 3 * 3 5 7
5.0 0.891 0.891 0.889 3 * 3 5 7
5.5 0.850 0.864 0.780 3 * 3 5 8
6.0 0.935 0.935 0.935 3 * 3 5 7
6.5 0.955 0.955 0.953 3 * 3 5 7
7.0 0.961 0.961 0.961 3 * 3 5 7
7.5 0.973 0.973 0.973 3 * 3 5 7
8.0 0.977 0.977 0.979 3 * 3 5 7
8.5 0.981 0.981 0.982 3 * 3 5 7
9.0 0.983 0.983 0.983 3 * 3 5 7
9.5 0.983 0.983 0.984 3 * 3 5 7
10.0 0.989 0.989 0.989 3 * 3 5 7
0.5 0.000 0.000 0.000 1 * 1
1.0 0.000 0.000 0.000 1 * 1
1.5 0.251 0.204 0.174 1 * 3
2.0 0.443 0.361 0.307 1 * 3
2.5 0.452 0.438 0.418 1 * 4
3.0 0.616 0.599 0.566 2 * 3 5
3.5 0.724 0.704 0.665 2 * 3 5
4.0 0.772 0.759 0.751 2 * 3 6
4.5 0.839 0.839 0.829 3 * 3 5 7
5.0 0.892 0.892 0.889 3 * 3 5 7
5.5 0.922 0.922 0.922 3 * 3 5 7
6.0 0.945 0.945 0.945 3 * 3 5 7
6.5 0.950 0.950 0.950 3 * 3 5 7
7.0 0.962 0.962 0.963 3 * 3 5 7
7.5 0.974 0.974 0.975 3 * 3 5 7
8.0 0.979 0.979 0.980 3 * 3 5 7
8.5 0.983 0.983 0.983 3 * 3 5 7
9.0 0.980 0.980 0.981 3 * 3 5 7
9.5 0.989 0.989 0.989 3 * 3 5 7
10.0 0.989 0.989 0.989 3 * 3 5 7
0.5 0.000 0.000 0.000 1 * 1
1.0 0.000 0.000 0.000 1 * 1
1.5 0.260 0.212 0.180 1 * 3
2.0 0.437 0.356 0.303 1 * 3
2.5 0.433 0.418 0.388 2 * 3 5
3.0 0.627 0.610 0.575 2 * 3 5
3.5 0.735 0.715 0.675 2 * 3 5
4.0 0.753 0.753 0.733 3 * 3 5 7
4.5 0.836 0.836 0.828 3 * 3 5 7
5.0 0.896 0.896 0.895 3 * 3 5 7
5.5 0.911 0.911 0.909 3 * 3 5 7
6.0 0.942 0.942 0.941 3 * 3 5 7
6.5 0.949 0.949 0.950 3 * 3 5 7
7.0 0.968 0.968 0.968 3 * 3 5 7
7.5 0.971 0.971 0.972 3 * 3 5 7
8.0 0.917 0.932 0.839 3 * 3 5 8
8.5 0.982 0.982 0.982 3 * 3 5 7
9.0 0.985 0.985 0.986 3 * 3 5 7
9.5 0.987 0.987 0.987 3 * 3 5 7
10.0 0.989 0.989 0.989 3 * 3 5 7
0.5 -0.000 -0.000 -0.000 1 * 2
1.0 0.000 0.000 0.000 1 * 1
1.5 0.268 0.218 0.186 1 * 3
2.0 0.435 0.354 0.302 1 * 3
2.5 0.442 0.428 0.399 2 * 3 5
3.0 0.606 0.590 0.559 2 * 3 5
3.5 0.668 0.650 0.615 2 * 3 6
4.0 0.723 0.723 0.698 3 * 3 5 7
4.5 0.841 0.841 0.832 3 * 3 5 7
5.0 0.894 0.894 0.892 3 * 3 5 7
5.5 0.923 0.923 0.924 3 * 3 5 7
6.0 0.935 0.935 0.934 3 * 3 5 7
6.5 0.950 0.950 0.950 3 * 3 5 7
7.0 0.963 0.963 0.963 3 * 3 5 7
7.5 0.972 0.972 0.972 3 * 3 5 7
8.0 0.975 0.975 0.976 3 * 3 5 7
8.5 0.979 0.979 0.979 3 * 3 5 7
9.0 0.982 0.982 0.983 3 * 3 5 7
9.5 0.987 0.987 0.987 3 * 3 5 7
10.0 0.990 0.990 0.991 3 * 3 5 7
0.5 0.000 0.000 0.000 1 * 1
1.0 0.000 0.000 0.000 1 * 1
1.5 0.268 0.219 0.186 1 * 3
2.0 0.461 0.375 0.319 1 * 3
2.5 0.457 0.443 0.416 2 * 3 5
3.0 0.629 0.611 0.577 2 * 3 5
3.5 0.730 0.710 0.671 2 * 3 5
4.0 0.753 0.753 0.730 3 * 3 5 7
4.5 0.845 0.845 0.837 3 * 3 5 7
5.0 0.893 0.893 0.890 3 * 3 5 7
5.5 0.915 0.915 0.915 3 * 3 5 7
6.0 0.939 0.939 0.940 3 * 3 5 7
6.5 0.953 0.953 0.955 3 * 3 5 7
7.0 0.963 0.963 0.963 3 * 3 5 7
7.5 0.970 0.970 0.971 3 * 3 5 7
8.0 0.973 0.973 0.974 3 * 3 5 7
8.5 0.981 0.981 0.982 3 * 3 5 7
9.0 0.985 0.985 0.986 3 * 3 5 7
9.5 0.989 0.989 0.990 3 * 3 5 7
10.0 0.988 0.988 0.989 3 * 3 5 7
0.5 0.000 0.000 0.000 1 * 1
1.0 0.000 0.000 0.000 1 * 1
1.5 0.235 0.192 0.163 1 * 3
2.0 0.449 0.366 0.311 1 * 3
2.5 0.467 0.453 0.426 2 * 3 5
3.0 0.608 0.591 0.557 2 * 3 5
3.5 0.733 0.713 0.672 2 * 3 5
4.0 0.769 0.756 0.749 2 * 3 6
4.5 0.844 0.844 0.838 3 * 3 5 7
5.0 0.894 0.894 0.891 3 * 3 5 7
5.5 0.922 0.922 0.922 3 * 3 5 7
6.0 0.935 0.935 0.935 3 * 3 5 7
6.5 0.950 0.950 0.950 3 * 3 5 7
7.0 0.964 0.964 0.965 3 * 3 5 7
7.5 0.973 0.973 0.973 3 * 3 5 7
8.0 0.980 0.980 0.980 3 * 3 5 7
8.5 0.983 0.983 0.984 3 * 3 5 7
9.0 0.982 0.982 0.983 3 * 3 5 7
9.5 0.988 0.988 0.989 3 * 3 5 7
10.0 0.992 0.992 0.992 3 * 3 5 7
0.5 0.000 0.000 0.000 1 * 1
1.0 0.000 0.000 0.000 1 * 1
1.5 0.236 0.192 0.164 1 * 3
2.0 0.438 0.357 0.303 1 * 3
2.5 0.438 0.424 0.397 2 * 3 5
3.0 0.597 0.580 0.546 2 * 3 5
3.5 0.730 0.710 0.670 2 * 3 5
4.0 0.726 0.726 0.701 3 * 3 5 7
4.5 0.845 0.845 0.838 3 * 3 5 7
5.0 0.884 0.884 0.882 3 * 3 5 7
5.5 0.916 0.916 0.914 3 * 3 5 7
6.0 0.933 0.933 0.933 3 * 3 5 7
6.5 0.952 0.952 0.952 3 * 3 5 7
7.0 0.960 0.960 0.961 3 * 3 5 7
7.5 0.970 0.970 0.971 3 * 3 5 7
8.0 0.976 0.976 0.976 3 * 3 5 7
8.5 0.984 0.984 0.984 3 * 3 5 7
9.0 0.987 0.987 0.988 3 * 3 5 7
9.5 0.982 0.982 0.983 3 * 3 5 7
10.0 0.989 0.989 0.990 3 * 3 5 7
0.5 0.000 0.000 0.000 1 * 1
1.0 0.032 0.026 0.022 1 * 2
1.5 0.251 0.205 0.175 1 * 3
2.0 0.452 0.368 0.313 1 * 3
2.5 0.466 0.453 0.426 2 * 3 5
3.0 0.614 0.598 0.565 2 * 3 5
3.5 0.727 0.707 0.667 2 * 3 5
4.0 0.769 0.755 0.744 2 * 3 6
4.5 0.854 0.854 0.844 3 * 3 5 7
5.0 0.894 0.894 0.891 3 * 3 5 7
5.5 0.925 0.925 0.923 3 * 3 5 7
6.0 0.943 0.943 0.942 3 * 3 5 7
6.5 0.955 0.955 0.955 3 * 3 5 7
7.0 0.961 0.961 0.961 3 * 3 5 7
7.5 0.973 0.973 0.973 3 * 3 5 7
8.0 0.978 0.978 0.979 3 * 3 5 7
8.5 0.982 0.982 0.983 3 * 3 5 7
9.0 0.987 0.987 0.987 3 * 3 5 7
9.5 0.986 0.986 0.987 3 * 3 5 7
10.0 0.990 0.990 0.991 3 * 3 5 7
0.5 0.000 0.000 0.000 1 * 1
1.0 0.000 0.000 0.000 1 * 1
1.5 0.250 0.204 0.174 1 * 3
2.0 0.448 0.365 0.310 1 * 3
2.5 0.420 0.409 0.388 1 * 4
3.0 0.617 0.601 0.569 2 * 3 5
3.5 0.642 0.624 0.590 2 * 3 6
4.0 0.710 0.710 0.686 3 * 3 5 7
4.5 0.829 0.829 0.818 3 * 3 5 7
5.0 0.894 0.894 0.891 3 * 3 5 7
5.5 0.920 0.920 0.920 3 * 3 5 7
6.0 0.944 0.944 0.945 3 * 3 5 7
6.5 0.948 0.948 0.948 3 * 3 5 7
7.0 0.964 0.964 0.965 3 * 3 5 7
7.5 0.970 0.970 0.971 3 * 3 5 7
8.0 0.973 0.973 0.974 3 * 3 5 7
8.5 0.983 0.983 0.984 3 * 3 5 7
9.0 0.987 0.987 0.988 3 * 3 5 7
9.5 0.987 0.987 0.987 3 * 3 5 7
10.0 0.990 0.990 0.990 3 * 3 5 7
0.5 0.000 0.000 0.000 1 * 1
1.0 0.000 0.000 0.000 1 * 1
1.5 0.252 0.205 0.175 1 * 3
2.0 0.436 0.355 0.302 1 * 3
2.5 0.458 0.443 0.423 1 * 4
3.0 0.621 0.604 0.569 2 * 3 5
3.5 0.730 0.710 0.671 2 * 3 5
4.0 0.768 0.755 0.746 2 * 3 6
4.5 0.849 0.849 0.841 3 * 3 5 7
5.0 0.886 0.886 0.884 3 * 3 5 7
5.5 0.919 0.919 0.918 3 * 3 5 7
6.0 0.939 0.939 0.938 3 * 3 5 7
6.5 0.956 0.956 0.956 3 * 3 5 7
7.0 0.960 0.960 0.961 3 * 3 5 7
7.5 0.970 0.970 0.971 3 * 3 5 7
8.0 0.975 0.975 0.976 3 * 3 5 7
8.5 0.984 0.984 0.985 3 * 3 5 7
9.0 0.988 0.988 0.989 3 * 3 5 7
9.5 0.988 0.988 0.988 3 * 3 5 7
10.0 0.991 0.991 0.992 3 * 3 5 7
0.5 0.000 0.000 0.000 1 * 1
1.0 0.000 0.000 0.000 1 * 1
1.5 0.244 0.199 0.169 1 * 3
2.0 0.424 0.345 0.294 1 * 3
2.5 0.436 0.424 0.403 1 * 4
3.0 0.613 0.596 0.563 2 * 3 5
3.5 0.641 0.623 0.586 2 * 3 6
4.0 0.721 0.721 0.693 3 * 3 5 7
4.5 0.840 0.840 0.830 3 * 3 5 7
5.0 0.889 0.889 0.888 3 * 3 5 7
5.5 0.923 0.923 0.923 3 * 3 5 7
6.0 0.941 0.941 0.940 3 * 3 5 7
6.5 0.956 0.956 0.957 3 * 3 5 7
7.0 0.966 0.966 0.966 3 * 3 5 7
7.5 0.971 0.971 0.973 3 * 3 5 7
8.0 0.975 0.975 0.976 3 * 3 5 7
8.5 0.985 0.985 0.985 3 * 3 5 7
9.0 0.981 0.981 0.982 3 * 3 5 7
9.5 0.986 0.986 0.986 3 * 3 5 7
10.0 0.988 0.988 0.989 3 * 3 5 7
0.5 0.000 0.000 0.000 1 * 1
1.0 0.000 0.000 0.000 1 * 1
1.5 0.248 0.202 0.172 1 * 3
2.0 0.465 0.379 0.322 1 * 3
2.5 0.458 0.444 0.416 2 * 3 5
3.0 0.609 0.593 0.561 2 * 3 5
3.5 0.651 0.633 0.597 2 * 3 6
4.0 0.780 0.768 0.758 2 * 3 6
4.5 0.834 0.834 0.827 3 * 3 5 7
5.0 0.896 0.896 0.895 3 * 3 5 7
5.5 0.915 0.915 0.913 3 * 3 5 7
6.0 0.940 0.940 0.940 3 * 3 5 7
6.5 0.956 0.956 0.956 3 * 3 5 7
7.0 0.961 0.961 0.962 3 * 3 5 7
7.5 0.970 0.970 0.971 3 * 3 5 7
8.0 0.979 0.979 0.980 3 * 3 5 7
8.5 0.977 0.977 0.977 3 * 3 5 7
9.0 0.987 0.987 0.987 3 * 3 5 7
9.5 0.990 0.990 0.991 3 * 3 5 7
10.0 0.985 0.985 0.986 3 * 3 5 7
0.5 0.000 0.000 0.000 1 * 1
1.0 0.000 0.000 0.000 1 * 1
1.5 0.262 0.214 0.182 1 * 3
2.0 0.449 0.366 0.311 1 * 3
2.5 0.439 0.424 0.393 2 * 3 5
3.0 0.605 0.589 0.558 2 * 3 5
3.5 0.725 0.705 0.667 2 * 3 5
4.0 0.761 0.761 0.741 3 * 3 5 7
4.5 0.840 0.840 0.826 3 * 3 5 7
5.0 0.886 0.886 0.884 3 * 3 5 7
5.5 0.920 0.920 0.919 3 * 3 5 7
6.0 0.939 0.939 0.938 3 * 3 5 7
6.5 0.958 0.958 0.959 3 * 3 5 7
7.0 0.965 0.965 0.965 3 * 3 5 7
7.5 0.972 0.972 0.973 3 * 3 5 7
8.0 0.978 0.978 0.978 3 * 3 5 7
8.5 0.979 0.979 0.980 3 * 3 5 7
9.0 0.987 0.987 0.988 3 * 3 5 7
9.5 0.987 0.987 0.987 3 * 3 5 7
10.0 0.990 0.990 0.990 3 * 3 5 7
0.5 0.000 0.000 0.000 1 * 1
1.0 0.000 0.000 0.000 1 * 1
1.5 0.242 0.197 0.168 1 * 3
2.0 0.444 0.361 0.307 1 * 3
2.5 0.450 0.434 0.403 2 * 3 5
3.0 0.612 0.595 0.561 2 * 3 5
3.5 0.626 0.616 0.609 2 * 3 6
4.0 0.758 0.746 0.741 2 * 3 6
4.5 0.843 0.843 0.836 3 * 3 5 7
5.0 0.882 0.882 0.879 3 * 3 5 7
5.5 0.916 0.916 0.915 3 * 3 5 7
6.0 0.944 0.944 0.943 3 * 3 5 7
6.5 0.956 0.956 0.958 3 * 3 5 7
7.0 0.964 0.964 0.964 3 * 3 5 7
7.5 0.968 0.968 0.968 3 * 3 5 7
8.0 0.979 0.979 0.979 3 * 3 5 7
8.5 0.979 0.979 0.979 3 * 3 5 7
9.0 0.980 0.980 0.981 3 * 3 5 7
9.5 0.987 0.987 0.988 3 * 3 5 7
10.0 0.990 0.990 0.990 3 * 3 5 7
0.5 0.000 0.000 0.000 1 * 1
1.0 0.000 0.000 0.000 1 * 1
1.5 0.257 0.210 0.178 1 * 3
2.0 0.445 0.362 0.308 1 * 3
2.5 0.447 0.432 0.402 2 * 3 5
3.0 0.605 0.588 0.555 2 * 3 5
3.5 0.731 0.711 0.671 2 * 3 5
4.0 0.770 0.757 0.748 2 * 3 6
4.5 0.842 0.842 0.832 3 * 3 5 7
5.0 0.889 0.889 0.887 3 * 3 5 7
5.5 0.917 0.917 0.916 3 * 3 5 7
6.0 0.939 0.939 0.940 3 * 3 5 7
6.5 0.955 0.955 0.955 3 * 3 5 7
7.0 0.963 0.963 0.964 3 * 3 5 7
7.5 0.972 0.972 0.973 3 * 3 5 7
8.0 0.973 0.973 0.974 3 * 3 5 7
8.5 0.980 0.980 0.981 3 * 3 5 7
9.0 0.986 0.986 0.986 3 * 3 5 7
9.5 0.987 0.987 0.988 3 * 3 5 7
10.0 0.988 0.988 0.989 3 * 3 5 7
0.5 0.000 0.000 0.000 1 * 1
1.0 0.000 0.000 0.000 1 * 1
1.5 0.254 0.207 0.176 1 * 3
2.0 0.445 0.362 0.308 1 * 3
2.5 0.425 0.410 0.381 2 * 3 5
3.0 0.603 0.586 0.551 2 * 3 5
3.5 0.724 0.705 0.666 2 * 3 5
4.0 0.732 0.732 0.709 3 * 3 5 7
4.5 0.840 0.840 0.833 3 * 3 5 7
5.0 0.891 0.891 0.887 3 * 3 5 7
5.5 0.921 0.921 0.921 3 * 3 5 7
6.0 0.941 0.941 0.939 3 * 3 5 7
6.5 0.958 0.958 0.958 3 * 3 5 7
7.0 0.962 0.962 0.962 3 * 3 5 7
7.5 0.975 0.975 0.977 3 * 3 5 7
8.0 0.974 0.974 0.974 3 * 3 5 7
8.5 0.981 0.981 0.982 3 * 3 5 7
9.0 0.983 0.983 0.984 3 * 3 5 7
9.5 0.990 0.990 0.991 3 * 3 5 7
10.0 0.988 0.988 0.989 3 * 3 5 7
0.5 0.000 0.000 0.000 1 * 1
1.0 0.036 0.029 0.025 1 * 2
1.5 0.260 0.212 0.180 1 * 3
2.0 0.441 0.359 0.306 1 * 3
2.5 0.436 0.422 0.402 1 * 4
3.0 0.608 0.592 0.561 2 * 3 5
3.5 0.723 0.704 0.667 2 * 3 5
4.0 0.762 0.762 0.738 3 * 3 5 7
4.5 0.844 0.844 0.837 3 * 3 5 7
5.0 0.892 0.892 0.889 3 * 3 5 7
5.5 0.916 0.916 0.914 3 * 3 5 7
6.0 0.939 0.939 0.938 3 * 3 5 7
6.5 0.952 0.952 0.952 3 * 3 5 7
7.0 0.967 0.967 0.966 3 * 3 5 7
7.5 0.970 0.970 0.970 3 * 3 5 7
8.0 0.980 0.980 0.980 3 * 3 5 7
8.5 0.979 0.979 0.980 3 * 3 5 7
9.0 0.984 0.984 0.985 3 * 3 5 7
9.5 0.986 0.986 0.986 3 * 3 5 7
10.0 0.990 0.990 0.990 3 * 3 5 7
0.5 0.000 0.000 0.000 1 * 1
1.0 0.000 0.000 0.000 1 * 1
1.5 0.268 0.218 0.186 1 * 3
2.0 0.310 0.293 0.273 1 * 4
2.5 0.444 0.429 0.410 1 * 4
3.0 0.613 0.597 0.564 2 * 3 5
3.5 0.741 0.720 0.680 2 * 3 5
4.0 0.771 0.758 0.751 2 * 3 6
4.5 0.842 0.842 0.835 3 * 3 5 7
5.0 0.893 0.893 0.890 3 * 3 5 7
5.5 0.928 0.928 0.926 3 * 3 5 7
6.0 0.936 0.936 0.936 3 * 3 5 7
6.5 0.952 0.952 0.952 3 * 3 5 7
7.0 0.960 0.960 0.960 3 * 3 5 7
7.5 0.972 0.972 0.972 3 * 3 5 7
8.0 0.979 0.979 0.980 3 * 3 5 7
8.5 0.979 0.979 0.979 3 * 3 5 7
9.0 0.986 0.986 0.987 3 * 3 5 7
9.5 0.985 0.985 0.986 3 * 3 5 7
10.0 0.991 0.991 0.991 3 * 3 5 7
0.5 0.000 0.000 0.000 1 * 1
1.0 0.028 0.023 0.020 1 * 2
1.5 0.263 0.214 0.182 1 * 3
2.0 0.460 0.374 0.318 1 * 3
2.5 0.397 0.379 0.337 2 * 3 6
3.0 0.622 0.605 0.571 2 * 3 5
3.5 0.644 0.627 0.593 2 * 3 6
4.0 0.754 0.754 0.729 3 * 3 5 7
4.5 0.845 0.845 0.835 3 * 3 5 7
5.0 0.888 0.888 0.884 3 * 3 5 7
5.5 0.927 0.927 0.924 3 * 3 5 7
6.0 0.941 0.941 0.940 3 * 3 5 7
6.5 0.950 0.950 0.951 3 * 3 5 7
7.0 0.964 0.964 0.965 3 * 3 5 7
7.5 0.973 0.973 0.973 3 * 3 5 7
8.0 0.975 0.975 0.976 3 * 3 5 7
8.5 0.978 0.978 0.978 3 * 3 5 7
9.0 0.985 0.985 0.986 3 * 3 5 7
9.5 0.988 0.988 0.988 3 * 3 5 7
10.0 0.988 0.988 0.988 3 * 3 5 7
0.5 0.000 0.000 0.000 1 * 1
1.0 0.000 0.000 0.000 1 * 1
1.5 0.234 0.191 0.162 1 * 3
2.0 0.436 0.355 0.302 1 * 3
2.5 0.442 0.429 0.409 1 * 4
3.0 0.600 0.584 0.551 2 * 3 5
3.5 0.731 0.711 0.672 2 * 3 5
4.0 0.751 0.751 0.736 3 * 3 5 7
4.5 0.831 0.831 0.822 3 * 3 5 7
5.0 0.892 0.892 0.891 3 * 3 5 7
5.5 0.925 0.925 0.923 3 * 3 5 7
6.0 0.937 0.937 0.937 3 * 3 5 7
6.5 0.947 0.947 0.947 3 * 3 5 7
7.0 0.965 0.965 0.965 3 * 3 5 7
7.5 0.968 0.968 0.969 3 * 3 5 7
8.0 0.975 0.975 0.976 3 * 3 5 7
8.5 0.985 0.985 0.985 3 * 3 5 7
9.0 0.985 0.985 0.986 3 * 3 5 7
9.5 0.985 0.985 0.986 3 * 3 5 7
10.0 0.992 0.992 0.992 3 * 3 5 7
