0.5 0.000 0.000 0.000 1 * 1
1.0 0.014 0.008 0.005 1 * 2
1.5 0.244 0.150 0.082 1 * 3
2.0 0.436 0.267 0.146 1 * 3
2.5 0.392 0.336 0.225 2 * 3 8
3.0 0.608 0.532 0.380 2 * 3 9
3.5 0.643 0.606 0.467 3 * 3 9 13
4.0 0.694 0.719 0.605 4 * 3 9 16 18
4.5 0.837 0.837 0.810 3 * 3 9 26
5.0 0.844 0.844 0.864 3 * 3 9 27
5.5 0.937 0.937 0.931 3 * 3 9 27
6.0 0.961 0.961 0.955 3 * 3 9 27
6.5 0.975 0.975 0.971 3 * 3 9 27
7.0 0.981 0.981 0.977 3 * 3 9 27
7.5 0.989 0.989 0.988 3 * 3 9 27
8.0 0.992 0.992 0.991 3 * 3 9 27
8.5 0.996 0.996 0.994 3 * 3 9 27
9.0 0.997 0.997 0.996 3 * 3 9 27
9.5 0.999 0.999 0.998 3 * 3 9 27
10.0 0.999 0.999 0.998 3 * 3 9 27
0.5 0.000 0.000 0.000 1 * 1
1.0 0.000 0.000 0.000 1 * 1
1.5 0.254 0.156 0.086 1 * 3
2.0 0.313 0.218 0.137 1 * 4
2.5 0.399 0.339 0.219 2 * 3 7
3.0 0.604 0.530 0.382 2 * 3 9
3.5 0.656 0.612 0.465 3 * 3 9 12
4.0 0.708 0.726 0.604 4 * 3 9 15 17
4.5 0.843 0.843 0.816 3 * 3 9 26
5.0 0.901 0.901 0.890 3 * 3 9 27
5.5 0.940 0.940 0.933 3 * 3 9 27
6.0 0.957 0.957 0.953 3 * 3 9 27
6.5 0.971 0.971 0.968 3 * 3 9 27
7.0 0.983 0.983 0.981 3 * 3 9 27
7.5 0.990 0.990 0.987 3 * 3 9 27
8.0 0.992 0.992 0.991 3 * 3 9 27
8.5 0.994 0.994 0.994 3 * 3 9 27
9.0 0.997 0.997 0.996 3 * 3 9 27
9.5 0.999 0.999 0.997 3 * 3 9 27
10.0 0.999 0.999 0.998 3 * 3 9 27
0.5 0.000 0.000 0.000 1 * 1
1.0 0.000 0.000 0.000 1 * 1
1.5 0.224 0.138 0.076 1 * 3
2.0 0.305 0.212 0.133 1 * 4
2.5 0.415 0.360 0.249 2 * 3 9
3.0 0.614 0.539 0.390 2 * 3 9
3.5 0.636 0.576 0.457 2 * 3 11
4.0 0.724 0.742 0.643 4 * 3 9 14 20
4.5 0.838 0.838 0.808 3 * 3 9 26
5.0 0.904 0.904 0.891 3 * 3 9 27
5.5 0.933 0.933 0.926 3 * 3 9 27
6.0 0.958 0.958 0.953 3 * 3 9 27
6.5 0.973 0.973 0.968 3 * 3 9 27
7.0 0.986 0.986 0.983 3 * 3 9 27
7.5 0.991 0.991 0.989 3 * 3 9 27
8.0 0.993 0.993 0.991 3 * 3 9 27
8.5 0.996 0.996 0.994 3 * 3 9 27
9.0 0.997 0.997 0.997 3 * 3 9 27
9.5 0.998 0.998 0.998 3 * 3 9 27
10.0 0.998 0.998 0.998 3 * 3 9 27
0.5 0.000 0.000 0.000 1 * 1
1.0 0.000 0.000 0.000 1 * 1
1.5 0.241 0.147 0.080 1 * 3
2.0 0.450 0.276 0.151 1 * 3
2.5 0.378 0.322 0.210 2 * 3 7
3.0 0.532 0.475 0.362 2 * 3 10
3.5 0.603 0.559 0.456 3 * 3 9 12
4.0 0.723 0.723 0.629 3 * 3 10 19
4.5 0.849 0.849 0.829 3 * 3 9 27
5.0 0.900 0.900 0.888 3 * 3 9 27
5.5 0.937 0.937 0.928 3 * 3 9 27
6.0 0.957 0.957 0.954 3 * 3 9 27
6.5 0.973 0.973 0.971 3 * 3 9 27
7.0 0.980 0.980 0.978 3 * 3 9 27
7.5 0.988 0.988 0.988 3 * 3 9 27
8.0 0.990 0.990 0.990 3 * 3 9 27
8.5 0.934 0.934 0.952 3 * 3 9 27
9.0 0.999 0.999 0.998 3 * 3 9 27
9.5 0.998 0.998 0.998 3 * 3 9 27
10.0 0.999 0.999 0.999 3 * 3 9 27
0.5 0.000 0.000 0.000 1 * 1
1.0 0.033 0.020 0.011 1 * 2
1.5 0.247 0.151 0.083 1 * 3
2.0 0.435 0.266 0.145 1 * 3
2.5 0.383 0.319 0.195 2 * 3 6
3.0 0.612 0.537 0.387 2 * 3 9
3.5 0.677 0.631 0.477 3 * 3 9 12
4.0 0.736 0.736 0.642 3 * 3 9 20
4.5 0.846 0.846 0.816 3 * 3 9 26
5.0 0.905 0.905 0.893 3 * 3 9 27
5.5 0.932 0.932 0.925 3 * 3 9 27
6.0 0.960 0.960 0.956 3 * 3 9 27
6.5 0.974 0.974 0.970 3 * 3 9 27
7.0 0.983 0.983 0.981 3 * 3 9 27
7.5 0.990 0.990 0.988 3 * 3 9 27
8.0 0.991 0.991 0.990 3 * 3 9 27
8.5 0.995 0.995 0.993 3 * 3 9 27
9.0 0.997 0.997 0.997 3 * 3 9 27
9.5 0.997 0.997 0.997 3 * 3 9 27
10.0 0.999 0.999 0.999 3 * 3 9 27
0.5 0.000 0.000 0.000 1 * 1
1.0 0.000 0.000 0.000 1 * 1
1.5 0.250 0.153 0.084 1 * 3
2.0 0.303 0.207 0.128 1 * 4
2.5 0.404 0.346 0.231 2 * 3 8
3.0 0.601 0.527 0.381 2 * 3 9
3.5 0.677 0.606 0.464 2 * 3 10
4.0 0.697 0.727 0.623 4 * 3 9 17 19
4.5 0.833 0.842 0.801 4 * 3 9 11 25
5.0 0.899 0.899 0.888 3 * 3 9 27
5.5 0.942 0.942 0.937 3 * 3 9 27
6.0 0.958 0.958 0.953 3 * 3 9 27
6.5 0.975 0.975 0.969 3 * 3 9 27
7.0 0.983 0.983 0.980 3 * 3 9 27
7.5 0.990 0.990 0.988 3 * 3 9 27
8.0 0.994 0.994 0.993 3 * 3 9 27
8.5 0.996 0.996 0.995 3 * 3 9 27
9.0 0.998 0.998 0.997 3 * 3 9 27
9.5 0.999 0.999 0.998 3 * 3 9 27
10.0 0.999 0.999 0.999 3 * 3 9 27
0.5 0.000 0.000 0.000 1 * 1
1.0 0.000 0.000 0.000 1 * 1
1.5 0.245 0.150 0.083 1 * 3
2.0 0.436 0.267 0.146 1 * 3
2.5 0.385 0.325 0.204 2 * 3 6
3.0 0.605 0.532 0.385 2 * 3 9
3.5 0.658 0.620 0.479 3 * 3 9 13
4.0 0.724 0.724 0.618 3 * 3 9 19
4.5 0.838 0.838 0.811 3 * 3 9 26
5.0 0.902 0.902 0.890 3 * 3 9 27
5.5 0.937 0.937 0.930 3 * 3 9 27
6.0 0.959 0.959 0.954 3 * 3 9 27
6.5 0.974 0.974 0.971 3 * 3 9 27
7.0 0.985 0.985 0.983 3 * 3 9 27
7.5 0.987 0.987 0.985 3 * 3 9 27
8.0 0.992 0.992 0.991 3 * 3 9 27
8.5 0.994 0.994 0.993 3 * 3 9 27
9.0 0.997 0.997 0.996 3 * 3 9 27
9.5 0.998 0.998 0.998 3 * 3 9 27
10.0 0.999 0.999 0.999 3 * 3 9 27
0.5 0.000 0.000 0.000 1 * 1
1.0 0.000 0.000 0.000 1 * 1
1.5 0.264 0.162 0.089 1 * 3
2.0 0.443 0.271 0.148 1 * 3
2.5 0.406 0.348 0.233 2 * 3 8
3.0 0.597 0.524 0.377 2 * 3 9
3.5 0.641 0.595 0.469 3 * 3 10 12
4.0 0.712 0.723 0.610 4 * 3 9 13 18
4.5 0.843 0.843 0.814 3 * 3 9 26
5.0 0.904 0.904 0.892 3 * 3 9 27
5.5 0.939 0.939 0.932 3 * 3 9 27
6.0 0.957 0.957 0.952 3 * 3 9 27
6.5 0.901 0.901 0.924 3 * 3 9 27
7.0 0.983 0.983 0.981 3 * 3 9 27
7.5 0.988 0.988 0.987 3 * 3 9 27
8.0 0.992 0.992 0.991 3 * 3 9 27
8.5 0.995 0.995 0.994 3 * 3 9 27
9.0 0.998 0.998 0.997 3 * 3 9 27
9.5 0.997 0.997 0.997 3 * 3 9 27
10.0 0.999 0.999 0.999 3 * 3 9 27
0.5 0.000 0.000 0.000 1 * 1
1.0 0.015 0.010 0.006 1 * 2
1.5 0.243 0.149 0.082 1 * 3
2.0 0.445 0.272 0.149 1 * 3
2.5 0.394 0.334 0.215 2 * 3 7
3.0 0.607 0.533 0.386 2 * 3 9
3.5 0.670 0.625 0.474 3 * 3 9 12
4.0 0.699 0.716 0.606 4 * 3 9 14 18
4.5 0.845 0.845 0.817 3 * 3 9 26
5.0 0.905 0.905 0.894 3 * 3 9 27
5.5 0.939 0.939 0.932 3 * 3 9 27
6.0 0.957 0.957 0.952 3 * 3 9 27
6.5 0.972 0.972 0.969 3 * 3 9 27
7.0 0.981 0.981 0.980 3 * 3 9 27
7.5 0.989 0.989 0.987 3 * 3 9 27
8.0 0.993 0.993 0.992 3 * 3 9 27
8.5 0.996 0.996 0.995 3 * 3 9 27
9.0 0.996 0.996 0.996 3 * 3 9 27
9.5 0.998 0.998 0.998 3 * 3 9 27
10.0 0.999 0.999 0.999 3 * 3 9 27
0.5 0.000 0.000 0.000 1 * 1
1.0 0.000 0.000 0.000 1 * 1
1.5 0.244 0.150 0.082 1 * 3
2.0 0.308 0.217 0.138 1 * 4
2.5 0.389 0.334 0.223 2 * 3 8
3.0 0.594 0.521 0.374 2 * 3 9
3.5 0.652 0.624 0.484 3 * 3 9 14
4.0 0.732 0.732 0.628 3 * 3 9 19
4.5 0.843 0.843 0.802 3 * 3 9 25
5.0 0.901 0.901 0.889 3 * 3 9 27
5.5 0.937 0.937 0.932 3 * 3 9 27
6.0 0.962 0.962 0.957 3 * 3 9 27
6.5 0.973 0.973 0.970 3 * 3 9 27
7.0 0.983 0.983 0.980 3 * 3 9 27
7.5 0.991 0.991 0.988 3 * 3 9 27
8.0 0.993 0.993 0.991 3 * 3 9 27
8.5 0.995 0.995 0.994 3 * 3 9 27
9.0 0.997 0.997 0.996 3 * 3 9 27
9.5 0.998 0.998 0.998 3 * 3 9 27
10.0 0.999 0.999 0.999 3 * 3 9 27
0.5 0.000 0.000 0.000 1 * 1
1.0 0.030 0.019 0.011 1 * 2
1.5 0.243 0.149 0.082 1 * 3
2.0 0.299 0.208 0.131 1 * 4
2.5 0.408 0.351 0.237 2 * 3 8
3.0 0.614 0.539 0.389 2 * 3 9
3.5 0.657 0.621 0.482 3 * 3 9 13
4.0 0.693 0.725 0.621 5 * 3 9 13 17 19
4.5 0.834 0.834 0.797 3 * 3 9 25
5.0 0.849 0.849 0.873 3 * 3 9 28
5.5 0.931 0.931 0.925 3 * 3 9 27
6.0 0.962 0.962 0.956 3 * 3 9 27
6.5 0.975 0.975 0.971 3 * 3 9 27
7.0 0.985 0.985 0.983 3 * 3 9 27
7.5 0.990 0.990 0.988 3 * 3 9 27
8.0 0.993 0.993 0.991 3 * 3 9 27
8.5 0.995 0.995 0.994 3 * 3 9 27
9.0 0.997 0.997 0.996 3 * 3 9 27
9.5 0.998 0.998 0.998 3 * 3 9 27
10.0 0.999 0.999 0.999 3 * 3 9 27
0.5 0.000 0.000 0.000 1 * 1
1.0 0.000 0.000 0.000 1 * 1
1.5 0.270 0.165 0.090 1 * 3
2.0 0.318 0.221 0.139 1 * 4
2.5 0.383 0.327 0.215 2 * 3 7
3.0 0.607 0.533 0.384 2 * 3 9
3.5 0.641 0.578 0.453 2 * 3 11
4.0 0.722 0.722 0.603 3 * 3 9 18
4.5 0.843 0.843 0.825 3 * 3 10 26
5.0 0.899 0.899 0.887 3 * 3 9 27
5.5 0.940 0.940 0.934 3 * 3 9 27
6.0 0.960 0.960 0.954 3 * 3 9 27
6.5 0.975 0.975 0.971 3 * 3 9 27
7.0 0.985 0.985 0.982 3 * 3 9 27
7.5 0.987 0.987 0.986 3 * 3 9 27
8.0 0.993 0.993 0.992 3 * 3 9 27
8.5 0.995 0.995 0.994 3 * 3 9 27
9.0 0.997 0.997 0.996 3 * 3 9 27
9.5 0.999 0.999 0.998 3 * 3 9 27
10.0 0.999 0.999 0.998 3 * 3 9 27
0.5 0.000 0.000 0.000 1 * 1
1.0 0.000 0.000 0.000 1 * 1
1.5 0.248 0.152 0.083 1 * 3
2.0 0.238 0.180 0.121 1 * 5
2.5 0.412 0.355 0.240 2 * 3 8
3.0 0.614 0.540 0.391 2 * 3 9
3.5 0.647 0.611 0.475 3 * 3 9 13
4.0 0.699 0.725 0.624 4 * 3 9 16 19
4.5 0.840 0.840 0.819 3 * 3 9 27
5.0 0.902 0.902 0.890 3 * 3 9 27
5.5 0.938 0.938 0.931 3 * 3 9 27
6.0 0.962 0.962 0.956 3 * 3 9 27
6.5 0.972 0.972 0.969 3 * 3 9 27
7.0 0.982 0.982 0.979 3 * 3 9 27
7.5 0.989 0.989 0.988 3 * 3 9 27
8.0 0.994 0.994 0.993 3 * 3 9 27
8.5 0.994 0.994 0.994 3 * 3 9 27
9.0 0.998 0.998 0.997 3 * 3 9 27
9.5 0.998 0.998 0.998 3 * 3 9 27
10.0 0.999 0.999 0.998 3 * 3 9 27
0.5 0.000 0.000 0.000 1 * 1
1.0 0.000 0.000 0.000 1 * 1
1.5 0.244 0.149 0.082 1 * 3
2.0 0.443 0.271 0.148 1 * 3
2.5 0.389 0.330 0.213 2 * 3 7
3.0 0.596 0.523 0.376 2 * 3 9
3.5 0.684 0.637 0.481 3 * 3 9 12
4.0 0.723 0.743 0.658 4 * 3 9 14 21
4.5 0.844 0.844 0.817 3 * 3 9 26
5.0 0.905 0.905 0.892 3 * 3 9 27
5.5 0.938 0.938 0.931 3 * 3 9 27
6.0 0.957 0.957 0.951 3 * 3 9 27
6.5 0.973 0.973 0.969 3 * 3 9 27
7.0 0.984 0.984 0.981 3 * 3 9 27
7.5 0.988 0.988 0.986 3 * 3 9 27
8.0 0.933 0.933 0.950 3 * 3 9 27
8.5 0.996 0.996 0.995 3 * 3 9 27
9.0 0.998 0.998 0.997 3 * 3 9 27
9.5 0.998 0.998 0.997 3 * 3 9 27
10.0 0.999 0.999 0.998 3 * 3 9 27
0.5 0.000 0.000 0.000 1 * 1
1.0 0.023 0.014 0.008 1 * 2
1.5 0.243 0.149 0.082 1 * 3
2.0 0.454 0.278 0.152 1 * 3
2.5 0.414 0.356 0.240 2 * 3 8
3.0 0.595 0.520 0.370 2 * 3 9
3.5 0.666 0.620 0.472 3 * 3 9 12
4.0 0.709 0.722 0.610 4 * 3 9 13 18
4.5 0.781 0.781 0.776 3 * 3 9 25
5.0 0.900 0.900 0.890 3 * 3 9 27
5.5 0.938 0.938 0.929 3 * 3 9 27
6.0 0.962 0.962 0.958 3 * 3 9 27
6.5 0.975 0.975 0.973 3 * 3 9 27
7.0 0.980 0.980 0.979 3 * 3 9 27
7.5 0.989 0.989 0.988 3 * 3 9 27
8.0 0.993 0.993 0.992 3 * 3 9 27
8.5 0.996 0.996 0.995 3 * 3 9 27
9.0 0.996 0.996 0.996 3 * 3 9 27
9.5 0.998 0.998 0.998 3 * 3 9 27
10.0 0.999 0.999 0.999 3 * 3 9 27
0.5 0.000 -0.000 -0.000 1 * 2
1.0 0.009 0.006 0.003 1 * 2
1.5 0.271 0.166 0.091 1 * 3
2.0 0.300 0.209 0.131 1 * 4
2.5 0.396 0.335 0.213 2 * 3 7
3.0 0.599 0.525 0.376 2 * 3 9
3.5 0.678 0.631 0.479 3 * 3 9 12
4.0 0.699 0.720 0.618 4 * 3 9 15 19
4.5 0.836 0.836 0.808 3 * 3 9 26
5.0 0.906 0.906 0.895 3 * 3 9 27
5.5 0.866 0.866 0.892 3 * 3 9 27
6.0 0.957 0.957 0.953 3 * 3 9 27
6.5 0.971 0.971 0.969 3 * 3 9 27
7.0 0.982 0.982 0.980 3 * 3 9 27
7.5 0.988 0.988 0.986 3 * 3 9 27
8.0 0.992 0.992 0.991 3 * 3 9 27
8.5 0.995 0.995 0.994 3 * 3 9 27
9.0 0.997 0.997 0.996 3 * 3 9 27
9.5 0.998 0.998 0.998 3 * 3 9 27
10.0 0.999 0.999 0.998 3 * 3 9 27
0.5 0.000 0.000 0.000 1 * 1
1.0 0.029 0.018 0.010 1 * 2
1.5 0.256 0.157 0.086 1 * 3
2.0 0.307 0.217 0.138 1 * 4
2.5 0.380 0.323 0.208 2 * 3 7
3.0 0.592 0.519 0.372 2 * 3 9
3.5 0.653 0.617 0.477 3 * 3 9 13
4.0 0.727 0.739 0.638 4 * 3 9 13 19
4.5 0.837 0.837 0.801 3 * 3 9 25
5.0 0.903 0.903 0.891 3 * 3 9 27
5.5 0.939 0.939 0.932 3 * 3 9 27
6.0 0.959 0.959 0.955 3 * 3 9 27
6.5 0.972 0.972 0.968 3 * 3 9 27
7.0 0.983 0.983 0.980 3 * 3 9 27
7.5 0.988 0.988 0.986 3 * 3 9 27
8.0 0.995 0.995 0.995 3 * 3 9 27
8.5 0.995 0.995 0.994 3 * 3 9 27
9.0 0.997 0.997 0.997 3 * 3 9 27
9.5 0.998 0.998 0.997 3 * 3 9 27
10.0 0.999 0.999 0.998 3 * 3 9 27
0.5 -0.000 -0.000 -0.000 1 * 2
1.0 0.000 0.000 0.000 1 * 1
1.5 0.247 0.151 0.083 1 * 3
2.0 0.453 0.277 0.152 1 * 3
2.5 0.369 0.313 0.199 2 * 3 7
3.0 0.617 0.542 0.391 2 * 3 9
3.5 0.676 0.640 0.493 3 * 3 9 13
4.0 0.688 0.704 0.607 5 * 3 8 10 15 18
4.5 0.842 0.842 0.814 3 * 3 9 26
5.0 0.907 0.907 0.896 3 * 3 9 27
5.5 0.939 0.939 0.931 3 * 3 9 27
6.0 0.963 0.963 0.958 3 * 3 9 27
6.5 0.969 0.969 0.965 3 * 3 9 27
7.0 0.980 0.980 0.979 3 * 3 9 27
7.5 0.989 0.989 0.987 3 * 3 9 27
8.0 0.990 0.990 0.990 3 * 3 9 27
8.5 0.926 0.926 0.953 3 * 3 9 27
9.0 0.995 0.995 0.995 3 * 3 9 27
9.5 0.997 0.997 0.997 3 * 3 9 27
10.0 0.999 0.999 0.999 3 * 3 9 27
0.5 0.000 0.000 0.000 1 * 1
1.0 0.000 0.000 0.000 1 * 1
1.5 0.259 0.159 0.087 1 * 3
2.0 0.444 0.272 0.149 1 * 3
2.5 0.393 0.331 0.206 2 * 3 6
3.0 0.610 0.535 0.386 2 * 3 9
3.5 0.653 0.609 0.463 3 * 3 9 12
4.0 0.741 0.741 0.645 3 * 3 9 20
4.5 0.852 0.852 0.834 3 * 3 9 27
5.0 0.900 0.900 0.889 3 * 3 9 27
5.5 0.942 0.942 0.935 3 * 3 9 27
6.0 0.960 0.960 0.956 3 * 3 9 27
6.5 0.972 0.972 0.969 3 * 3 9 27
7.0 0.985 0.985 0.983 3 * 3 9 27
7.5 0.987 0.987 0.985 3 * 3 9 27
8.0 0.930 0.930 0.948 3 * 3 9 27
8.5 0.996 0.996 0.995 3 * 3 9 27
9.0 0.997 0.997 0.996 3 * 3 9 27
9.5 0.999 0.999 0.998 3 * 3 9 27
10.0 0.999 0.999 0.998 3 * 3 9 27
0.5 0.000 0.000 0.000 1 * 1
1.0 0.014 0.009 0.005 1 * 2
1.5 0.231 0.142 0.078 1 * 3
2.0 0.441 0.270 0.148 1 * 3
2.5 0.385 0.324 0.201 2 * 3 6
3.0 0.616 0.541 0.390 2 * 3 9
3.5 0.620 0.574 0.454 3 * 3 9 12
4.0 0.718 0.724 0.618 4 * 3 9 12 18
4.5 0.828 0.828 0.788 3 * 3 9 25
5.0 0.900 0.900 0.889 3 * 3 9 27
5.5 0.940 0.940 0.933 3 * 3 9 27
6.0 0.958 0.958 0.955 3 * 3 9 27
6.5 0.975 0.975 0.974 3 * 3 9 27
7.0 0.983 0.983 0.980 3 * 3 9 27
7.5 0.992 0.992 0.990 3 * 3 9 27
8.0 0.993 0.993 0.992 3 * 3 9 27
8.5 0.994 0.994 0.994 3 * 3 9 27
9.0 0.996 0.996 0.995 3 * 3 9 27
9.5 0.997 0.997 0.998 3 * 3 9 27
10.0 0.999 0.999 0.998 3 * 3 9 27
0.5 0.000 0.000 0.000 1 * 1
1.0 0.000 0.000 0.000 1 * 1
1.5 0.244 0.149 0.082 1 * 3
2.0 0.305 0.212 0.133 1 * 4
2.5 0.373 0.316 0.202 2 * 3 7
3.0 0.585 0.513 0.367 2 * 3 9
3.5 0.639 0.601 0.471 3 * 3 9 13
4.0 0.728 0.728 0.607 3 * 3 9 18
4.5 0.845 0.845 0.817 3 * 3 9 26
5.0 0.903 0.903 0.890 3 * 3 9 27
5.5 0.937 0.937 0.930 3 * 3 9 27
6.0 0.958 0.958 0.953 3 * 3 9 27
6.5 0.973 0.973 0.970 3 * 3 9 27
7.0 0.982 0.982 0.979 3 * 3 9 27
7.5 0.992 0.992 0.988 3 * 3 9 27
8.0 0.993 0.993 0.992 3 * 3 9 27
8.5 0.996 0.996 0.995 3 * 3 9 27
9.0 0.996 0.996 0.996 3 * 3 9 27
9.5 0.999 0.999 0.998 3 * 3 9 27
10.0 0.999 0.999 0.998 3 * 3 9 27
0.5 0.000 0.000 0.000 1 * 1
1.0 0.008 0.005 0.003 1 * 2
1.5 0.233 0.143 0.078 1 * 3
2.0 0.449 0.275 0.150 1 * 3
2.5 0.386 0.332 0.225 2 * 3 7
3.0 0.611 0.536 0.387 2 * 3 9
3.5 0.666 0.612 0.460 3 * 3 9 11
4.0 0.714 0.736 0.631 4 * 3 9 15 19
4.5 0.848 0.848 0.832 3 * 3 9 27
5.0 0.909 0.909 0.897 3 * 3 9 27
5.5 0.937 0.937 0.931 3 * 3 9 27
6.0 0.958 0.958 0.955 3 * 3 9 27
6.5 0.973 0.973 0.971 3 * 3 9 27
7.0 0.981 0.981 0.980 3 * 3 9 27
7.5 0.989 0.989 0.986 3 * 3 9 27
8.0 0.993 0.993 0.992 3 * 3 9 27
8.5 0.994 0.994 0.993 3 * 3 9 27
9.0 0.997 0.997 0.996 3 * 3 9 27
9.5 0.997 0.997 0.997 3 * 3 9 27
10.0 0.957 0.957 0.966 3 * 3 9 27
0.5 0.000 0.000 0.000 1 * 1
1.0 0.000 0.000 0.000 1 * 1
1.5 0.244 0.150 0.082 1 * 3
2.0 0.447 0.273 0.149 1 * 3
2.5 0.420 0.362 0.248 2 * 3 9
3.0 0.608 0.534 0.387 2 * 3 9
3.5 0.643 0.598 0.471 3 * 3 10 12
4.0 0.701 0.730 0.629 4 * 3 9 17 19
4.5 0.849 0.849 0.833 3 * 3 9 27
5.0 0.898 0.898 0.888 3 * 3 9 27
5.5 0.936 0.936 0.927 3 * 3 9 27
6.0 0.956 0.956 0.952 3 * 3 9 27
6.5 0.978 0.978 0.974 3 * 3 9 27
7.0 0.984 0.984 0.981 3 * 3 9 27
7.5 0.988 0.988 0.987 3 * 3 9 27
8.0 0.993 0.993 0.991 3 * 3 9 27
8.5 0.997 0.997 0.996 3 * 3 9 27
9.0 0.997 0.997 0.997 3 * 3 9 27
9.5 0.998 0.998 0.998 3 * 3 9 27
10.0 0.998 0.998 0.998 3 * 3 9 27
0.5 0.000 0.000 0.000 1 * 1
1.0 0.000 0.000 0.000 1 * 1
1.5 0.259 0.159 0.087 1 * 3
2.0 0.302 0.211 0.133 1 * 4
2.5 0.330 0.303 0.192 3 * 3 6 8
3.0 0.556 0.496 0.374 2 * 3 10
3.5 0.685 0.639 0.486 3 * 3 9 12
4.0 0.654 0.675 0.598 4 * 3 9 16 18
4.5 0.834 0.834 0.796 3 * 3 9 25
5.0 0.895 0.895 0.884 3 * 3 9 27
5.5 0.939 0.939 0.931 3 * 3 9 27
6.0 0.960 0.960 0.954 3 * 3 9 27
6.5 0.975 0.975 0.971 3 * 3 9 27
7.0 0.984 0.984 0.981 3 * 3 9 27
7.5 0.990 0.990 0.987 3 * 3 9 27
8.0 0.992 0.992 0.991 3 * 3 9 27
8.5 0.994 0.994 0.993 3 * 3 9 27
9.0 0.997 0.997 0.996 3 * 3 9 27
9.5 0.998 0.998 0.997 3 * 3 9 27
10.0 0.998 0.998 0.998 3 * 3 9 27
0.5 0.000 0.000 0.000 1 * 1
1.0 0.000 0.000 0.000 1 * 1
1.5 0.245 0.150 0.082 1 * 3
2.0 0.444 0.271 0.148 1 * 3
2.5 0.377 0.321 0.210 2 * 3 8
3.0 0.550 0.490 0.371 2 * 3 10
3.5 0.652 0.624 0.484 3 * 3 9 14
4.0 0.730 0.730 0.622 3 * 3 9 19
4.5 0.848 0.848 0.830 3 * 3 9 27
5.0 0.898 0.898 0.886 3 * 3 9 27
5.5 0.937 0.937 0.930 3 * 3 9 27
6.0 0.958 0.958 0.954 3 * 3 9 27
6.5 0.972 0.972 0.970 3 * 3 9 27
7.0 0.980 0.980 0.979 3 * 3 9 27
7.5 0.987 0.987 0.986 3 * 3 9 27
8.0 0.994 0.994 0.993 3 * 3 9 27
8.5 0.995 0.995 0.994 3 * 3 9 27
9.0 0.997 0.997 0.996 3 * 3 9 27
9.5 0.999 0.999 0.998 3 * 3 9 27
10.0 0.998 0.998 0.998 3 * 3 9 27
0.5 0.000 0.000 0.000 1 * 1
1.0 0.000 0.000 0.000 1 * 1
1.5 0.254 0.156 0.085 1 * 3
2.0 0.288 0.217 0.126 2 * 3 5
2.5 0.392 0.334 0.218 2 * 3 7
3.0 0.604 0.530 0.382 2 * 3 9
3.5 0.648 0.604 0.465 3 * 3 9 12
4.0 0.724 0.724 0.619 3 * 3 9 19
4.5 0.831 0.831 0.795 3 * 3 9 25
5.0 0.902 0.902 0.890 3 * 3 9 27
5.5 0.934 0.934 0.928 3 * 3 9 27
6.0 0.958 0.958 0.954 3 * 3 9 27
6.5 0.972 0.972 0.969 3 * 3 9 27
7.0 0.983 0.983 0.981 3 * 3 9 27
7.5 0.988 0.988 0.987 3 * 3 9 27
8.0 0.993 0.993 0.991 3 * 3 9 27
8.5 0.995 0.995 0.993 3 * 3 9 27
9.0 0.997 0.997 0.997 3 * 3 9 27
9.5 0.998 0.998 0.998 3 * 3 9 27
10.0 0.998 0.998 0.998 3 * 3 9 27
0.5 0.000 0.000 0.000 1 * 1
1.0 0.000 0.000 0.000 1 * 1
1.5 0.237 0.145 0.080 1 * 3
2.0 0.306 0.213 0.134 1 * 4
2.5 0.374 0.320 0.211 2 * 3 7
3.0 0.598 0.524 0.376 2 * 3 9
3.5 0.647 0.612 0.473 3 * 3 9 13
4.0 0.717 0.717 0.598 3 * 3 9 18
4.5 0.834 0.834 0.794 3 * 3 9 25
5.0 0.897 0.897 0.887 3 * 3 9 27
5.5 0.937 0.937 0.928 3 * 3 9 27
6.0 0.960 0.960 0.955 3 * 3 9 27
6.5 0.975 0.975 0.971 3 * 3 9 27
7.0 0.982 0.982 0.980 3 * 3 9 27
7.5 0.989 0.989 0.987 3 * 3 9 27
8.0 0.992 0.992 0.990 3 * 3 9 27
8.5 0.996 0.996 0.995 3 * 3 9 27
9.0 0.997 0.997 0.997 3 * 3 9 27
9.5 0.998 0.998 0.998 3 * 3 9 27
10.0 1.000 1.000 1.000 3 * 3 9 27
0.5 0.000 0.000 0.000 1 * 1
1.0 0.000 0.000 0.000 1 * 1
1.5 0.240 0.147 0.081 1 * 3
2.0 0.441 0.270 0.147 1 * 3
2.5 0.376 0.320 0.206 2 * 3 7
3.0 0.560 0.500 0.380 2 * 3 10
3.5 0.657 0.620 0.479 3 * 3 9 13
4.0 0.680 0.710 0.616 4 * 3 9 17 19
4.5 0.835 0.835 0.809 3 * 3 9 26
5.0 0.906 0.906 0.894 3 * 3 9 27
5.5 0.934 0.934 0.926 3 * 3 9 27
6.0 0.957 0.957 0.952 3 * 3 9 27
6.5 0.970 0.970 0.968 3 * 3 9 27
7.0 0.983 0.983 0.979 3 * 3 9 27
7.5 0.987 0.987 0.984 3 * 3 9 27
8.0 0.992 0.992 0.991 3 * 3 9 27
8.5 0.996 0.996 0.995 3 * 3 9 27
9.0 0.997 0.997 0.996 3 * 3 9 27
9.5 0.998 0.998 0.998 3 * 3 9 27
10.0 0.999 0.999 0.999 3 * 3 9 27
0.5 0.000 0.000 0.000 1 * 1
1.0 0.000 0.000 0.000 1 * 1
1.5 0.254 0.156 0.085 1 * 3
2.0 0.442 0.270 0.148 1 * 3
2.5 0.380 0.326 0.217 2 * 3 8
3.0 0.601 0.528 0.381 2 * 3 9
3.5 0.654 0.609 0.471 3 * 3 9 12
4.0 0.736 0.736 0.640 3 * 3 9 20
4.5 0.840 0.840 0.811 3 * 3 9 26
5.0 0.902 0.902 0.891 3 * 3 9 27
5.5 0.936 0.936 0.929 3 * 3 9 27
6.0 0.961 0.961 0.953 3 * 3 9 27
6.5 0.902 0.902 0.924 3 * 3 9 27
7.0 0.984 0.984 0.981 3 * 3 9 27
7.5 0.990 0.990 0.988 3 * 3 9 27
8.0 0.994 0.994 0.993 3 * 3 9 27
8.5 0.995 0.995 0.994 3 * 3 9 27
9.0 0.997 0.997 0.996 3 * 3 9 27
9.5 0.997 0.997 0.998 3 * 3 9 27
10.0 0.999 0.999 0.998 3 * 3 9 27
0.5 0.000 0.000 0.000 1 * 1
1.0 0.000 0.000 0.000 1 * 1
1.5 0.251 0.154 0.084 1 * 3
2.0 0.300 0.208 0.129 1 * 4
2.5 0.406 0.346 0.225 2 * 3 7
3.0 0.609 0.534 0.385 2 * 3 9
3.5 0.694 0.617 0.463 2 * 3 10
4.0 0.723 0.721 0.597 3 * 3 9 17
4.5 0.845 0.845 0.827 3 * 3 9 27
5.0 0.901 0.901 0.892 3 * 3 9 27
5.5 0.938 0.938 0.931 3 * 3 9 27
6.0 0.957 0.957 0.953 3 * 3 9 27
6.5 0.972 0.972 0.969 3 * 3 9 27
7.0 0.911 0.911 0.934 3 * 3 9 27
7.5 0.989 0.989 0.987 3 * 3 9 27
8.0 0.991 0.991 0.991 3 * 3 9 27
8.5 0.994 0.994 0.994 3 * 3 9 27
9.0 0.997 0.997 0.996 3 * 3 9 27
9.5 0.999 0.999 0.998 3 * 3 9 27
10.0 0.999 0.999 0.998 3 * 3 9 27
0.5 0.000 0.000 0.000 1 * 1
1.0 0.000 0.000 0.000 1 * 1
1.5 0.238 0.145 0.080 1 * 3
2.0 0.286 0.218 0.128 2 * 3 5
2.5 0.407 0.349 0.234 2 * 3 8
3.0 0.605 0.531 0.383 2 * 3 9
3.5 0.673 0.627 0.475 3 * 3 9 12
4.0 0.714 0.714 0.596 3 * 3 9 18
4.5 0.834 0.834 0.798 3 * 3 9 25
5.0 0.902 0.902 0.891 3 * 3 9 27
5.5 0.936 0.936 0.930 3 * 3 9 27
6.0 0.961 0.961 0.955 3 * 3 9 27
6.5 0.972 0.972 0.970 3 * 3 9 27
7.0 0.982 0.982 0.979 3 * 3 9 27
7.5 0.990 0.990 0.988 3 * 3 9 27
8.0 0.992 0.992 0.989 3 * 3 9 27
8.5 0.995 0.995 0.995 3 * 3 9 27
9.0 0.997 0.997 0.996 3 * 3 9 27
9.5 0.998 0.998 0.998 3 * 3 9 27
10.0 1.000 1.000 0.999 3 * 3 9 27
0.5 0.000 0.000 0.000 1 * 1
1.0 0.014 0.009 0.005 1 * 2
1.5 0.259 0.159 0.087 1 * 3
2.0 0.441 0.270 0.147 1 * 3
2.5 0.386 0.328 0.212 2 * 3 7
3.0 0.601 0.529 0.384 2 * 3 9
3.5 0.666 0.622 0.474 3 * 3 9 12
4.0 0.726 0.726 0.624 3 * 3 9 19
4.5 0.833 0.833 0.792 3 * 3 9 25
5.0 0.906 0.906 0.896 3 * 3 9 27
5.5 0.938 0.938 0.932 3 * 3 9 27
6.0 0.959 0.959 0.953 3 * 3 9 27
6.5 0.977 0.977 0.972 3 * 3 9 27
7.0 0.981 0.981 0.979 3 * 3 9 27
7.5 0.988 0.988 0.987 3 * 3 9 27
8.0 0.994 0.994 0.992 3 * 3 9 27
8.5 0.994 0.994 0.994 3 * 3 9 27
9.0 0.996 0.996 0.996 3 * 3 9 27
9.5 0.998 0.998 0.998 3 * 3 9 27
10.0 0.999 0.999 0.998 3 * 3 9 27
0.5 0.000 0.000 0.000 1 * 1
1.0 0.000 0.000 0.000 1 * 1
1.5 0.251 0.154 0.085 1 * 3
2.0 0.444 0.271 0.148 1 * 3
2.5 0.400 0.343 0.230 2 * 3 8
3.0 0.616 0.540 0.390 2 * 3 9
3.5 0.641 0.596 0.467 3 * 3 10 12
4.0 0.724 0.724 0.619 3 * 3 9 19
4.5 0.839 0.839 0.810 3 * 3 9 26
5.0 0.901 0.901 0.887 3 * 3 9 27
5.5 0.939 0.939 0.934 3 * 3 9 27
6.0 0.960 0.960 0.956 3 * 3 9 27
6.5 0.901 0.901 0.925 3 * 3 9 27
7.0 0.985 0.985 0.981 3 * 3 9 27
7.5 0.987 0.987 0.987 3 * 3 9 27
8.0 0.992 0.992 0.990 3 * 3 9 27
8.5 0.995 0.995 0.995 3 * 3 9 27
9.0 0.998 0.998 0.997 3 * 3 9 27
9.5 0.999 0.999 0.998 3 * 3 9 27
10.0 0.998 0.998 0.998 3 * 3 9 27
0.5 0.000 0.000 0.000 1 * 1
1.0 0.000 0.000 0.000 1 * 1
1.5 0.262 0.160 0.088 1 * 3
2.0 0.311 0.218 0.138 1 * 4
2.5 0.393 0.334 0.215 2 * 3 7
3.0 0.620 0.544 0.392 2 * 3 9
3.5 0.660 0.615 0.468 3 * 3 9 12
4.0 0.727 0.727 0.620 3 * 3 9 19
4.5 0.848 0.848 0.831 3 * 3 9 27
5.0 0.898 0.898 0.885 3 * 3 9 27
5.5 0.865 0.865 0.889 3 * 3 9 27
6.0 0.965 0.965 0.960 3 * 3 9 27
6.5 0.973 0.973 0.971 3 * 3 9 27
7.0 0.982 0.982 0.981 3 * 3 9 27
7.5 0.991 0.991 0.989 3 * 3 9 27
8.0 0.994 0.994 0.992 3 * 3 9 27
8.5 0.995 0.995 0.994 3 * 3 9 27
9.0 0.998 0.998 0.997 3 * 3 9 27
9.5 0.999 0.999 0.998 3 * 3 9 27
10.0 0.998 0.998 0.998 3 * 3 9 27
0.5 0.000 0.000 0.000 1 * 1
1.0 0.000 0.000 0.000 1 * 1
1.5 0.233 0.143 0.078 1 * 3
2.0 0.435 0.266 0.146 1 * 3
2.5 0.385 0.328 0.214 2 * 3 7
3.0 0.552 0.494 0.377 2 * 3 10
3.5 0.662 0.617 0.466 3 * 3 9 12
4.0 0.700 0.727 0.620 4 * 3 9 16 19
4.5 0.837 0.837 0.809 3 * 3 9 26
5.0 0.905 0.905 0.894 3 * 3 9 27
5.5 0.937 0.937 0.931 3 * 3 9 27
6.0 0.958 0.958 0.954 3 * 3 9 27
6.5 0.975 0.975 0.970 3 * 3 9 27
7.0 0.980 0.980 0.978 3 * 3 9 27
7.5 0.989 0.989 0.987 3 * 3 9 27
8.0 0.993 0.993 0.992 3 * 3 9 27
8.5 0.995 0.995 0.995 3 * 3 9 27
9.0 0.997 0.997 0.996 3 * 3 9 27
9.5 0.997 0.997 0.996 3 * 3 9 27
10.0 0.999 0.999 0.998 3 * 3 9 27
0.5 0.000 0.000 0.000 1 * 1
1.0 0.017 0.010 0.006 1 * 2
1.5 0.245 0.150 0.082 1 * 3
2.0 0.433 0.265 0.145 1 * 3
2.5 0.419 0.359 0.240 2 * 3 7
3.0 0.614 0.538 0.386 2 * 3 9
3.5 0.646 0.585 0.463 2 * 3 11
4.0 0.704 0.724 0.609 4 * 3 9 15 18
4.5 0.834 0.834 0.807 3 * 3 9 26
5.0 0.900 0.900 0.889 3 * 3 9 27
5.5 0.938 0.938 0.930 3 * 3 9 27
6.0 0.958 0.958 0.953 3 * 3 9 27
6.5 0.977 0.977 0.971 3 * 3 9 27
7.0 0.982 0.982 0.980 3 * 3 9 27
7.5 0.989 0.989 0.988 3 * 3 9 27
8.0 0.992 0.992 0.992 3 * 3 9 27
8.5 0.995 0.995 0.994 3 * 3 9 27
9.0 0.996 0.996 0.995 3 * 3 9 27
9.5 0.999 0.999 0.998 3 * 3 9 27
10.0 0.999 0.999 0.998 3 * 3 9 27
0.5 0.000 0.000 0.000 1 * 1
1.0 0.000 0.000 0.000 1 * 1
1.5 0.243 0.149 0.081 1 * 3
2.0 0.458 0.280 0.153 1 * 3
2.5 0.407 0.352 0.241 2 * 3 8
3.0 0.594 0.521 0.376 2 * 3 9
3.5 0.649 0.613 0.472 3 * 3 9 13
4.0 0.728 0.731 0.628 4 * 3 9 11 19
4.5 0.836 0.846 0.820 4 * 3 9 11 26
5.0 0.903 0.903 0.893 3 * 3 9 27
5.5 0.937 0.937 0.929 3 * 3 9 27
6.0 0.956 0.956 0.952 3 * 3 9 27
6.5 0.975 0.975 0.972 3 * 3 9 27
7.0 0.982 0.982 0.980 3 * 3 9 27
7.5 0.988 0.988 0.987 3 * 3 9 27
8.0 0.991 0.991 0.991 3 * 3 9 27
8.5 0.995 0.995 0.995 3 * 3 9 27
9.0 0.997 0.997 0.997 3 * 3 9 27
9.5 0.999 0.999 0.998 3 * 3 9 27
10.0 0.998 0.998 0.998 3 * 3 9 27
0.5 0.000 0.000 0.000 1 * 1
1.0 0.000 0.000 0.000 1 * 1
1.5 0.242 0.148 0.081 1 * 3
2.0 0.438 0.268 0.146 1 * 3
2.5 0.409 0.349 0.228 2 * 3 7
3.0 0.616 0.541 0.391 2 * 3 9
3.5 0.612 0.575 0.466 3 * 3 11 13
4.0 0.716 0.716 0.616 3 * 3 9 19
4.5 0.841 0.841 0.814 3 * 3 9 26
5.0 0.905 0.905 0.896 3 * 3 9 27
5.5 0.936 0.936 0.927 3 * 3 9 27
6.0 0.962 0.962 0.957 3 * 3 9 27
6.5 0.971 0.971 0.968 3 * 3 9 27
7.0 0.917 0.917 0.937 3 * 3 9 27
7.5 0.986 0.986 0.984 3 * 3 9 27
8.0 0.993 0.993 0.992 3 * 3 9 27
8.5 0.994 0.994 0.993 3 * 3 9 27
9.0 0.996 0.996 0.996 3 * 3 9 27
9.5 0.999 0.999 0.998 3 * 3 9 27
10.0 0.999 0.999 0.999 3 * 3 9 27
0.5 0.000 0.000 0.000 1 * 1
1.0 -0.000 -0.000 -0.000 1 * 2
1.5 0.234 0.144 0.079 1 * 3
2.0 0.453 0.277 0.152 1 * 3
2.5 0.405 0.348 0.233 2 * 3 8
3.0 0.617 0.542 0.392 2 * 3 9
3.5 0.652 0.615 0.474 3 * 3 9 13
4.0 0.707 0.728 0.614 4 * 3 9 15 18
4.5 0.845 0.845 0.816 3 * 3 9 26
5.0 0.904 0.904 0.892 3 * 3 9 27
5.5 0.934 0.934 0.927 3 * 3 9 27
6.0 0.959 0.959 0.953 3 * 3 9 27
6.5 0.976 0.976 0.973 3 * 3 9 27
7.0 0.981 0.981 0.978 3 * 3 9 27
7.5 0.990 0.990 0.988 3 * 3 9 27
8.0 0.993 0.993 0.991 3 * 3 9 27
8.5 0.995 0.995 0.995 3 * 3 9 27
9.0 0.977 0.989 0.979 4 * 3 9 24 27
9.5 0.997 0.997 0.997 3 * 3 9 27
10.0 0.999 0.999 0.999 3 * 3 9 27
0.5 0.000 0.000 0.000 1 * 1
1.0 0.000 0.000 0.000 1 * 1
1.5 0.257 0.157 0.086 1 * 3
2.0 0.300 0.207 0.129 1 * 4
2.5 0.411 0.350 0.228 2 * 3 7
3.0 0.598 0.524 0.376 2 * 3 9
3.5 0.677 0.639 0.489 3 * 3 9 13
4.0 0.721 0.720 0.598 3 * 3 9 17
4.5 0.841 0.841 0.812 3 * 3 9 26
5.0 0.903 0.903 0.891 3 * 3 9 27
5.5 0.934 0.934 0.929 3 * 3 9 27
6.0 0.957 0.957 0.953 3 * 3 9 27
6.5 0.971 0.971 0.968 3 * 3 9 27
7.0 0.982 0.982 0.980 3 * 3 9 27
7.5 0.986 0.986 0.984 3 * 3 9 27
8.0 0.993 0.993 0.991 3 * 3 9 27
8.5 0.996 0.996 0.995 3 * 3 9 27
9.0 0.906 0.906 0.959 3 * 3 9 27
9.5 0.997 0.997 0.997 3 * 3 9 27
10.0 0.998 0.998 0.998 3 * 3 9 27
0.5 0.000 0.000 0.000 1 * 1
1.0 0.000 0.000 0.000 1 * 1
1.5 0.257 0.157 0.086 1 * 3
2.0 0.314 0.216 0.135 1 * 4
2.5 0.424 0.365 0.247 2 * 3 8
3.0 0.612 0.538 0.390 2 * 3 9
3.5 0.660 0.614 0.466 3 * 3 9 12
4.0 0.692 0.718 0.601 5 * 3 9 13 15 18
4.5 0.812 0.831 0.792 4 * 3 9 13 25
5.0 0.901 0.901 0.890 3 * 3 9 27
5.5 0.932 0.932 0.928 3 * 3 9 27
6.0 0.958 0.958 0.954 3 * 3 9 27
6.5 0.972 0.972 0.970 3 * 3 9 27
7.0 0.983 0.983 0.981 3 * 3 9 27
7.5 0.992 0.992 0.990 3 * 3 9 27
8.0 0.992 0.992 0.989 3 * 3 9 27
8.5 0.995 0.995 0.995 3 * 3 9 27
9.0 0.998 0.998 0.997 3 * 3 9 27
9.5 0.998 0.998 0.998 3 * 3 9 27
10.0 0.999 0.999 0.998 3 * 3 9 27
0.5 0.000 0.000 0.000 1 * 1
1.0 0.000 0.000 0.000 1 * 1
1.5 0.250 0.153 0.084 1 * 3
2.0 0.306 0.213 0.133 1 * 4
2.5 0.385 0.329 0.218 2 * 3 8
3.0 0.605 0.532 0.386 2 * 3 9
3.5 0.660 0.623 0.480 3 * 3 9 13
4.0 0.713 0.729 0.616 4 * 3 9 14 18
4.5 0.837 0.837 0.808 3 * 3 9 26
5.0 0.901 0.901 0.892 3 * 3 9 27
5.5 0.940 0.940 0.933 3 * 3 9 27
6.0 0.957 0.957 0.953 3 * 3 9 27
6.5 0.974 0.974 0.971 3 * 3 9 27
7.0 0.983 0.983 0.981 3 * 3 9 27
7.5 0.988 0.988 0.986 3 * 3 9 27
8.0 0.993 0.993 0.992 3 * 3 9 27
8.5 0.996 0.996 0.995 3 * 3 9 27
9.0 0.998 0.998 0.997 3 * 3 9 27
9.5 0.998 0.998 0.998 3 * 3 9 27
10.0 0.998 0.998 0.998 3 * 3 9 27
0.5 0.000 0.000 0.000 1 * 1
1.0 0.000 0.000 0.000 1 * 1
1.5 0.239 0.146 0.080 1 * 3
2.0 0.306 0.213 0.133 1 * 4
2.5 0.393 0.337 0.223 2 * 3 8
3.0 0.619 0.544 0.394 2 * 3 9
3.5 0.650 0.597 0.461 3 * 3 9 11
4.0 0.695 0.725 0.620 4 * 3 9 17 19
4.5 0.847 0.847 0.818 3 * 3 9 26
5.0 0.904 0.904 0.895 3 * 3 9 27
5.5 0.935 0.935 0.928 3 * 3 9 27
6.0 0.961 0.961 0.957 3 * 3 9 27
6.5 0.974 0.974 0.971 3 * 3 9 27
7.0 0.982 0.982 0.981 3 * 3 9 27
7.5 0.987 0.987 0.985 3 * 3 9 27
8.0 0.993 0.993 0.993 3 * 3 9 27
8.5 0.996 0.996 0.995 3 * 3 9 27
9.0 0.997 0.997 0.995 3 * 3 9 27
9.5 0.939 0.939 0.961 3 * 3 10 27
10.0 0.999 0.999 0.998 3 * 3 9 27
0.5 0.000 0.000 0.000 1 * 1
1.0 0.000 0.000 0.000 1 * 1
1.5 0.235 0.144 0.079 1 * 3
2.0 0.305 0.216 0.137 1 * 4
2.5 0.391 0.334 0.219 2 * 3 8
3.0 0.554 0.493 0.371 2 * 3 10
3.5 0.682 0.643 0.494 3 * 3 9 13
4.0 0.731 0.731 0.630 3 * 3 9 19
4.5 0.840 0.840 0.811 3 * 3 9 26
5.0 0.903 0.903 0.891 3 * 3 9 27
5.5 0.937 0.937 0.931 3 * 3 9 27
6.0 0.961 0.961 0.955 3 * 3 9 27
6.5 0.971 0.971 0.969 3 * 3 9 27
7.0 0.986 0.986 0.983 3 * 3 9 27
7.5 0.987 0.987 0.986 3 * 3 9 27
8.0 0.992 0.992 0.991 3 * 3 9 27
8.5 0.996 0.996 0.994 3 * 3 9 27
9.0 0.996 0.996 0.996 3 * 3 9 27
9.5 0.997 0.997 0.997 3 * 3 9 27
10.0 0.999 0.999 0.999 3 * 3 9 27
0.5 0.000 0.000 0.000 1 * 1
1.0 0.000 0.000 0.000 1 * 1
1.5 0.255 0.156 0.086 1 * 3
2.0 0.318 0.224 0.142 1 * 4
2.5 0.430 0.371 0.253 2 * 3 8
3.0 0.608 0.532 0.382 2 * 3 9
3.5 0.662 0.618 0.471 3 * 3 9 12
4.0 0.700 0.729 0.627 4 * 3 9 17 19
4.5 0.822 0.822 0.784 3 * 3 9 25
5.0 0.903 0.903 0.891 3 * 3 9 27
5.5 0.931 0.931 0.928 3 * 3 9 27
6.0 0.957 0.957 0.953 3 * 3 9 27
6.5 0.973 0.973 0.971 3 * 3 9 27
7.0 0.984 0.984 0.982 3 * 3 9 27
7.5 0.988 0.988 0.985 3 * 3 9 27
8.0 0.993 0.993 0.992 3 * 3 9 27
8.5 0.995 0.995 0.995 3 * 3 9 27
9.0 0.998 0.998 0.997 3 * 3 9 27
9.5 0.998 0.998 0.998 3 * 3 9 27
10.0 0.999 0.999 0.999 3 * 3 9 27
0.5 0.000 0.000 0.000 1 * 1
1.0 0.021 0.013 0.007 1 * 2
1.5 0.256 0.157 0.086 1 * 3
2.0 0.453 0.277 0.151 1 * 3
2.5 0.416 0.358 0.241 2 * 3 8
3.0 0.596 0.523 0.376 2 * 3 9
3.5 0.638 0.593 0.466 3 * 3 9 12
4.0 0.723 0.723 0.612 3 * 3 9 18
4.5 0.844 0.844 0.813 3 * 3 9 26
5.0 0.902 0.902 0.894 3 * 3 9 27
5.5 0.934 0.934 0.929 3 * 3 9 27
6.0 0.959 0.959 0.956 3 * 3 9 27
6.5 0.976 0.976 0.975 3 * 3 9 27
7.0 0.982 0.982 0.979 3 * 3 9 27
7.5 0.990 0.990 0.987 3 * 3 9 27
8.0 0.991 0.991 0.990 3 * 3 9 27
8.5 0.995 0.995 0.994 3 * 3 9 27
9.0 0.997 0.997 0.996 3 * 3 9 27
9.5 0.998 0.998 0.997 3 * 3 9 27
10.0 0.999 0.999 0.998 3 * 3 9 27
0.5 0.000 0.000 0.000 1 * 1
1.0 0.000 0.000 0.000 1 * 1
1.5 0.256 0.157 0.086 1 * 3
2.0 0.449 0.275 0.150 1 * 3
2.5 0.391 0.333 0.217 2 * 3 7
3.0 0.607 0.534 0.387 2 * 3 9
3.5 0.660 0.623 0.478 3 * 3 9 13
4.0 0.704 0.721 0.621 5 * 3 9 11 15 19
4.5 0.833 0.833 0.794 3 * 3 9 25
5.0 0.900 0.900 0.890 3 * 3 9 27
5.5 0.936 0.936 0.929 3 * 3 9 27
6.0 0.954 0.954 0.949 3 * 3 9 27
6.5 0.902 0.902 0.924 3 * 3 9 27
7.0 0.983 0.983 0.980 3 * 3 9 27
7.5 0.989 0.989 0.987 3 * 3 9 27
8.0 0.991 0.991 0.990 3 * 3 9 27
8.5 0.994 0.994 0.993 3 * 3 9 27
9.0 0.997 0.997 0.996 3 * 3 9 27
9.5 0.998 0.998 0.997 3 * 3 9 27
10.0 0.998 0.998 0.998 3 * 3 9 27
0.5 0.000 0.000 0.000 1 * 1
1.0 0.015 0.009 0.005 1 * 2
1.5 0.258 0.158 0.087 1 * 3
2.0 0.453 0.277 0.151 1 * 3
2.5 0.417 0.358 0.241 2 * 3 8
3.0 0.612 0.537 0.388 2 * 3 9
3.5 0.645 0.599 0.472 3 * 3 9 12
4.0 0.731 0.731 0.616 3 * 3 9 18
4.5 0.843 0.843 0.826 3 * 3 9 27
5.0 0.901 0.901 0.891 3 * 3 9 27
5.5 0.934 0.934 0.929 3 * 3 9 27
6.0 0.959 0.959 0.954 3 * 3 9 27
6.5 0.974 0.974 0.969 3 * 3 9 27
7.0 0.985 0.985 0.982 3 * 3 9 27
7.5 0.989 0.989 0.987 3 * 3 9 27
8.0 0.994 0.994 0.993 3 * 3 9 27
8.5 0.997 0.997 0.996 3 * 3 9 27
9.0 0.997 0.997 0.996 3 * 3 9 27
9.5 0.999 0.999 0.998 3 * 3 9 27
10.0 0.998 0.998 0.998 3 * 3 9 27
0.5 0.000 0.000 0.000 1 * 1
1.0 0.017 0.010 0.006 1 * 2
1.5 0.259 0.159 0.087 1 * 3
2.0 0.447 0.273 0.150 1 * 3
2.5 0.395 0.337 0.221 2 * 3 7
3.0 0.611 0.536 0.385 2 * 3 9
3.5 0.689 0.633 0.474 3 * 3 9 11
4.0 0.720 0.720 0.614 3 * 3 9 19
4.5 0.846 0.846 0.816 3 * 3 9 26
5.0 0.903 0.903 0.891 3 * 3 9 27
5.5 0.933 0.933 0.925 3 * 3 9 27
6.0 0.964 0.964 0.960 3 * 3 9 27
6.5 0.973 0.973 0.971 3 * 3 9 27
7.0 0.983 0.983 0.981 3 * 3 9 27
7.5 0.989 0.989 0.987 3 * 3 9 27
8.0 0.992 0.992 0.991 3 * 3 9 27
8.5 0.994 0.994 0.994 3 * 3 9 27
9.0 0.998 0.998 0.997 3 * 3 9 27
9.5 0.998 0.998 0.998 3 * 3 9 27
10.0 0.998 0.998 0.998 3 * 3 9 27
0.5 0.000 0.000 0.000 1 * 1
1.0 0.000 0.000 0.000 1 * 1
1.5 0.260 0.159 0.087 1 * 3
2.0 0.310 0.215 0.135 1 * 4
2.5 0.404 0.343 0.221 2 * 3 7
3.0 0.595 0.523 0.379 2 * 3 9
3.5 0.659 0.604 0.461 3 * 3 9 11
4.0 0.715 0.737 0.634 4 * 3 9 15 19
4.5 0.844 0.844 0.825 3 * 3 9 27
5.0 0.899 0.899 0.888 3 * 3 9 27
5.5 0.934 0.934 0.929 3 * 3 9 27
6.0 0.958 0.958 0.952 3 * 3 9 27
6.5 0.972 0.972 0.969 3 * 3 9 27
7.0 0.918 0.918 0.938 3 * 3 9 27
7.5 0.989 0.989 0.986 3 * 3 9 27
8.0 0.992 0.992 0.991 3 * 3 9 27
8.5 0.941 0.941 0.956 3 * 3 9 27
9.0 0.997 0.997 0.996 3 * 3 9 27
9.5 0.998 0.998 0.997 3 * 3 9 27
10.0 0.998 0.998 0.998 3 * 3 9 27
