0.5 0.023 0.025 0.014 3 * 0.006 0.011 0.014
1.0 0.040 0.041 0.021 3 * 0.027 0.031 0.021
1.5 0.083 0.085 0.039 3 * 0.047 0.066 0.039
2.0 0.103 0.129 0.064 3 * 0.018 0.124 0.064
2.5 0.256 0.220 0.143 3 * 0.240 0.256 0.143
3.0 0.350 0.364 0.306 3 * 0.298 0.434 0.306
3.5 0.404 0.519 0.577 3 * 0.095 0.541 0.577
4.0 0.872 0.872 0.794 3 * 0.926 0.896 0.794
4.5 0.934 0.934 0.904 3 * 0.958 0.941 0.904
5.0 0.960 0.960 0.940 3 * 0.976 0.964 0.940
5.5 0.976 0.976 0.966 3 * 0.985 0.978 0.966
6.0 0.985 0.985 0.977 3 * 0.991 0.987 0.977
6.5 0.991 0.991 0.985 3 * 0.995 0.992 0.985
7.0 0.994 0.994 0.991 3 * 0.997 0.995 0.991
7.5 0.996 0.996 0.994 3 * 0.998 0.997 0.994
8.0 0.998 0.998 0.997 3 * 0.999 0.999 0.997
8.5 0.999 0.999 0.998 3 * 0.999 0.999 0.998
9.0 0.999 0.999 0.998 3 * 1.000 0.999 0.998
9.5 1.000 1.000 0.999 3 * 1.000 1.000 0.999
10.0 1.000 1.000 1.000 3 * 1.000 1.000 1.000
0.5 0.027 0.026 0.014 3 * 0.015 0.012 0.014
1.0 0.045 0.050 0.023 3 * 0.020 0.035 0.023
1.5 0.065 0.064 0.038 3 * 0.051 0.055 0.038
2.0 0.151 0.150 0.070 3 * 0.124 0.144 0.070
2.5 0.234 0.230 0.153 3 * 0.089 0.340 0.153
3.0 0.443 0.431 0.280 3 * 0.628 0.384 0.280
3.5 0.552 0.552 0.594 3 * 0.387 0.676 0.594
4.0 0.874 0.874 0.798 3 * 0.928 0.895 0.798
4.5 0.932 0.932 0.900 3 * 0.957 0.939 0.900
5.0 0.961 0.961 0.942 3 * 0.975 0.964 0.942
5.5 0.976 0.976 0.964 3 * 0.986 0.979 0.964
6.0 0.985 0.985 0.978 3 * 0.990 0.987 0.978
6.5 0.990 0.990 0.984 3 * 0.994 0.991 0.984
7.0 0.994 0.994 0.991 3 * 0.997 0.995 0.991
7.5 0.997 0.997 0.995 3 * 0.999 0.997 0.995
8.0 0.998 0.998 0.997 3 * 0.999 0.999 0.997
8.5 0.998 0.998 0.997 3 * 0.999 0.998 0.997
9.0 0.999 0.999 0.998 3 * 0.999 0.999 0.998
9.5 1.000 1.000 0.999 3 * 1.000 1.000 0.999
10.0 0.999 0.999 0.999 3 * 1.000 0.999 0.999
0.5 0.017 0.019 0.014 3 * 0.005 0.010 0.014
1.0 0.030 0.035 0.021 3 * 0.009 0.023 0.021
1.5 0.069 0.058 0.040 3 * 0.074 0.054 0.040
2.0 0.105 0.111 0.064 3 * 0.073 0.114 0.064
2.5 0.203 0.212 0.148 3 * 0.089 0.240 0.148
3.0 0.497 0.497 0.304 3 * 0.660 0.528 0.304
3.5 0.500 0.500 0.575 3 * 0.312 0.613 0.575
4.0 0.877 0.877 0.802 3 * 0.930 0.899 0.802
4.5 0.932 0.932 0.901 3 * 0.955 0.940 0.901
5.0 0.963 0.963 0.944 3 * 0.978 0.967 0.944
5.5 0.978 0.978 0.966 3 * 0.987 0.981 0.966
6.0 0.986 0.986 0.979 3 * 0.992 0.988 0.979
6.5 0.991 0.991 0.986 3 * 0.995 0.992 0.986
7.0 0.995 0.995 0.992 3 * 0.998 0.995 0.992
7.5 0.997 0.997 0.995 3 * 0.998 0.998 0.995
8.0 0.998 0.998 0.996 3 * 0.999 0.998 0.996
8.5 0.999 0.999 0.998 3 * 0.999 0.999 0.998
9.0 0.999 0.999 0.999 3 * 1.000 0.999 0.999
9.5 0.999 0.999 0.999 3 * 1.000 0.999 0.999
10.0 1.000 1.000 1.000 3 * 1.000 1.000 1.000
0.5 0.024 0.026 0.015 3 * 0.009 0.015 0.015
1.0 0.044 0.046 0.023 3 * 0.017 0.025 0.023
1.5 0.078 0.067 0.035 3 * 0.084 0.062 0.035
2.0 0.146 0.137 0.080 3 * 0.128 0.149 0.080
2.5 0.204 0.227 0.142 3 * 0.072 0.246 0.142
3.0 0.291 0.340 0.326 3 * 0.107 0.441 0.326
3.5 0.505 0.505 0.499 3 * 0.376 0.640 0.499
4.0 0.883 0.883 0.819 3 * 0.932 0.899 0.819
4.5 0.930 0.930 0.899 3 * 0.956 0.937 0.899
5.0 0.964 0.964 0.947 3 * 0.977 0.968 0.947
5.5 0.975 0.975 0.962 3 * 0.986 0.976 0.962
6.0 0.984 0.984 0.975 3 * 0.990 0.986 0.975
6.5 0.992 0.992 0.987 3 * 0.995 0.992 0.987
7.0 0.994 0.994 0.990 3 * 0.997 0.994 0.990
7.5 0.997 0.997 0.995 3 * 0.998 0.997 0.995
8.0 0.998 0.998 0.996 3 * 0.999 0.998 0.996
8.5 0.998 0.998 0.998 3 * 0.999 0.999 0.998
9.0 0.999 0.999 0.999 3 * 1.000 0.999 0.999
9.5 0.999 0.999 0.999 3 * 0.999 0.999 0.999
10.0 1.000 1.000 1.000 3 * 1.000 1.000 1.000
0.5 0.022 0.024 0.015 3 * 0.005 0.012 0.015
1.0 0.044 0.038 0.020 3 * 0.040 0.023 0.020
1.5 0.071 0.071 0.034 3 * 0.034 0.056 0.034
2.0 0.098 0.120 0.068 3 * 0.028 0.125 0.068
2.5 0.247 0.231 0.147 3 * 0.087 0.350 0.147
3.0 0.385 0.373 0.280 3 * 0.408 0.432 0.280
3.5 0.496 0.521 0.575 3 * 0.243 0.669 0.575
4.0 0.871 0.871 0.798 3 * 0.924 0.891 0.798
4.5 0.932 0.932 0.900 3 * 0.959 0.938 0.900
5.0 0.962 0.962 0.941 3 * 0.978 0.965 0.941
5.5 0.976 0.976 0.964 3 * 0.986 0.977 0.964
6.0 0.985 0.985 0.977 3 * 0.991 0.987 0.977
6.5 0.991 0.991 0.986 3 * 0.995 0.992 0.986
7.0 0.994 0.994 0.990 3 * 0.996 0.994 0.990
7.5 0.997 0.997 0.995 3 * 0.999 0.997 0.995
8.0 0.998 0.998 0.996 3 * 0.999 0.998 0.996
8.5 0.998 0.998 0.997 3 * 0.999 0.999 0.997
9.0 0.999 0.999 0.998 3 * 1.000 0.999 0.998
9.5 1.000 1.000 0.999 3 * 1.000 1.000 0.999
10.0 1.000 1.000 0.999 3 * 1.000 1.000 0.999
0.5 0.022 0.025 0.017 3 * 0.007 0.017 0.017
1.0 0.025 0.027 0.020 3 * 0.015 0.020 0.020
1.5 0.067 0.067 0.037 3 * 0.051 0.059 0.037
2.0 0.101 0.109 0.066 3 * 0.046 0.105 0.066
2.5 0.235 0.209 0.135 3 * 0.163 0.297 0.135
3.0 0.330 0.339 0.271 3 * 0.214 0.437 0.271
3.5 0.538 0.538 0.575 3 * 0.370 0.667 0.575
4.0 0.874 0.874 0.802 3 * 0.927 0.894 0.802
4.5 0.934 0.934 0.903 3 * 0.959 0.941 0.903
5.0 0.960 0.960 0.941 3 * 0.976 0.964 0.941
5.5 0.978 0.978 0.966 3 * 0.988 0.980 0.966
6.0 0.986 0.986 0.979 3 * 0.992 0.988 0.979
6.5 0.991 0.991 0.986 3 * 0.995 0.992 0.986
7.0 0.995 0.995 0.992 3 * 0.997 0.996 0.992
7.5 0.996 0.996 0.994 3 * 0.998 0.997 0.994
8.0 0.998 0.998 0.997 3 * 0.999 0.998 0.997
8.5 0.999 0.999 0.998 3 * 0.999 0.999 0.998
9.0 0.999 0.999 0.998 3 * 0.999 0.999 0.998
9.5 0.999 0.999 0.999 3 * 1.000 1.000 0.999
10.0 1.000 1.000 0.999 3 * 1.000 1.000 0.999
0.5 0.018 0.019 0.015 3 * 0.005 0.010 0.015
1.0 0.043 0.038 0.022 3 * 0.034 0.021 0.022
1.5 0.080 0.068 0.040 3 * 0.091 0.062 0.040
2.0 0.119 0.135 0.071 3 * 0.066 0.150 0.071
2.5 0.240 0.226 0.144 3 * 0.165 0.299 0.144
3.0 0.321 0.324 0.318 3 * 0.248 0.396 0.318
3.5 0.545 0.545 0.574 3 * 0.389 0.672 0.574
4.0 0.881 0.881 0.809 3 * 0.933 0.901 0.809
4.5 0.935 0.935 0.901 3 * 0.963 0.941 0.901
5.0 0.961 0.961 0.944 3 * 0.976 0.964 0.944
5.5 0.976 0.976 0.964 3 * 0.985 0.979 0.964
6.0 0.985 0.985 0.978 3 * 0.991 0.986 0.978
6.5 0.991 0.991 0.986 3 * 0.994 0.992 0.986
7.0 0.995 0.995 0.992 3 * 0.997 0.995 0.992
7.5 0.996 0.996 0.994 3 * 0.997 0.996 0.994
8.0 0.998 0.998 0.996 3 * 0.999 0.999 0.996
8.5 0.998 0.998 0.997 3 * 0.999 0.998 0.997
9.0 0.999 0.999 0.999 3 * 1.000 0.999 0.999
9.5 0.999 0.999 0.999 3 * 1.000 0.999 0.999
10.0 1.000 1.000 0.999 3 * 1.000 1.000 0.999
0.5 0.024 0.026 0.016 3 * 0.008 0.013 0.016
1.0 0.037 0.033 0.022 3 * 0.032 0.022 0.022
1.5 0.101 0.080 0.036 3 * 0.144 0.059 0.036
2.0 0.132 0.127 0.065 3 * 0.080 0.101 0.065
2.5 0.228 0.196 0.143 3 * 0.103 0.289 0.143
3.0 0.495 0.495 0.314 3 * 0.654 0.517 0.314
3.5 0.439 0.500 0.561 3 * 0.094 0.664 0.561
4.0 0.879 0.879 0.808 3 * 0.930 0.900 0.808
4.5 0.720 0.720 0.855 3 * 0.499 0.807 0.855
5.0 0.962 0.962 0.943 3 * 0.977 0.967 0.943
5.5 0.978 0.978 0.966 3 * 0.986 0.980 0.966
6.0 0.987 0.987 0.980 3 * 0.992 0.988 0.980
6.5 0.990 0.990 0.984 3 * 0.995 0.991 0.984
7.0 0.994 0.994 0.990 3 * 0.997 0.995 0.990
7.5 0.996 0.996 0.994 3 * 0.998 0.997 0.994
8.0 0.998 0.998 0.997 3 * 0.999 0.998 0.997
8.5 0.999 0.999 0.998 3 * 0.999 0.999 0.998
9.0 0.999 0.999 0.998 3 * 0.999 0.999 0.998
9.5 1.000 1.000 0.999 3 * 1.000 1.000 0.999
10.0 0.999 0.999 0.999 3 * 1.000 1.000 0.999
0.5 0.021 0.023 0.014 3 * 0.004 0.011 0.014
1.0 0.029 0.028 0.020 3 * 0.026 0.023 0.020
1.5 0.064 0.064 0.038 3 * 0.055 0.069 0.038
2.0 0.090 0.109 0.066 3 * 0.043 0.126 0.066
2.5 0.374 0.346 0.171 3 * 0.505 0.362 0.171
3.0 0.348 0.345 0.300 3 * 0.210 0.525 0.300
3.5 0.380 0.466 0.524 3 * 0.139 0.396 0.524
4.0 0.871 0.871 0.790 3 * 0.929 0.895 0.790
4.5 0.931 0.931 0.898 3 * 0.956 0.938 0.898
5.0 0.960 0.960 0.939 3 * 0.976 0.965 0.939
5.5 0.975 0.975 0.963 3 * 0.986 0.978 0.963
6.0 0.986 0.986 0.977 3 * 0.993 0.987 0.977
6.5 0.991 0.991 0.987 3 * 0.995 0.992 0.987
7.0 0.994 0.994 0.991 3 * 0.996 0.994 0.991
7.5 0.996 0.996 0.993 3 * 0.997 0.997 0.993
8.0 0.805 0.805 0.946 3 * 0.555 0.915 0.946
8.5 0.999 0.999 0.998 3 * 0.999 0.999 0.998
9.0 0.999 0.999 0.999 3 * 1.000 0.999 0.999
9.5 0.999 0.999 0.999 3 * 1.000 1.000 0.999
10.0 0.999 0.999 0.999 3 * 1.000 1.000 0.999
0.5 0.019 0.022 0.015 3 * 0.005 0.015 0.015
1.0 0.047 0.042 0.021 3 * 0.044 0.030 0.021
1.5 0.063 0.070 0.038 3 * 0.040 0.068 0.038
2.0 0.205 0.159 0.063 3 * 0.302 0.112 0.063
2.5 0.230 0.212 0.137 3 * 0.172 0.248 0.137
3.0 0.260 0.332 0.271 3 * 0.098 0.358 0.271
3.5 0.757 0.757 0.627 3 * 0.868 0.775 0.627
4.0 0.874 0.874 0.795 3 * 0.931 0.897 0.795
4.5 0.932 0.932 0.896 3 * 0.961 0.940 0.896
5.0 0.961 0.961 0.941 3 * 0.977 0.965 0.941
5.5 0.978 0.978 0.965 3 * 0.987 0.980 0.965
6.0 0.986 0.986 0.978 3 * 0.992 0.987 0.978
6.5 0.990 0.990 0.985 3 * 0.994 0.992 0.985
7.0 0.994 0.994 0.991 3 * 0.997 0.995 0.991
7.5 0.996 0.996 0.994 3 * 0.998 0.997 0.994
8.0 0.997 0.997 0.996 3 * 0.999 0.998 0.996
8.5 0.998 0.998 0.998 3 * 0.999 0.999 0.998
9.0 0.999 0.999 0.999 3 * 1.000 1.000 0.999
9.5 0.999 0.999 0.999 3 * 1.000 0.999 0.999
10.0 1.000 1.000 0.999 3 * 1.000 1.000 0.999
0.5 0.018 0.021 0.013 3 * 0.005 0.012 0.013
1.0 0.036 0.036 0.022 3 * 0.024 0.023 0.022
1.5 0.074 0.057 0.034 3 * 0.092 0.045 0.034
2.0 0.102 0.121 0.070 3 * 0.036 0.125 0.070
2.5 0.241 0.202 0.153 3 * 0.163 0.291 0.153
3.0 0.323 0.352 0.291 3 * 0.127 0.508 0.291
3.5 0.758 0.758 0.598 3 * 0.864 0.812 0.598
4.0 0.881 0.881 0.809 3 * 0.932 0.901 0.809
4.5 0.932 0.932 0.899 3 * 0.958 0.938 0.899
5.0 0.960 0.960 0.940 3 * 0.976 0.964 0.940
5.5 0.977 0.977 0.966 3 * 0.986 0.979 0.966
6.0 0.986 0.986 0.978 3 * 0.991 0.988 0.978
6.5 0.991 0.991 0.986 3 * 0.995 0.992 0.986
7.0 0.995 0.995 0.992 3 * 0.997 0.995 0.992
7.5 0.997 0.997 0.995 3 * 0.998 0.998 0.995
8.0 0.998 0.998 0.997 3 * 0.999 0.999 0.997
8.5 0.999 0.999 0.998 3 * 1.000 0.999 0.998
9.0 0.999 0.999 0.999 3 * 1.000 0.999 0.999
9.5 1.000 1.000 0.999 3 * 1.000 1.000 0.999
10.0 1.000 1.000 0.999 3 * 1.000 1.000 0.999
0.5 0.017 0.019 0.016 3 * 0.002 0.010 0.016
1.0 0.041 0.041 0.021 3 * 0.023 0.020 0.021
1.5 0.061 0.062 0.035 3 * 0.049 0.064 0.035
2.0 0.093 0.106 0.072 3 * 0.038 0.119 0.072
2.5 0.311 0.272 0.151 3 * 0.350 0.317 0.151
3.0 0.378 0.378 0.321 3 * 0.372 0.442 0.321
3.5 0.562 0.562 0.611 3 * 0.389 0.685 0.611
4.0 0.871 0.871 0.800 3 * 0.923 0.891 0.800
4.5 0.932 0.932 0.897 3 * 0.959 0.941 0.897
5.0 0.957 0.957 0.936 3 * 0.972 0.962 0.936
5.5 0.975 0.975 0.963 3 * 0.984 0.977 0.963
6.0 0.985 0.985 0.978 3 * 0.991 0.987 0.978
6.5 0.991 0.991 0.987 3 * 0.994 0.992 0.987
7.0 0.994 0.994 0.990 3 * 0.997 0.995 0.990
7.5 0.996 0.996 0.993 3 * 0.998 0.997 0.993
8.0 0.998 0.998 0.997 3 * 0.999 0.998 0.997
8.5 0.998 0.998 0.997 3 * 0.999 0.999 0.997
9.0 0.999 0.999 0.998 3 * 1.000 0.999 0.998
9.5 0.999 0.999 0.999 3 * 1.000 1.000 0.999
10.0 1.000 1.000 1.000 3 * 1.000 1.000 1.000
0.5 0.019 0.022 0.016 3 * 0.005 0.013 0.016
1.0 0.030 0.027 0.019 3 * 0.038 0.025 0.019
1.5 0.072 0.065 0.035 3 * 0.066 0.048 0.035
2.0 0.111 0.128 0.078 3 * 0.056 0.155 0.078
2.5 0.242 0.222 0.161 3 * 0.088 0.337 0.161
3.0 0.243 0.346 0.319 3 * 0.033 0.375 0.319
3.5 0.422 0.509 0.546 3 * 0.102 0.620 0.546
4.0 0.875 0.875 0.800 3 * 0.929 0.897 0.800
4.5 0.938 0.938 0.907 3 * 0.962 0.944 0.907
5.0 0.961 0.961 0.942 3 * 0.975 0.965 0.942
5.5 0.975 0.975 0.962 3 * 0.985 0.979 0.962
6.0 0.986 0.986 0.978 3 * 0.992 0.988 0.978
6.5 0.991 0.991 0.985 3 * 0.995 0.991 0.985
7.0 0.995 0.995 0.993 3 * 0.997 0.996 0.993
7.5 0.997 0.997 0.995 3 * 0.998 0.997 0.995
8.0 0.998 0.998 0.996 3 * 0.999 0.998 0.996
8.5 0.999 0.999 0.998 3 * 0.999 0.999 0.998
9.0 0.999 0.999 0.999 3 * 1.000 0.999 0.999
9.5 0.999 0.999 0.998 3 * 1.000 0.999 0.998
10.0 1.000 1.000 1.000 3 * 1.000 1.000 1.000
0.5 0.027 0.030 0.014 3 * 0.004 0.013 0.014
1.0 0.028 0.031 0.020 3 * 0.011 0.020 0.020
1.5 0.077 0.069 0.035 3 * 0.071 0.065 0.035
2.0 0.144 0.132 0.074 3 * 0.157 0.156 0.074
2.5 0.285 0.250 0.151 3 * 0.316 0.254 0.151
3.0 0.337 0.366 0.276 3 * 0.261 0.456 0.276
3.5 0.539 0.539 0.566 3 * 0.381 0.670 0.566
4.0 0.875 0.875 0.801 3 * 0.930 0.895 0.801
4.5 0.935 0.935 0.903 3 * 0.961 0.941 0.903
5.0 0.962 0.962 0.944 3 * 0.977 0.966 0.944
5.5 0.977 0.977 0.966 3 * 0.986 0.979 0.966
6.0 0.985 0.985 0.977 3 * 0.991 0.987 0.977
6.5 0.992 0.992 0.987 3 * 0.995 0.993 0.987
7.0 0.995 0.995 0.992 3 * 0.998 0.996 0.992
7.5 0.997 0.997 0.995 3 * 0.999 0.997 0.995
8.0 0.998 0.998 0.997 3 * 0.999 0.998 0.997
8.5 0.999 0.999 0.998 3 * 0.999 0.999 0.998
9.0 0.999 0.999 0.998 3 * 1.000 1.000 0.998
9.5 0.999 0.999 0.999 3 * 1.000 0.999 0.999
10.0 1.000 1.000 0.999 3 * 1.000 1.000 0.999
0.5 0.017 0.019 0.013 3 * 0.004 0.011 0.013
1.0 0.052 0.044 0.021 3 * 0.050 0.029 0.021
1.5 0.053 0.058 0.035 3 * 0.033 0.057 0.035
2.0 0.120 0.108 0.067 3 * 0.116 0.107 0.067
2.5 0.234 0.223 0.152 3 * 0.139 0.296 0.152
3.0 0.365 0.365 0.324 3 * 0.286 0.484 0.324
3.5 0.494 0.498 0.533 3 * 0.364 0.586 0.533
4.0 0.660 0.660 0.748 3 * 0.459 0.773 0.748
4.5 0.930 0.930 0.892 3 * 0.959 0.940 0.892
5.0 0.960 0.960 0.941 3 * 0.976 0.964 0.941
5.5 0.977 0.977 0.966 3 * 0.987 0.980 0.966
6.0 0.986 0.986 0.979 3 * 0.991 0.988 0.979
6.5 0.991 0.991 0.986 3 * 0.995 0.991 0.986
7.0 0.994 0.994 0.990 3 * 0.996 0.995 0.990
7.5 0.997 0.997 0.995 3 * 0.999 0.998 0.995
8.0 0.998 0.998 0.996 3 * 0.999 0.998 0.996
8.5 0.999 0.999 0.998 3 * 0.999 0.999 0.998
9.0 0.999 0.999 0.998 3 * 0.999 0.999 0.998
9.5 0.999 0.999 0.999 3 * 1.000 0.999 0.999
10.0 1.000 1.000 0.999 3 * 1.000 1.000 0.999
0.5 0.024 0.025 0.015 3 * 0.012 0.012 0.015
1.0 0.031 0.033 0.022 3 * 0.020 0.025 0.022
1.5 0.061 0.060 0.041 3 * 0.047 0.063 0.041
2.0 0.130 0.128 0.071 3 * 0.126 0.153 0.071
2.5 0.281 0.242 0.159 3 * 0.260 0.308 0.159
3.0 0.342 0.336 0.290 3 * 0.230 0.488 0.290
3.5 0.521 0.521 0.568 3 * 0.404 0.592 0.568
4.0 0.876 0.876 0.806 3 * 0.926 0.895 0.806
4.5 0.933 0.933 0.901 3 * 0.957 0.940 0.901
5.0 0.961 0.961 0.942 3 * 0.976 0.965 0.942
5.5 0.976 0.976 0.965 3 * 0.985 0.979 0.965
6.0 0.986 0.986 0.979 3 * 0.992 0.988 0.979
6.5 0.990 0.990 0.985 3 * 0.994 0.991 0.985
7.0 0.994 0.994 0.991 3 * 0.997 0.994 0.991
7.5 0.996 0.996 0.994 3 * 0.998 0.997 0.994
8.0 0.997 0.997 0.996 3 * 0.998 0.998 0.996
8.5 0.998 0.998 0.997 3 * 0.999 0.999 0.997
9.0 0.999 0.999 0.998 3 * 1.000 0.999 0.998
9.5 1.000 1.000 0.999 3 * 1.000 1.000 0.999
10.0 1.000 1.000 0.999 3 * 1.000 1.000 0.999
0.5 0.025 0.026 0.016 3 * 0.008 0.012 0.016
1.0 0.041 0.039 0.021 3 * 0.028 0.023 0.021
1.5 0.089 0.068 0.037 3 * 0.113 0.054 0.037
2.0 0.105 0.123 0.075 3 * 0.035 0.129 0.075
2.5 0.202 0.220 0.155 3 * 0.075 0.258 0.155
3.0 0.374 0.374 0.301 3 * 0.395 0.425 0.301
3.5 0.601 0.601 0.579 3 * 0.519 0.705 0.579
4.0 0.875 0.875 0.798 3 * 0.930 0.897 0.798
4.5 0.930 0.930 0.894 3 * 0.958 0.940 0.894
5.0 0.962 0.962 0.942 3 * 0.978 0.967 0.942
5.5 0.975 0.975 0.963 3 * 0.985 0.977 0.963
6.0 0.984 0.984 0.976 3 * 0.990 0.986 0.976
6.5 0.990 0.990 0.985 3 * 0.995 0.991 0.985
7.0 0.995 0.995 0.992 3 * 0.998 0.996 0.992
7.5 0.997 0.997 0.995 3 * 0.998 0.997 0.995
8.0 0.998 0.998 0.996 3 * 0.999 0.998 0.996
8.5 0.999 0.999 0.997 3 * 0.999 0.999 0.997
9.0 0.999 0.999 0.999 3 * 1.000 0.999 0.999
9.5 0.999 0.999 0.998 3 * 1.000 0.999 0.998
10.0 0.999 0.999 0.999 3 * 1.000 0.999 0.999
0.5 0.028 0.030 0.016 3 * 0.006 0.012 0.016
1.0 0.026 0.028 0.018 3 * 0.013 0.021 0.018
1.5 0.058 0.069 0.036 3 * 0.024 0.068 0.036
2.0 0.141 0.130 0.071 3 * 0.187 0.132 0.071
2.5 0.210 0.232 0.147 3 * 0.081 0.215 0.147
3.0 0.302 0.319 0.258 3 * 0.107 0.433 0.258
3.5 0.489 0.504 0.565 3 * 0.239 0.664 0.565
4.0 0.875 0.875 0.801 3 * 0.928 0.897 0.801
4.5 0.930 0.930 0.893 3 * 0.958 0.938 0.893
5.0 0.963 0.963 0.943 3 * 0.978 0.967 0.943
5.5 0.976 0.976 0.964 3 * 0.986 0.979 0.964
6.0 0.986 0.986 0.977 3 * 0.993 0.988 0.977
6.5 0.991 0.991 0.986 3 * 0.995 0.992 0.986
7.0 0.994 0.994 0.991 3 * 0.996 0.995 0.991
7.5 0.997 0.997 0.994 3 * 0.998 0.997 0.994
8.0 0.998 0.998 0.997 3 * 0.999 0.998 0.997
8.5 0.998 0.998 0.997 3 * 0.999 0.999 0.997
9.0 0.999 0.999 0.999 3 * 1.000 0.999 0.999
9.5 0.999 0.999 0.999 3 * 1.000 1.000 0.999
10.0 0.999 0.999 0.999 3 * 1.000 1.000 0.999
0.5 0.035 0.032 0.017 3 * 0.023 0.013 0.017
1.0 0.036 0.032 0.020 3 * 0.031 0.021 0.020
1.5 0.085 0.081 0.039 3 * 0.072 0.064 0.039
2.0 0.132 0.118 0.070 3 * 0.157 0.126 0.070
2.5 0.212 0.233 0.147 3 * 0.083 0.255 0.147
3.0 0.432 0.423 0.294 3 * 0.533 0.443 0.294
3.5 0.426 0.505 0.591 3 * 0.139 0.549 0.591
4.0 0.669 0.669 0.775 3 * 0.456 0.776 0.775
4.5 0.935 0.935 0.904 3 * 0.959 0.942 0.904
5.0 0.962 0.962 0.944 3 * 0.977 0.966 0.944
5.5 0.976 0.976 0.962 3 * 0.986 0.979 0.962
6.0 0.984 0.984 0.976 3 * 0.991 0.986 0.976
6.5 0.991 0.991 0.986 3 * 0.995 0.991 0.986
7.0 0.994 0.994 0.991 3 * 0.997 0.995 0.991
7.5 0.996 0.996 0.994 3 * 0.998 0.997 0.994
8.0 0.998 0.998 0.997 3 * 0.999 0.999 0.997
8.5 0.998 0.998 0.997 3 * 0.999 0.998 0.997
9.0 0.999 0.999 0.998 3 * 0.999 0.999 0.998
9.5 0.999 0.999 0.999 3 * 1.000 0.999 0.999
10.0 1.000 1.000 1.000 3 * 1.000 1.000 1.000
0.5 0.023 0.025 0.015 3 * 0.006 0.010 0.015
1.0 0.032 0.039 0.022 3 * 0.007 0.028 0.022
1.5 0.057 0.065 0.038 3 * 0.028 0.060 0.038
2.0 0.130 0.142 0.080 3 * 0.055 0.148 0.080
2.5 0.232 0.220 0.148 3 * 0.097 0.303 0.148
3.0 0.426 0.426 0.309 3 * 0.531 0.439 0.309
3.5 0.520 0.520 0.552 3 * 0.377 0.631 0.552
4.0 0.876 0.876 0.803 3 * 0.928 0.897 0.803
4.5 0.934 0.934 0.902 3 * 0.960 0.940 0.902
5.0 0.958 0.958 0.939 3 * 0.974 0.961 0.939
5.5 0.977 0.977 0.966 3 * 0.986 0.980 0.966
6.0 0.986 0.986 0.977 3 * 0.992 0.988 0.977
6.5 0.992 0.992 0.988 3 * 0.996 0.993 0.988
7.0 0.995 0.995 0.991 3 * 0.997 0.995 0.991
7.5 0.997 0.997 0.995 3 * 0.998 0.997 0.995
8.0 0.997 0.997 0.996 3 * 0.999 0.998 0.996
8.5 0.999 0.999 0.998 3 * 0.999 0.999 0.998
9.0 0.999 0.999 0.998 3 * 1.000 0.999 0.998
9.5 0.999 0.999 0.999 3 * 1.000 1.000 0.999
10.0 1.000 1.000 0.999 3 * 1.000 1.000 0.999
0.5 0.020 0.022 0.015 3 * 0.008 0.014 0.015
1.0 0.032 0.036 0.021 3 * 0.010 0.023 0.021
1.5 0.084 0.076 0.039 3 * 0.085 0.068 0.039
2.0 0.125 0.115 0.077 3 * 0.105 0.138 0.077
2.5 0.217 0.244 0.170 3 * 0.094 0.284 0.170
3.0 0.329 0.352 0.316 3 * 0.244 0.425 0.316
3.5 0.551 0.551 0.587 3 * 0.389 0.676 0.587
4.0 0.874 0.874 0.802 3 * 0.925 0.893 0.802
4.5 0.931 0.931 0.898 3 * 0.956 0.939 0.898
5.0 0.961 0.961 0.942 3 * 0.975 0.965 0.942
5.5 0.976 0.976 0.965 3 * 0.985 0.979 0.965
6.0 0.983 0.983 0.976 3 * 0.989 0.986 0.976
6.5 0.990 0.990 0.986 3 * 0.994 0.991 0.986
7.0 0.994 0.994 0.991 3 * 0.997 0.995 0.991
7.5 0.996 0.996 0.994 3 * 0.998 0.997 0.994
8.0 0.998 0.998 0.996 3 * 0.999 0.998 0.996
8.5 0.998 0.998 0.997 3 * 0.999 0.999 0.997
9.0 0.999 0.999 0.998 3 * 1.000 0.999 0.998
9.5 0.999 0.999 0.999 3 * 1.000 0.999 0.999
10.0 1.000 1.000 0.999 3 * 1.000 1.000 0.999
0.5 0.021 0.024 0.015 3 * 0.001 0.011 0.015
1.0 0.035 0.035 0.020 3 * 0.020 0.019 0.020
1.5 0.068 0.078 0.038 3 * 0.024 0.067 0.038
2.0 0.096 0.117 0.067 3 * 0.035 0.125 0.067
2.5 0.307 0.249 0.142 3 * 0.318 0.225 0.142
3.0 0.481 0.474 0.285 3 * 0.552 0.584 0.285
3.5 0.578 0.578 0.530 3 * 0.623 0.582 0.530
4.0 0.877 0.877 0.806 3 * 0.929 0.897 0.806
4.5 0.932 0.932 0.898 3 * 0.957 0.941 0.898
5.0 0.960 0.960 0.942 3 * 0.973 0.964 0.942
5.5 0.977 0.977 0.965 3 * 0.986 0.979 0.965
6.0 0.986 0.986 0.979 3 * 0.993 0.988 0.979
6.5 0.991 0.991 0.986 3 * 0.994 0.992 0.986
7.0 0.995 0.995 0.992 3 * 0.997 0.996 0.992
7.5 0.996 0.996 0.993 3 * 0.998 0.997 0.993
8.0 0.998 0.998 0.996 3 * 0.999 0.998 0.996
8.5 0.999 0.999 0.998 3 * 0.999 0.999 0.998
9.0 0.999 0.999 0.998 3 * 1.000 0.999 0.998
9.5 0.999 0.999 0.999 3 * 1.000 0.999 0.999
10.0 0.999 0.999 0.999 3 * 1.000 0.999 0.999
0.5 0.023 0.025 0.015 3 * 0.006 0.012 0.015
1.0 0.042 0.043 0.023 3 * 0.024 0.026 0.023
1.5 0.059 0.049 0.037 3 * 0.065 0.044 0.037
2.0 0.177 0.144 0.077 3 * 0.219 0.135 0.077
2.5 0.260 0.232 0.143 3 * 0.229 0.216 0.143
3.0 0.421 0.410 0.276 3 * 0.531 0.422 0.276
3.5 0.414 0.517 0.567 3 * 0.090 0.585 0.567
4.0 0.874 0.874 0.801 3 * 0.927 0.894 0.801
4.5 0.933 0.933 0.901 3 * 0.958 0.939 0.901
5.0 0.723 0.723 0.898 3 * 0.472 0.798 0.898
5.5 0.975 0.975 0.963 3 * 0.985 0.977 0.963
6.0 0.986 0.986 0.979 3 * 0.992 0.988 0.979
6.5 0.991 0.991 0.986 3 * 0.995 0.992 0.986
7.0 0.994 0.994 0.991 3 * 0.997 0.995 0.991
7.5 0.997 0.997 0.994 3 * 0.999 0.997 0.994
8.0 0.998 0.998 0.997 3 * 0.999 0.998 0.997
8.5 0.998 0.998 0.997 3 * 0.999 0.998 0.997
9.0 0.999 0.999 0.998 3 * 0.999 0.999 0.998
9.5 0.999 0.999 0.999 3 * 1.000 0.999 0.999
10.0 0.999 0.999 0.999 3 * 1.000 0.999 0.999
0.5 0.029 0.031 0.014 3 * 0.007 0.014 0.014
1.0 0.034 0.040 0.022 3 * 0.010 0.030 0.022
1.5 0.068 0.060 0.036 3 * 0.074 0.053 0.036
2.0 0.105 0.107 0.067 3 * 0.081 0.127 0.067
2.5 0.237 0.236 0.142 3 * 0.148 0.206 0.142
3.0 0.359 0.347 0.276 3 * 0.315 0.451 0.276
3.5 0.592 0.592 0.613 3 * 0.480 0.682 0.613
4.0 0.869 0.869 0.796 3 * 0.923 0.888 0.796
4.5 0.930 0.930 0.896 3 * 0.956 0.939 0.896
5.0 0.962 0.962 0.944 3 * 0.975 0.966 0.944
5.5 0.975 0.975 0.962 3 * 0.985 0.978 0.962
6.0 0.985 0.985 0.977 3 * 0.991 0.987 0.977
6.5 0.990 0.990 0.985 3 * 0.995 0.991 0.985
7.0 0.994 0.994 0.991 3 * 0.997 0.996 0.991
7.5 0.996 0.996 0.994 3 * 0.998 0.996 0.994
8.0 0.997 0.997 0.995 3 * 0.998 0.997 0.995
8.5 0.999 0.999 0.998 3 * 0.999 0.999 0.998
9.0 0.999 0.999 0.999 3 * 1.000 0.999 0.999
9.5 0.999 0.999 0.999 3 * 1.000 0.999 0.999
10.0 1.000 1.000 0.999 3 * 1.000 1.000 0.999
0.5 0.026 0.027 0.014 3 * 0.009 0.013 0.014
1.0 0.038 0.043 0.023 3 * 0.017 0.032 0.023
1.5 0.083 0.072 0.039 3 * 0.079 0.057 0.039
2.0 0.092 0.111 0.064 3 * 0.019 0.116 0.064
2.5 0.369 0.325 0.156 3 * 0.478 0.341 0.156
3.0 0.352 0.353 0.280 3 * 0.227 0.517 0.280
3.5 0.419 0.524 0.590 3 * 0.068 0.600 0.590
4.0 0.882 0.882 0.816 3 * 0.931 0.900 0.816
4.5 0.930 0.930 0.897 3 * 0.956 0.938 0.897
5.0 0.959 0.959 0.940 3 * 0.974 0.963 0.940
5.5 0.976 0.976 0.964 3 * 0.985 0.978 0.964
6.0 0.984 0.984 0.976 3 * 0.990 0.985 0.976
6.5 0.991 0.991 0.987 3 * 0.995 0.992 0.987
7.0 0.993 0.993 0.990 3 * 0.996 0.994 0.990
7.5 0.997 0.997 0.994 3 * 0.999 0.997 0.994
8.0 0.998 0.998 0.996 3 * 0.999 0.998 0.996
8.5 0.999 0.999 0.997 3 * 0.999 0.999 0.997
9.0 0.999 0.999 0.999 3 * 0.999 0.999 0.999
9.5 0.999 0.999 0.999 3 * 1.000 1.000 0.999
10.0 1.000 1.000 0.999 3 * 1.000 1.000 0.999
0.5 0.026 0.029 0.016 3 * 0.003 0.012 0.016
1.0 0.039 0.043 0.021 3 * 0.019 0.030 0.021
1.5 0.076 0.072 0.038 3 * 0.077 0.071 0.038
2.0 0.113 0.134 0.074 3 * 0.062 0.156 0.074
2.5 0.234 0.229 0.146 3 * 0.162 0.254 0.146
3.0 0.404 0.399 0.297 3 * 0.438 0.462 0.297
3.5 0.784 0.784 0.643 3 * 0.883 0.826 0.643
4.0 0.873 0.873 0.803 3 * 0.923 0.892 0.803
4.5 0.933 0.933 0.899 3 * 0.958 0.941 0.899
5.0 0.959 0.959 0.938 3 * 0.975 0.963 0.938
5.5 0.975 0.975 0.963 3 * 0.984 0.978 0.963
6.0 0.985 0.985 0.978 3 * 0.991 0.987 0.978
6.5 0.991 0.991 0.986 3 * 0.994 0.992 0.986
7.0 0.994 0.994 0.991 3 * 0.997 0.995 0.991
7.5 0.996 0.996 0.993 3 * 0.998 0.996 0.993
8.0 0.998 0.998 0.997 3 * 0.998 0.998 0.997
8.5 0.998 0.998 0.997 3 * 0.999 0.998 0.997
9.0 1.000 1.000 0.999 3 * 1.000 1.000 0.999
9.5 1.000 1.000 1.000 3 * 1.000 1.000 1.000
10.0 1.000 1.000 0.999 3 * 1.000 1.000 0.999
0.5 0.030 0.032 0.015 3 * 0.003 0.011 0.015
1.0 0.034 0.034 0.020 3 * 0.025 0.024 0.020
1.5 0.061 0.059 0.038 3 * 0.062 0.061 0.038
2.0 0.126 0.133 0.072 3 * 0.060 0.125 0.072
2.5 0.272 0.250 0.164 3 * 0.242 0.312 0.164
3.0 0.402 0.402 0.310 3 * 0.485 0.410 0.310
3.5 0.733 0.733 0.571 3 * 0.871 0.758 0.571
4.0 0.869 0.869 0.788 3 * 0.928 0.892 0.788
4.5 0.933 0.933 0.901 3 * 0.958 0.941 0.901
5.0 0.963 0.963 0.944 3 * 0.979 0.966 0.944
5.5 0.976 0.976 0.964 3 * 0.985 0.978 0.964
6.0 0.986 0.986 0.978 3 * 0.992 0.988 0.978
6.5 0.991 0.991 0.987 3 * 0.995 0.992 0.987
7.0 0.994 0.994 0.990 3 * 0.997 0.995 0.990
7.5 0.997 0.997 0.994 3 * 0.998 0.997 0.994
8.0 0.998 0.998 0.996 3 * 0.999 0.998 0.996
8.5 0.998 0.998 0.997 3 * 0.999 0.999 0.997
9.0 0.999 0.999 0.999 3 * 1.000 0.999 0.999
9.5 0.999 0.999 0.999 3 * 1.000 0.999 0.999
10.0 1.000 1.000 0.999 3 * 1.000 1.000 0.999
0.5 0.033 0.034 0.014 3 * 0.009 0.012 0.014
1.0 0.030 0.031 0.021 3 * 0.018 0.021 0.021
1.5 0.060 0.073 0.033 3 * 0.009 0.065 0.033
2.0 0.160 0.139 0.069 3 * 0.194 0.154 0.069
2.5 0.197 0.241 0.141 3 * 0.009 0.203 0.141
3.0 0.320 0.349 0.287 3 * 0.214 0.438 0.287
3.5 0.438 0.513 0.584 3 * 0.185 0.544 0.584
4.0 0.883 0.883 0.816 3 * 0.932 0.900 0.816
4.5 0.927 0.927 0.885 3 * 0.958 0.938 0.885
5.0 0.961 0.961 0.943 3 * 0.975 0.965 0.943
5.5 0.976 0.976 0.964 3 * 0.985 0.979 0.964
6.0 0.987 0.987 0.980 3 * 0.993 0.989 0.980
6.5 0.991 0.991 0.987 3 * 0.996 0.992 0.987
7.0 0.994 0.994 0.990 3 * 0.997 0.995 0.990
7.5 0.997 0.997 0.994 3 * 0.999 0.997 0.994
8.0 0.997 0.997 0.996 3 * 0.999 0.998 0.996
8.5 0.998 0.998 0.997 3 * 0.999 0.999 0.997
9.0 0.999 0.999 0.999 3 * 1.000 0.999 0.999
9.5 0.999 0.999 0.999 3 * 0.999 0.999 0.999
10.0 1.000 1.000 0.999 3 * 1.000 1.000 0.999
0.5 0.032 0.028 0.016 3 * 0.026 0.013 0.016
1.0 0.047 0.041 0.021 3 * 0.044 0.026 0.021
1.5 0.060 0.054 0.037 3 * 0.062 0.057 0.037
2.0 0.113 0.110 0.068 3 * 0.086 0.144 0.068
2.5 0.272 0.234 0.152 3 * 0.184 0.354 0.152
3.0 0.357 0.363 0.326 3 * 0.221 0.524 0.326
3.5 0.522 0.522 0.572 3 * 0.381 0.613 0.572
4.0 0.872 0.872 0.802 3 * 0.924 0.890 0.802
4.5 0.934 0.934 0.904 3 * 0.959 0.939 0.904
5.0 0.960 0.960 0.941 3 * 0.975 0.964 0.941
5.5 0.976 0.976 0.965 3 * 0.984 0.978 0.965
6.0 0.986 0.986 0.979 3 * 0.990 0.988 0.979
6.5 0.992 0.992 0.987 3 * 0.995 0.993 0.987
7.0 0.994 0.994 0.991 3 * 0.996 0.995 0.991
7.5 0.997 0.997 0.995 3 * 0.998 0.997 0.995
8.0 0.998 0.998 0.997 3 * 0.999 0.998 0.997
8.5 0.999 0.999 0.998 3 * 0.999 0.999 0.998
9.0 0.999 0.999 0.998 3 * 1.000 0.999 0.998
9.5 0.999 0.999 0.999 3 * 1.000 1.000 0.999
10.0 1.000 1.000 0.999 3 * 1.000 1.000 0.999
0.5 0.021 0.022 0.016 3 * 0.011 0.014 0.016
1.0 0.042 0.042 0.022 3 * 0.024 0.025 0.022
1.5 0.071 0.082 0.039 3 * 0.026 0.070 0.039
2.0 0.116 0.117 0.076 3 * 0.091 0.126 0.076
2.5 0.180 0.222 0.152 3 * 0.019 0.239 0.152
3.0 0.319 0.326 0.256 3 * 0.214 0.440 0.256
3.5 0.635 0.635 0.557 3 * 0.757 0.591 0.557
4.0 0.875 0.875 0.800 3 * 0.928 0.898 0.800
4.5 0.935 0.935 0.906 3 * 0.959 0.941 0.906
5.0 0.959 0.959 0.940 3 * 0.974 0.963 0.940
5.5 0.975 0.975 0.963 3 * 0.985 0.977 0.963
6.0 0.986 0.986 0.978 3 * 0.992 0.988 0.978
6.5 0.991 0.991 0.986 3 * 0.996 0.992 0.986
7.0 0.995 0.995 0.991 3 * 0.997 0.995 0.991
7.5 0.997 0.997 0.995 3 * 0.999 0.998 0.995
8.0 0.998 0.998 0.996 3 * 0.999 0.998 0.996
8.5 0.999 0.999 0.998 3 * 0.999 0.999 0.998
9.0 0.999 0.999 0.998 3 * 1.000 0.999 0.998
9.5 0.999 0.999 0.999 3 * 1.000 1.000 0.999
10.0 1.000 1.000 0.999 3 * 1.000 1.000 0.999
0.5 0.020 0.022 0.015 3 * 0.009 0.014 0.015
1.0 0.034 0.031 0.020 3 * 0.026 0.018 0.020
1.5 0.065 0.064 0.039 3 * 0.048 0.060 0.039
2.0 0.122 0.113 0.064 3 * 0.154 0.121 0.064
2.5 0.304 0.271 0.141 3 * 0.383 0.240 0.141
3.0 0.467 0.467 0.300 3 * 0.654 0.446 0.300
3.5 0.479 0.479 0.498 3 * 0.434 0.504 0.498
4.0 0.875 0.875 0.807 3 * 0.924 0.893 0.807
4.5 0.932 0.932 0.900 3 * 0.957 0.938 0.900
5.0 0.961 0.961 0.942 3 * 0.976 0.966 0.942
5.5 0.977 0.977 0.965 3 * 0.987 0.980 0.965
6.0 0.986 0.986 0.979 3 * 0.992 0.988 0.979
6.5 0.991 0.991 0.986 3 * 0.994 0.991 0.986
7.0 0.994 0.994 0.991 3 * 0.997 0.995 0.991
7.5 0.996 0.996 0.993 3 * 0.998 0.996 0.993
8.0 0.998 0.998 0.996 3 * 0.999 0.998 0.996
8.5 0.999 0.999 0.998 3 * 1.000 0.999 0.998
9.0 0.999 0.999 0.998 3 * 1.000 0.999 0.998
9.5 1.000 1.000 0.999 3 * 1.000 1.000 0.999
10.0 1.000 1.000 1.000 3 * 1.000 1.000 1.000
0.5 0.025 0.028 0.016 3 * 0.004 0.014 0.016
1.0 0.032 0.036 0.021 3 * 0.017 0.027 0.021
1.5 0.066 0.060 0.035 3 * 0.069 0.062 0.035
2.0 0.119 0.131 0.080 3 * 0.066 0.167 0.080
2.5 0.229 0.212 0.145 3 * 0.166 0.256 0.145
3.0 0.468 0.464 0.295 3 * 0.651 0.446 0.295
3.5 0.383 0.487 0.532 3 * 0.140 0.477 0.532
4.0 0.869 0.869 0.786 3 * 0.927 0.894 0.786
4.5 0.932 0.932 0.898 3 * 0.958 0.941 0.898
5.0 0.960 0.960 0.940 3 * 0.975 0.964 0.940
5.5 0.974 0.974 0.961 3 * 0.984 0.976 0.961
6.0 0.985 0.985 0.978 3 * 0.990 0.986 0.978
6.5 0.991 0.991 0.986 3 * 0.995 0.992 0.986
7.0 0.995 0.995 0.991 3 * 0.998 0.995 0.991
7.5 0.997 0.997 0.995 3 * 0.999 0.997 0.995
8.0 0.998 0.998 0.996 3 * 0.999 0.998 0.996
8.5 0.998 0.998 0.997 3 * 0.999 0.999 0.997
9.0 0.999 0.999 0.999 3 * 1.000 0.999 0.999
9.5 1.000 1.000 0.999 3 * 1.000 1.000 0.999
10.0 1.000 1.000 0.999 3 * 1.000 1.000 0.999
0.5 0.028 0.030 0.015 3 * 0.007 0.014 0.015
1.0 0.035 0.033 0.020 3 * 0.028 0.023 0.020
1.5 0.062 0.067 0.036 3 * 0.036 0.065 0.036
2.0 0.113 0.138 0.070 3 * 0.053 0.161 0.070
2.5 0.236 0.220 0.134 3 * 0.153 0.276 0.134
3.0 0.343 0.347 0.307 3 * 0.229 0.487 0.307
3.5 0.747 0.747 0.585 3 * 0.858 0.799 0.585
4.0 0.882 0.882 0.813 3 * 0.932 0.902 0.813
4.5 0.935 0.935 0.902 3 * 0.960 0.942 0.902
5.0 0.964 0.964 0.945 3 * 0.979 0.967 0.945
5.5 0.976 0.976 0.964 3 * 0.986 0.978 0.964
6.0 0.984 0.984 0.976 3 * 0.989 0.985 0.976
6.5 0.992 0.992 0.987 3 * 0.995 0.993 0.987
7.0 0.994 0.994 0.991 3 * 0.997 0.995 0.991
7.5 0.997 0.997 0.994 3 * 0.998 0.997 0.994
8.0 0.997 0.997 0.996 3 * 0.999 0.998 0.996
8.5 0.999 0.999 0.998 3 * 0.999 0.999 0.998
9.0 0.999 0.999 0.999 3 * 0.999 0.999 0.999
9.5 1.000 1.000 0.999 3 * 1.000 1.000 0.999
10.0 0.999 0.999 0.999 3 * 1.000 1.000 0.999
0.5 0.019 0.022 0.015 3 * 0.003 0.013 0.015
1.0 0.032 0.034 0.019 3 * 0.019 0.026 0.019
1.5 0.089 0.074 0.040 3 * 0.096 0.057 0.040
2.0 0.105 0.128 0.067 3 * 0.019 0.117 0.067
2.5 0.253 0.249 0.155 3 * 0.167 0.227 0.155
3.0 0.346 0.359 0.312 3 * 0.207 0.519 0.312
3.5 0.461 0.520 0.583 3 * 0.188 0.612 0.583
4.0 0.874 0.874 0.796 3 * 0.930 0.896 0.796
4.5 0.930 0.930 0.896 3 * 0.956 0.938 0.896
5.0 0.961 0.961 0.943 3 * 0.975 0.965 0.943
5.5 0.977 0.977 0.966 3 * 0.987 0.980 0.966
6.0 0.986 0.986 0.978 3 * 0.992 0.987 0.978
6.5 0.991 0.991 0.985 3 * 0.995 0.992 0.985
7.0 0.994 0.994 0.990 3 * 0.997 0.994 0.990
7.5 0.996 0.996 0.994 3 * 0.998 0.997 0.994
8.0 0.997 0.997 0.996 3 * 0.998 0.998 0.996
8.5 0.998 0.998 0.997 3 * 0.999 0.999 0.997
9.0 0.999 0.999 0.998 3 * 1.000 0.999 0.998
9.5 0.999 0.999 0.999 3 * 1.000 0.999 0.999
10.0 1.000 1.000 1.000 3 * 1.000 1.000 1.000
0.5 0.019 0.019 0.015 3 * 0.012 0.011 0.015
1.0 0.034 0.033 0.020 3 * 0.025 0.020 0.020
1.5 0.060 0.057 0.036 3 * 0.056 0.057 0.036
2.0 0.184 0.167 0.082 3 * 0.254 0.166 0.082
2.5 0.257 0.218 0.144 3 * 0.141 0.361 0.144
3.0 0.394 0.384 0.279 3 * 0.429 0.445 0.279
3.5 0.511 0.542 0.612 3 * 0.238 0.684 0.612
4.0 0.872 0.872 0.794 3 * 0.928 0.895 0.794
4.5 0.931 0.931 0.897 3 * 0.958 0.938 0.897
5.0 0.960 0.960 0.940 3 * 0.975 0.964 0.940
5.5 0.975 0.975 0.963 3 * 0.984 0.977 0.963
6.0 0.984 0.984 0.976 3 * 0.990 0.987 0.976
6.5 0.990 0.990 0.985 3 * 0.994 0.992 0.985
7.0 0.994 0.994 0.991 3 * 0.997 0.995 0.991
7.5 0.997 0.997 0.995 3 * 0.998 0.997 0.995
8.0 0.997 0.997 0.995 3 * 0.998 0.997 0.995
8.5 0.998 0.998 0.998 3 * 0.999 0.999 0.998
9.0 0.999 0.999 0.998 3 * 1.000 0.999 0.998
9.5 1.000 1.000 0.999 3 * 1.000 1.000 0.999
10.0 1.000 1.000 0.999 3 * 1.000 1.000 0.999
0.5 0.032 0.034 0.015 3 * 0.007 0.012 0.015
1.0 0.038 0.036 0.021 3 * 0.029 0.021 0.021
1.5 0.065 0.062 0.037 3 * 0.057 0.056 0.037
2.0 0.136 0.132 0.069 3 * 0.107 0.123 0.069
2.5 0.221 0.220 0.151 3 * 0.102 0.295 0.151
3.0 0.280 0.373 0.331 3 * 0.063 0.445 0.331
3.5 0.565 0.565 0.617 3 * 0.392 0.685 0.617
4.0 0.875 0.875 0.807 3 * 0.924 0.894 0.807
4.5 0.929 0.929 0.892 3 * 0.956 0.938 0.892
5.0 0.962 0.962 0.944 3 * 0.976 0.965 0.944
5.5 0.975 0.975 0.962 3 * 0.986 0.978 0.962
6.0 0.985 0.985 0.976 3 * 0.991 0.987 0.976
6.5 0.991 0.991 0.986 3 * 0.995 0.992 0.986
7.0 0.993 0.993 0.990 3 * 0.995 0.994 0.990
7.5 0.996 0.996 0.994 3 * 0.998 0.997 0.994
8.0 0.998 0.998 0.997 3 * 0.999 0.998 0.997
8.5 0.999 0.999 0.998 3 * 0.999 0.999 0.998
9.0 0.999 0.999 0.998 3 * 1.000 0.999 0.998
9.5 1.000 1.000 0.999 3 * 1.000 1.000 0.999
10.0 1.000 1.000 1.000 3 * 1.000 1.000 1.000
0.5 0.028 0.030 0.015 3 * 0.006 0.015 0.015
1.0 0.040 0.037 0.021 3 * 0.030 0.020 0.021
1.5 0.072 0.067 0.040 3 * 0.099 0.062 0.040
2.0 0.112 0.129 0.063 3 * 0.045 0.124 0.063
2.5 0.252 0.222 0.146 3 * 0.228 0.245 0.146
3.0 0.304 0.344 0.316 3 * 0.108 0.451 0.316
3.5 0.574 0.574 0.579 3 * 0.471 0.673 0.579
4.0 0.874 0.874 0.806 3 * 0.923 0.893 0.806
4.5 0.930 0.930 0.895 3 * 0.955 0.939 0.895
5.0 0.963 0.963 0.945 3 * 0.977 0.967 0.945
5.5 0.975 0.975 0.963 3 * 0.985 0.977 0.963
6.0 0.986 0.986 0.979 3 * 0.992 0.988 0.979
6.5 0.992 0.992 0.987 3 * 0.995 0.993 0.987
7.0 0.994 0.994 0.990 3 * 0.996 0.994 0.990
7.5 0.996 0.996 0.994 3 * 0.998 0.997 0.994
8.0 0.998 0.998 0.997 3 * 0.999 0.998 0.997
8.5 0.999 0.999 0.998 3 * 0.999 0.999 0.998
9.0 0.999 0.999 0.999 3 * 1.000 0.999 0.999
9.5 1.000 1.000 0.999 3 * 1.000 1.000 0.999
10.0 1.000 1.000 1.000 3 * 1.000 1.000 1.000
0.5 0.013 0.015 0.015 3 * 0.005 0.010 0.015
1.0 0.031 0.034 0.022 3 * 0.020 0.030 0.022
1.5 0.086 0.072 0.037 3 * 0.092 0.065 0.037
2.0 0.117 0.123 0.075 3 * 0.073 0.127 0.075
2.5 0.291 0.251 0.147 3 * 0.318 0.287 0.147
3.0 0.374 0.376 0.337 3 * 0.384 0.402 0.337
3.5 0.420 0.503 0.575 3 * 0.094 0.591 0.575
4.0 0.867 0.867 0.787 3 * 0.926 0.889 0.787
4.5 0.933 0.933 0.900 3 * 0.958 0.940 0.900
5.0 0.959 0.959 0.941 3 * 0.974 0.964 0.941
5.5 0.977 0.977 0.965 3 * 0.985 0.979 0.965
6.0 0.984 0.984 0.976 3 * 0.989 0.986 0.976
6.5 0.992 0.992 0.987 3 * 0.995 0.993 0.987
7.0 0.995 0.995 0.992 3 * 0.998 0.996 0.992
7.5 0.996 0.996 0.993 3 * 0.998 0.997 0.993
8.0 0.998 0.998 0.997 3 * 0.999 0.999 0.997
8.5 0.999 0.999 0.998 3 * 0.999 0.999 0.998
9.0 0.999 0.999 0.998 3 * 0.999 0.999 0.998
9.5 0.999 0.999 0.999 3 * 1.000 1.000 0.999
10.0 1.000 1.000 0.999 3 * 1.000 1.000 0.999
0.5 0.017 0.020 0.015 3 * 0.005 0.012 0.015
1.0 0.030 0.036 0.023 3 * 0.014 0.032 0.023
1.5 0.057 0.056 0.034 3 * 0.028 0.044 0.034
2.0 0.120 0.130 0.073 3 * 0.069 0.138 0.073
2.5 0.229 0.229 0.149 3 * 0.096 0.309 0.149
3.0 0.393 0.392 0.283 3 * 0.447 0.445 0.283
3.5 0.433 0.490 0.569 3 * 0.195 0.536 0.569
4.0 0.876 0.876 0.801 3 * 0.928 0.900 0.801
4.5 0.931 0.931 0.897 3 * 0.957 0.939 0.897
5.0 0.963 0.963 0.944 3 * 0.977 0.966 0.944
5.5 0.975 0.975 0.962 3 * 0.984 0.978 0.962
6.0 0.986 0.986 0.978 3 * 0.992 0.987 0.978
6.5 0.991 0.991 0.985 3 * 0.995 0.993 0.985
7.0 0.994 0.994 0.991 3 * 0.996 0.995 0.991
7.5 0.997 0.997 0.995 3 * 0.998 0.997 0.995
8.0 0.998 0.998 0.996 3 * 0.999 0.998 0.996
8.5 0.998 0.998 0.998 3 * 0.999 0.999 0.998
9.0 0.999 0.999 0.998 3 * 1.000 0.999 0.998
9.5 0.999 0.999 0.999 3 * 1.000 0.999 0.999
10.0 1.000 1.000 0.999 3 * 1.000 1.000 0.999
0.5 0.032 0.034 0.014 3 * 0.005 0.012 0.014
1.0 0.043 0.042 0.023 3 * 0.026 0.022 0.023
1.5 0.062 0.060 0.036 3 * 0.034 0.043 0.036
2.0 0.079 0.083 0.061 3 * 0.050 0.079 0.061
2.5 0.221 0.220 0.143 3 * 0.083 0.285 0.143
3.0 0.329 0.346 0.289 3 * 0.229 0.441 0.289
3.5 0.550 0.550 0.587 3 * 0.383 0.680 0.587
4.0 0.638 0.638 0.761 3 * 0.409 0.744 0.761
4.5 0.932 0.932 0.899 3 * 0.956 0.940 0.899
5.0 0.959 0.959 0.941 3 * 0.973 0.963 0.941
5.5 0.976 0.976 0.966 3 * 0.985 0.978 0.966
6.0 0.984 0.984 0.977 3 * 0.990 0.985 0.977
6.5 0.991 0.991 0.986 3 * 0.995 0.992 0.986
7.0 0.994 0.994 0.990 3 * 0.996 0.995 0.990
7.5 0.996 0.996 0.994 3 * 0.998 0.997 0.994
8.0 0.997 0.997 0.995 3 * 0.998 0.998 0.995
8.5 0.998 0.998 0.997 3 * 0.999 0.999 0.997
9.0 0.999 0.999 0.999 3 * 1.000 0.999 0.999
9.5 0.999 0.999 0.999 3 * 1.000 0.999 0.999
10.0 1.000 1.000 1.000 3 * 1.000 1.000 1.000
0.5 0.028 0.027 0.016 3 * 0.016 0.015 0.016
1.0 0.040 0.046 0.022 3 * 0.007 0.028 0.022
1.5 0.065 0.075 0.038 3 * 0.034 0.065 0.038
2.0 0.117 0.122 0.071 3 * 0.069 0.118 0.071
2.5 0.209 0.228 0.155 3 * 0.090 0.257 0.155
3.0 0.311 0.344 0.274 3 * 0.109 0.461 0.274
3.5 0.474 0.506 0.560 3 * 0.237 0.623 0.560
4.0 0.875 0.875 0.803 3 * 0.928 0.893 0.803
4.5 0.932 0.932 0.901 3 * 0.958 0.939 0.901
5.0 0.956 0.956 0.936 3 * 0.971 0.960 0.936
5.5 0.975 0.975 0.963 3 * 0.985 0.977 0.963
6.0 0.987 0.987 0.979 3 * 0.993 0.988 0.979
6.5 0.991 0.991 0.986 3 * 0.995 0.992 0.986
7.0 0.994 0.994 0.990 3 * 0.997 0.995 0.990
7.5 0.997 0.997 0.994 3 * 0.998 0.997 0.994
8.0 0.997 0.997 0.996 3 * 0.998 0.998 0.996
8.5 0.998 0.998 0.997 3 * 0.999 0.998 0.997
9.0 0.999 0.999 0.998 3 * 0.999 0.999 0.998
9.5 1.000 1.000 0.999 3 * 1.000 1.000 0.999
10.0 1.000 1.000 0.999 3 * 1.000 1.000 0.999
0.5 0.028 0.029 0.015 3 * 0.008 0.012 0.015
1.0 0.039 0.036 0.020 3 * 0.029 0.021 0.020
1.5 0.065 0.065 0.037 3 * 0.056 0.062 0.037
2.0 0.138 0.118 0.066 3 * 0.157 0.130 0.066
2.5 0.179 0.224 0.151 3 * 0.015 0.233 0.151
3.0 0.497 0.497 0.309 3 * 0.659 0.523 0.309
3.5 0.596 0.596 0.612 3 * 0.464 0.710 0.612
4.0 0.868 0.868 0.788 3 * 0.923 0.893 0.788
4.5 0.933 0.933 0.899 3 * 0.958 0.941 0.899
5.0 0.959 0.959 0.939 3 * 0.974 0.963 0.939
5.5 0.976 0.976 0.963 3 * 0.986 0.978 0.963
6.0 0.986 0.986 0.978 3 * 0.992 0.987 0.978
6.5 0.991 0.991 0.986 3 * 0.995 0.992 0.986
7.0 0.995 0.995 0.991 3 * 0.997 0.995 0.991
7.5 0.996 0.996 0.993 3 * 0.998 0.997 0.993
8.0 0.998 0.998 0.997 3 * 0.999 0.998 0.997
8.5 0.998 0.998 0.997 3 * 0.999 0.998 0.997
9.0 0.999 0.999 0.999 3 * 1.000 0.999 0.999
9.5 0.999 0.999 0.999 3 * 1.000 0.999 0.999
10.0 1.000 1.000 0.999 3 * 1.000 1.000 0.999
0.5 0.023 0.027 0.015 3 * 0.004 0.015 0.015
1.0 0.034 0.036 0.023 3 * 0.020 0.026 0.023
1.5 0.065 0.061 0.035 3 * 0.047 0.047 0.035
2.0 0.198 0.166 0.071 3 * 0.305 0.122 0.071
2.5 0.232 0.226 0.167 3 * 0.169 0.268 0.167
3.0 0.357 0.340 0.274 3 * 0.328 0.419 0.274
3.5 0.545 0.545 0.581 3 * 0.459 0.594 0.581
4.0 0.879 0.879 0.803 3 * 0.931 0.903 0.803
4.5 0.935 0.935 0.902 3 * 0.960 0.942 0.902
5.0 0.962 0.962 0.944 3 * 0.976 0.967 0.944
5.5 0.979 0.979 0.969 3 * 0.988 0.982 0.969
6.0 0.986 0.986 0.978 3 * 0.992 0.987 0.978
6.5 0.991 0.991 0.986 3 * 0.994 0.992 0.986
7.0 0.994 0.994 0.990 3 * 0.997 0.995 0.990
7.5 0.996 0.996 0.994 3 * 0.998 0.997 0.994
8.0 0.998 0.998 0.996 3 * 0.999 0.998 0.996
8.5 0.999 0.999 0.998 3 * 1.000 0.999 0.998
9.0 0.999 0.999 0.998 3 * 0.999 0.999 0.998
9.5 0.999 0.999 0.999 3 * 1.000 0.999 0.999
10.0 1.000 1.000 0.999 3 * 1.000 1.000 0.999
0.5 0.015 0.017 0.014 3 * 0.010 0.014 0.014
1.0 0.048 0.039 0.020 3 * 0.052 0.025 0.020
1.5 0.067 0.071 0.036 3 * 0.033 0.054 0.036
2.0 0.111 0.124 0.063 3 * 0.046 0.104 0.063
2.5 0.212 0.207 0.145 3 * 0.088 0.280 0.145
3.0 0.415 0.411 0.287 3 * 0.437 0.510 0.287
3.5 0.537 0.537 0.569 3 * 0.384 0.659 0.569
4.0 0.874 0.874 0.799 3 * 0.929 0.896 0.799
4.5 0.931 0.931 0.897 3 * 0.958 0.939 0.897
5.0 0.962 0.962 0.944 3 * 0.976 0.966 0.944
5.5 0.975 0.975 0.963 3 * 0.985 0.977 0.963
6.0 0.985 0.985 0.977 3 * 0.992 0.986 0.977
6.5 0.991 0.991 0.986 3 * 0.995 0.993 0.986
7.0 0.995 0.995 0.992 3 * 0.997 0.996 0.992
7.5 0.996 0.996 0.994 3 * 0.998 0.997 0.994
8.0 0.998 0.998 0.996 3 * 0.999 0.998 0.996
8.5 0.999 0.999 0.998 3 * 0.999 0.999 0.998
9.0 0.999 0.999 0.998 3 * 1.000 0.999 0.998
9.5 0.999 0.999 0.998 3 * 0.999 0.999 0.998
10.0 1.000 1.000 0.999 3 * 1.000 1.000 0.999
0.5 0.018 0.020 0.014 3 * 0.006 0.012 0.014
1.0 0.039 0.038 0.019 3 * 0.023 0.020 0.019
1.5 0.099 0.081 0.036 3 * 0.100 0.059 0.036
2.0 0.096 0.093 0.062 3 * 0.082 0.114 0.062
2.5 0.247 0.225 0.147 3 * 0.169 0.295 0.147
3.0 0.476 0.476 0.316 3 * 0.657 0.455 0.316
3.5 0.425 0.442 0.512 3 * 0.228 0.535 0.512
4.0 0.875 0.875 0.805 3 * 0.926 0.893 0.805
4.5 0.934 0.934 0.899 3 * 0.961 0.942 0.899
5.0 0.960 0.960 0.940 3 * 0.976 0.963 0.940
5.5 0.976 0.976 0.963 3 * 0.987 0.979 0.963
6.0 0.986 0.986 0.980 3 * 0.992 0.987 0.980
6.5 0.990 0.990 0.985 3 * 0.994 0.991 0.985
7.0 0.995 0.995 0.992 3 * 0.997 0.995 0.992
7.5 0.995 0.995 0.993 3 * 0.997 0.996 0.993
8.0 0.998 0.998 0.997 3 * 0.999 0.998 0.997
8.5 0.998 0.998 0.997 3 * 0.999 0.998 0.997
9.0 0.999 0.999 0.998 3 * 1.000 0.999 0.998
9.5 0.999 0.999 0.999 3 * 0.999 0.999 0.999
10.0 1.000 1.000 1.000 3 * 1.000 1.000 1.000
0.5 0.028 0.025 0.015 3 * 0.021 0.012 0.015
1.0 0.022 0.026 0.018 3 * 0.009 0.022 0.018
1.5 0.061 0.069 0.035 3 * 0.028 0.061 0.035
2.0 0.164 0.135 0.072 3 * 0.212 0.122 0.072
2.5 0.329 0.301 0.163 3 * 0.374 0.365 0.163
3.0 0.331 0.311 0.265 3 * 0.259 0.408 0.265
3.5 0.558 0.558 0.595 3 * 0.396 0.682 0.595
4.0 0.881 0.881 0.806 3 * 0.933 0.904 0.806
4.5 0.935 0.935 0.901 3 * 0.961 0.942 0.901
5.0 0.960 0.960 0.939 3 * 0.976 0.966 0.939
5.5 0.976 0.976 0.964 3 * 0.987 0.977 0.964
6.0 0.986 0.986 0.978 3 * 0.992 0.988 0.978
6.5 0.991 0.991 0.986 3 * 0.995 0.992 0.986
7.0 0.995 0.995 0.992 3 * 0.997 0.995 0.992
7.5 0.996 0.996 0.994 3 * 0.998 0.997 0.994
8.0 0.997 0.997 0.996 3 * 0.998 0.998 0.996
8.5 0.998 0.998 0.997 3 * 0.999 0.999 0.997
9.0 0.999 0.999 0.998 3 * 0.999 0.999 0.998
9.5 0.999 0.999 0.999 3 * 1.000 0.999 0.999
10.0 1.000 1.000 1.000 3 * 1.000 1.000 1.000
0.5 0.024 0.025 0.015 3 * 0.008 0.013 0.015
1.0 0.030 0.034 0.021 3 * 0.019 0.029 0.021
1.5 0.068 0.076 0.038 3 * 0.030 0.058 0.038
2.0 0.116 0.122 0.068 3 * 0.090 0.135 0.068
2.5 0.306 0.267 0.160 3 * 0.328 0.313 0.160
3.0 0.328 0.326 0.283 3 * 0.228 0.446 0.283
3.5 0.737 0.737 0.577 3 * 0.843 0.790 0.577
4.0 0.872 0.872 0.798 3 * 0.927 0.893 0.798
4.5 0.933 0.933 0.902 3 * 0.957 0.941 0.902
5.0 0.961 0.961 0.942 3 * 0.977 0.964 0.942
5.5 0.976 0.976 0.965 3 * 0.985 0.978 0.965
6.0 0.986 0.986 0.979 3 * 0.991 0.988 0.979
6.5 0.991 0.991 0.985 3 * 0.995 0.992 0.985
7.0 0.994 0.994 0.991 3 * 0.997 0.995 0.991
7.5 0.996 0.996 0.993 3 * 0.998 0.997 0.993
8.0 0.998 0.998 0.996 3 * 0.999 0.998 0.996
8.5 0.998 0.998 0.997 3 * 1.000 0.999 0.997
9.0 0.999 0.999 0.999 3 * 1.000 0.999 0.999
9.5 0.999 0.999 0.999 3 * 1.000 0.999 0.999
10.0 1.000 1.000 1.000 3 * 1.000 1.000 1.000
0.5 0.024 0.026 0.015 3 * 0.008 0.015 0.015
1.0 0.048 0.042 0.024 3 * 0.045 0.028 0.024
1.5 0.053 0.060 0.037 3 * 0.024 0.059 0.037
2.0 0.192 0.150 0.078 3 * 0.202 0.134 0.078
2.5 0.228 0.241 0.155 3 * 0.114 0.300 0.155
3.0 0.434 0.416 0.262 3 * 0.598 0.389 0.262
3.5 0.425 0.480 0.558 3 * 0.094 0.622 0.558
4.0 0.876 0.876 0.799 3 * 0.930 0.898 0.799
4.5 0.931 0.931 0.897 3 * 0.957 0.938 0.897
5.0 0.959 0.959 0.939 3 * 0.976 0.963 0.939
5.5 0.975 0.975 0.964 3 * 0.983 0.978 0.964
6.0 0.985 0.985 0.976 3 * 0.992 0.986 0.976
6.5 0.991 0.991 0.986 3 * 0.996 0.992 0.986
7.0 0.994 0.994 0.991 3 * 0.997 0.995 0.991
7.5 0.997 0.997 0.995 3 * 0.998 0.998 0.995
8.0 0.998 0.998 0.996 3 * 0.999 0.998 0.996
8.5 0.998 0.998 0.997 3 * 0.999 0.999 0.997
9.0 0.999 0.999 0.998 3 * 0.999 0.999 0.998
9.5 1.000 1.000 0.999 3 * 1.000 1.000 0.999
10.0 0.999 0.999 0.999 3 * 1.000 0.999 0.999
0.5 0.023 0.025 0.016 3 * 0.006 0.011 0.016
1.0 0.031 0.035 0.019 3 * 0.013 0.024 0.019
1.5 0.073 0.069 0.036 3 * 0.064 0.060 0.036
2.0 0.132 0.143 0.068 3 * 0.036 0.118 0.068
2.5 0.196 0.214 0.143 3 * 0.040 0.255 0.143
3.0 0.245 0.318 0.290 3 * 0.072 0.284 0.290
3.5 0.390 0.437 0.552 3 * 0.093 0.526 0.552
4.0 0.875 0.875 0.801 3 * 0.930 0.893 0.801
4.5 0.937 0.937 0.907 3 * 0.961 0.943 0.907
5.0 0.961 0.961 0.942 3 * 0.976 0.964 0.942
5.5 0.974 0.974 0.962 3 * 0.984 0.977 0.962
6.0 0.984 0.984 0.976 3 * 0.991 0.987 0.976
6.5 0.991 0.991 0.986 3 * 0.994 0.991 0.986
7.0 0.995 0.995 0.992 3 * 0.997 0.995 0.992
7.5 0.996 0.996 0.994 3 * 0.998 0.997 0.994
8.0 0.998 0.998 0.996 3 * 0.999 0.998 0.996
8.5 0.999 0.999 0.998 3 * 0.999 0.999 0.998
9.0 0.999 0.999 0.998 3 * 0.999 0.999 0.998
9.5 1.000 1.000 0.999 3 * 1.000 1.000 0.999
10.0 1.000 1.000 0.999 3 * 1.000 1.000 0.999
0.5 0.027 0.031 0.015 3 * 0.004 0.014 0.015
1.0 0.032 0.033 0.021 3 * 0.021 0.025 0.021
1.5 0.081 0.070 0.038 3 * 0.086 0.066 0.038
2.0 0.117 0.131 0.063 3 * 0.037 0.121 0.063
2.5 0.304 0.254 0.138 3 * 0.335 0.290 0.138
3.0 0.334 0.345 0.281 3 * 0.226 0.458 0.281
3.5 0.395 0.452 0.549 3 * 0.056 0.581 0.549
4.0 0.878 0.878 0.811 3 * 0.928 0.897 0.811
4.5 0.932 0.932 0.894 3 * 0.959 0.941 0.894
5.0 0.960 0.960 0.940 3 * 0.975 0.963 0.940
5.5 0.974 0.974 0.963 3 * 0.984 0.976 0.963
6.0 0.984 0.984 0.976 3 * 0.990 0.985 0.976
6.5 0.991 0.991 0.986 3 * 0.995 0.992 0.986
7.0 0.995 0.995 0.992 3 * 0.998 0.996 0.992
7.5 0.996 0.996 0.994 3 * 0.998 0.996 0.994
8.0 0.998 0.998 0.996 3 * 0.999 0.998 0.996
8.5 0.998 0.998 0.997 3 * 0.999 0.999 0.997
9.0 0.999 0.999 0.998 3 * 0.999 0.999 0.998
9.5 0.999 0.999 0.999 3 * 1.000 0.999 0.999
10.0 1.000 1.000 0.999 3 * 1.000 1.000 0.999
