0.5 0.000 0.000 0.000 1 * 1
1.0 0.000 0.000 0.000 1 * 1
1.5 0.540 0.243 0.046 1 * 3
2.0 0.370 0.222 0.073 1 * 5
2.5 0.489 0.374 0.145 2 * 5 7
3.0 0.799 0.615 0.247 2 * 3 9
3.5 0.579 0.491 0.317 2 * 7 12
4.0 0.522 0.511 0.577 2 * 14 19
4.5 0.772 0.668 0.834 2 * 7 25
5.0 0.960 0.960 0.941 3 * 3 9 27
5.5 0.975 0.975 0.961 3 * 3 9 27
6.0 0.984 0.984 0.975 3 * 3 9 27
6.5 0.991 0.991 0.987 3 * 3 9 27
7.0 0.995 0.995 0.991 3 * 3 9 27
7.5 0.996 0.996 0.993 3 * 3 9 27
8.0 0.998 0.998 0.996 3 * 3 9 27
8.5 0.999 0.999 0.998 3 * 3 9 27
9.0 0.999 0.999 0.998 3 * 3 9 27
9.5 0.763 0.907 0.999 4 * 3 5 9 27
10.0 1.000 1.000 0.999 3 * 3 9 27
0.5 0.000 0.000 0.000 1 * 1
1.0 0.000 0.000 0.000 1 * 1
1.5 0.541 0.242 0.045 1 * 3
2.0 0.714 0.319 0.059 1 * 3
2.5 0.493 0.379 0.151 2 * 5 7
3.0 0.803 0.616 0.241 2 * 3 9
3.5 0.696 0.567 0.309 2 * 7 11
4.0 0.539 0.403 0.539 1 * 18
4.5 0.842 0.678 0.863 2 * 8 26
5.0 0.962 0.962 0.942 3 * 3 9 27
5.5 0.975 0.975 0.963 3 * 3 9 27
6.0 0.986 0.986 0.978 3 * 3 9 27
6.5 0.991 0.991 0.987 3 * 3 9 27
7.0 0.994 0.994 0.990 3 * 3 9 27
7.5 0.996 0.996 0.994 3 * 3 9 27
8.0 0.937 0.715 0.996 2 * 12 27
8.5 0.998 0.998 0.997 3 * 3 9 27
9.0 0.999 0.999 0.998 3 * 3 9 27
9.5 0.999 0.999 0.999 3 * 3 9 27
10.0 1.000 1.000 1.000 3 * 3 9 27
0.5 0.000 0.000 0.000 1 * 1
1.0 0.000 0.000 0.000 1 * 1
1.5 0.537 0.242 0.047 1 * 3
2.0 0.399 0.260 0.062 2 * 2 4
2.5 0.499 0.382 0.147 2 * 5 7
3.0 0.804 0.617 0.243 2 * 3 9
3.5 0.615 0.516 0.318 2 * 9 12
4.0 0.612 0.416 0.612 1 * 20
4.5 0.844 0.679 0.864 2 * 8 26
5.0 0.634 0.751 0.941 4 * 5 11 13 27
5.5 0.976 0.976 0.964 3 * 3 9 27
6.0 0.986 0.986 0.977 3 * 3 9 27
6.5 0.992 0.992 0.987 3 * 3 9 27
7.0 0.994 0.994 0.990 3 * 3 9 27
7.5 0.996 0.996 0.994 3 * 3 9 27
8.0 0.998 0.998 0.997 3 * 3 9 27
8.5 0.998 0.998 0.997 3 * 3 9 27
9.0 0.763 0.907 0.999 4 * 3 5 9 27
9.5 0.999 0.999 0.999 3 * 3 9 27
10.0 1.000 1.000 0.999 3 * 3 9 27
0.5 0.000 0.000 0.000 1 * 1
1.0 0.000 0.000 0.000 1 * 1
1.5 0.553 0.249 0.048 1 * 3
2.0 0.724 0.324 0.060 1 * 3
2.5 0.447 0.291 0.149 1 * 7
3.0 0.505 0.580 0.237 3 * 2 4 10
3.5 0.547 0.477 0.355 2 * 11 13
4.0 0.580 0.419 0.580 1 * 19
4.5 0.725 0.725 0.868 3 * 2 8 26
5.0 0.960 0.960 0.940 3 * 3 9 27
5.5 0.975 0.975 0.962 3 * 3 9 27
6.0 0.986 0.986 0.977 3 * 3 9 27
6.5 0.991 0.991 0.987 3 * 3 9 27
7.0 0.994 0.994 0.991 3 * 3 9 27
7.5 0.758 0.803 0.994 4 * 4 9 11 27
8.0 0.691 0.833 0.997 4 * 7 9 12 27
8.5 0.998 0.998 0.997 3 * 3 9 27
9.0 0.999 0.999 0.998 3 * 3 9 27
9.5 0.999 0.999 0.999 3 * 3 9 27
10.0 0.999 0.999 0.999 3 * 3 9 27
0.5 0.000 0.000 0.000 1 * 1
1.0 0.000 0.000 0.000 1 * 1
1.5 0.516 0.231 0.043 1 * 3
2.0 0.281 0.261 0.061 2 * 2 4
2.5 0.498 0.381 0.148 2 * 5 7
3.0 0.422 0.447 0.236 3 * 2 8 10
3.5 0.403 0.520 0.335 4 * 2 7 9 12
4.0 0.541 0.409 0.541 1 * 18
4.5 0.845 0.681 0.867 2 * 8 26
5.0 0.962 0.962 0.942 3 * 3 9 27
5.5 0.977 0.977 0.964 3 * 3 9 27
6.0 0.985 0.985 0.978 3 * 3 9 27
6.5 0.992 0.992 0.987 3 * 3 9 27
7.0 0.870 0.862 0.992 3 * 6 9 27
7.5 0.996 0.996 0.994 3 * 3 9 27
8.0 0.998 0.998 0.997 3 * 3 9 27
8.5 0.999 0.999 0.998 3 * 3 9 27
9.0 0.999 0.999 0.999 3 * 3 9 27
9.5 0.939 0.717 0.999 2 * 12 27
10.0 1.000 1.000 0.999 3 * 3 9 27
0.5 0.000 0.000 0.000 1 * 1
1.0 0.000 0.000 0.000 1 * 1
1.5 0.538 0.241 0.046 1 * 3
2.0 0.731 0.326 0.060 1 * 3
2.5 0.552 0.409 0.122 2 * 3 6
3.0 0.801 0.616 0.245 2 * 3 9
3.5 0.403 0.521 0.334 4 * 2 7 9 12
4.0 0.576 0.400 0.576 1 * 19
4.5 0.846 0.682 0.865 2 * 8 26
5.0 0.958 0.958 0.939 3 * 3 9 27
5.5 0.974 0.974 0.962 3 * 3 9 27
6.0 0.985 0.985 0.977 3 * 3 9 27
6.5 0.991 0.991 0.985 3 * 3 9 27
7.0 0.994 0.994 0.991 3 * 3 9 27
7.5 0.996 0.996 0.994 3 * 3 9 27
8.0 0.997 0.997 0.995 3 * 3 9 27
8.5 0.906 0.906 0.998 3 * 5 9 27
9.0 0.999 0.999 0.998 3 * 3 9 27
9.5 1.000 1.000 0.999 3 * 3 9 27
10.0 1.000 1.000 0.999 3 * 3 9 27
0.5 0.000 0.000 0.000 1 * 1
1.0 0.004 0.003 0.002 1 * 2
1.5 0.552 0.249 0.048 1 * 3
2.0 0.716 0.319 0.059 1 * 3
2.5 0.475 0.361 0.135 2 * 5 7
3.0 0.506 0.579 0.238 3 * 2 4 10
3.5 0.482 0.521 0.336 3 * 7 9 12
4.0 0.567 0.398 0.567 1 * 19
4.5 0.930 0.930 0.898 3 * 3 9 27
5.0 0.959 0.959 0.938 3 * 3 9 27
5.5 0.976 0.976 0.964 3 * 3 9 27
6.0 0.820 0.820 0.978 3 * 2 9 27
6.5 0.686 0.788 0.986 4 * 5 10 12 27
7.0 0.994 0.994 0.991 3 * 3 9 27
7.5 0.997 0.997 0.994 3 * 3 9 27
8.0 0.905 0.905 0.996 3 * 5 9 27
8.5 0.999 0.999 0.997 3 * 3 9 27
9.0 0.999 0.999 0.999 3 * 3 9 27
9.5 0.999 0.999 0.999 3 * 3 9 27
10.0 1.000 1.000 0.999 3 * 3 9 27
0.5 0.000 0.000 0.000 1 * 1
1.0 0.000 0.000 0.000 1 * 1
1.5 0.563 0.253 0.048 1 * 3
2.0 0.530 0.261 0.065 1 * 4
2.5 0.494 0.379 0.150 2 * 5 7
3.0 0.495 0.568 0.235 3 * 2 4 10
3.5 0.541 0.474 0.360 2 * 11 13
4.0 0.550 0.405 0.550 1 * 18
4.5 0.726 0.726 0.870 3 * 2 8 26
5.0 0.962 0.962 0.944 3 * 3 9 27
5.5 0.976 0.976 0.963 3 * 3 9 27
6.0 0.987 0.987 0.979 3 * 3 9 27
6.5 0.991 0.991 0.985 3 * 3 9 27
7.0 0.994 0.994 0.991 3 * 3 9 27
7.5 0.996 0.996 0.994 3 * 3 9 27
8.0 0.998 0.998 0.997 3 * 3 9 27
8.5 0.999 0.999 0.998 3 * 3 9 27
9.0 0.998 0.998 0.998 3 * 3 9 27
9.5 1.000 1.000 1.000 3 * 3 9 27
10.0 1.000 1.000 0.999 3 * 3 9 27
0.5 0.000 0.000 0.000 1 * 1
1.0 0.000 0.000 0.000 1 * 1
1.5 0.529 0.239 0.047 1 * 3
2.0 0.538 0.263 0.062 1 * 4
2.5 0.477 0.367 0.147 2 * 5 7
3.0 0.551 0.528 0.251 3 * 4 6 10
3.5 0.600 0.479 0.311 2 * 10 12
4.0 0.550 0.415 0.550 1 * 18
4.5 0.516 0.758 0.905 5 * 2 5 10 13 27
5.0 0.960 0.960 0.940 3 * 3 9 27
5.5 0.976 0.976 0.964 3 * 3 9 27
6.0 0.985 0.985 0.977 3 * 3 9 27
6.5 0.990 0.990 0.984 3 * 3 9 27
7.0 0.994 0.994 0.990 3 * 3 9 27
7.5 0.996 0.996 0.994 3 * 3 9 27
8.0 0.998 0.998 0.996 3 * 3 9 27
8.5 0.999 0.999 0.997 3 * 3 9 27
9.0 0.999 0.999 0.998 3 * 3 9 27
9.5 1.000 1.000 0.999 3 * 3 9 27
10.0 1.000 1.000 0.999 3 * 3 9 27
0.5 0.000 0.000 0.000 1 * 1
1.0 0.000 0.000 0.000 1 * 1
1.5 0.552 0.249 0.047 1 * 3
2.0 0.707 0.315 0.059 1 * 3
2.5 0.402 0.316 0.145 2 * 2 7
3.0 0.591 0.474 0.241 2 * 2 9
3.5 0.478 0.518 0.338 3 * 7 9 12
4.0 0.522 0.512 0.577 2 * 2 19
4.5 0.936 0.936 0.906 3 * 3 9 27
5.0 0.959 0.959 0.939 3 * 3 9 27
5.5 0.976 0.976 0.965 3 * 3 9 27
6.0 0.985 0.985 0.976 3 * 3 9 27
6.5 0.757 0.899 0.986 4 * 3 5 9 27
7.0 0.995 0.995 0.992 3 * 3 9 27
7.5 0.996 0.996 0.994 3 * 3 9 27
8.0 0.998 0.998 0.996 3 * 3 9 27
8.5 0.999 0.999 0.998 3 * 3 9 27
9.0 0.763 0.907 0.998 4 * 3 5 9 27
9.5 0.861 0.806 0.999 3 * 9 11 27
10.0 0.875 0.866 0.999 3 * 6 9 27
0.5 0.000 0.000 0.000 1 * 1
1.0 0.079 0.038 0.011 1 * 2
1.5 0.571 0.257 0.049 1 * 3
2.0 0.714 0.318 0.058 1 * 3
2.5 0.414 0.325 0.148 2 * 2 7
3.0 0.507 0.582 0.240 3 * 2 4 10
3.5 0.594 0.485 0.340 2 * 10 12
4.0 0.614 0.406 0.614 1 * 20
4.5 0.771 0.667 0.832 2 * 7 25
5.0 0.958 0.958 0.938 3 * 3 9 27
5.5 0.977 0.977 0.965 3 * 3 9 27
6.0 0.987 0.987 0.979 3 * 3 9 27
6.5 0.992 0.992 0.987 3 * 3 9 27
7.0 0.994 0.994 0.990 3 * 3 9 27
7.5 0.996 0.996 0.994 3 * 3 9 27
8.0 0.998 0.998 0.997 3 * 3 9 27
8.5 0.999 0.999 0.998 3 * 3 9 27
9.0 0.692 0.834 0.998 4 * 7 9 12 27
9.5 0.999 0.999 0.999 3 * 3 9 27
10.0 1.000 1.000 0.999 3 * 3 9 27
0.5 0.000 0.000 0.000 1 * 1
1.0 0.000 0.000 0.000 1 * 1
1.5 0.561 0.253 0.048 1 * 3
2.0 0.399 0.266 0.066 2 * 2 4
2.5 0.530 0.409 0.168 2 * 5 8
3.0 0.800 0.615 0.246 2 * 3 9
3.5 0.562 0.471 0.347 2 * 11 13
4.0 0.551 0.414 0.551 1 * 18
4.5 0.890 0.710 0.827 2 * 3 25
5.0 0.962 0.962 0.944 3 * 3 9 27
5.5 0.977 0.977 0.964 3 * 3 9 27
6.0 0.985 0.985 0.977 3 * 3 9 27
6.5 0.899 0.899 0.987 3 * 5 9 27
7.0 0.995 0.995 0.991 3 * 3 9 27
7.5 0.997 0.997 0.995 3 * 3 9 27
8.0 0.998 0.998 0.996 3 * 3 9 27
8.5 0.998 0.998 0.997 3 * 3 9 27
9.0 0.906 0.906 0.998 3 * 5 9 27
9.5 1.000 1.000 0.999 3 * 3 9 27
10.0 1.000 1.000 0.999 3 * 3 9 27
0.5 0.000 0.000 0.000 1 * 1
1.0 0.000 0.000 0.000 1 * 1
1.5 0.533 0.239 0.046 1 * 3
2.0 0.718 0.322 0.060 1 * 3
2.5 0.628 0.476 0.173 2 * 3 8
3.0 0.636 0.505 0.242 2 * 6 9
3.5 0.666 0.551 0.322 2 * 8 12
4.0 0.737 0.659 0.544 2 * 3 18
4.5 0.713 0.845 0.899 4 * 3 5 9 27
5.0 0.964 0.964 0.946 3 * 3 9 27
5.5 0.976 0.976 0.965 3 * 3 9 27
6.0 0.985 0.985 0.977 3 * 3 9 27
6.5 0.907 0.819 0.986 3 * 7 9 27
7.0 0.994 0.994 0.990 3 * 3 9 27
7.5 0.996 0.996 0.994 3 * 3 9 27
8.0 0.998 0.998 0.997 3 * 3 9 27
8.5 0.999 0.999 0.997 3 * 3 9 27
9.0 0.999 0.999 0.999 3 * 3 9 27
9.5 0.999 0.999 0.999 3 * 3 9 27
10.0 1.000 1.000 0.999 3 * 3 9 27
0.5 0.000 0.000 0.000 1 * 1
1.0 0.000 0.000 0.000 1 * 1
1.5 0.555 0.248 0.047 1 * 3
2.0 0.414 0.251 0.056 2 * 2 4
2.5 0.394 0.393 0.141 3 * 2 4 7
3.0 0.652 0.516 0.245 2 * 6 10
3.5 0.547 0.475 0.354 2 * 11 13
4.0 0.546 0.416 0.546 1 * 18
4.5 0.844 0.680 0.864 2 * 8 26
5.0 0.958 0.958 0.938 3 * 3 9 27
5.5 0.976 0.976 0.964 3 * 3 9 27
6.0 0.984 0.984 0.976 3 * 3 9 27
6.5 0.991 0.991 0.986 3 * 3 9 27
7.0 0.994 0.994 0.990 3 * 3 9 27
7.5 0.997 0.997 0.994 3 * 3 9 27
8.0 0.998 0.998 0.996 3 * 3 9 27
8.5 0.999 0.999 0.998 3 * 3 9 27
9.0 0.999 0.999 0.998 3 * 3 9 27
9.5 1.000 1.000 0.999 3 * 3 9 27
10.0 0.764 0.907 1.000 4 * 3 5 9 27
0.5 0.000 0.000 0.000 1 * 1
1.0 0.000 0.000 0.000 1 * 1
1.5 0.528 0.238 0.045 1 * 3
2.0 0.494 0.254 0.066 1 * 4
2.5 0.485 0.372 0.146 2 * 5 7
3.0 0.802 0.616 0.244 2 * 3 9
3.5 0.509 0.484 0.362 3 * 2 11 13
4.0 0.571 0.401 0.571 1 * 19
4.5 0.767 0.664 0.827 2 * 7 25
5.0 0.876 0.792 0.940 3 * 7 9 27
5.5 0.976 0.976 0.965 3 * 3 9 27
6.0 0.860 0.852 0.976 3 * 6 9 27
6.5 0.991 0.991 0.985 3 * 3 9 27
7.0 0.994 0.994 0.991 3 * 3 9 27
7.5 0.996 0.996 0.993 3 * 3 9 27
8.0 0.873 0.865 0.996 3 * 6 9 27
8.5 0.999 0.999 0.998 3 * 3 9 27
9.0 0.999 0.999 0.998 3 * 3 9 27
9.5 1.000 1.000 0.999 3 * 3 9 27
10.0 0.999 0.999 0.999 3 * 3 9 27
0.5 0.000 0.000 0.000 1 * 1
1.0 0.000 0.000 0.000 1 * 1
1.5 0.531 0.239 0.045 1 * 3
2.0 0.535 0.258 0.060 1 * 4
2.5 0.410 0.419 0.152 3 * 2 4 7
3.0 0.796 0.611 0.242 2 * 3 9
3.5 0.612 0.520 0.335 2 * 9 12
4.0 0.737 0.651 0.550 2 * 3 18
4.5 0.812 0.808 0.903 3 * 6 9 27
5.0 0.892 0.714 0.940 2 * 8 27
5.5 0.978 0.978 0.966 3 * 3 9 27
6.0 0.986 0.986 0.978 3 * 3 9 27
6.5 0.907 0.819 0.985 3 * 7 9 27
7.0 0.995 0.995 0.992 3 * 3 9 27
7.5 0.997 0.997 0.994 3 * 3 9 27
8.0 0.998 0.998 0.997 3 * 3 9 27
8.5 0.998 0.998 0.997 3 * 3 9 27
9.0 0.999 0.999 0.998 3 * 3 9 27
9.5 0.999 0.999 0.999 3 * 3 9 27
10.0 0.916 0.827 0.999 3 * 7 9 27
0.5 0.000 0.000 0.000 1 * 1
1.0 0.000 0.000 0.000 1 * 1
1.5 0.548 0.246 0.047 1 * 3
2.0 0.532 0.253 0.058 1 * 4
2.5 0.417 0.275 0.143 1 * 7
3.0 0.549 0.525 0.242 3 * 4 6 10
3.5 0.544 0.543 0.302 3 * 6 8 12
4.0 0.639 0.409 0.639 1 * 21
4.5 0.845 0.680 0.865 2 * 8 26
5.0 0.644 0.771 0.939 4 * 3 9 11 27
5.5 0.972 0.972 0.959 3 * 3 9 27
6.0 0.905 0.696 0.980 2 * 13 27
6.5 0.991 0.991 0.986 3 * 3 9 27
7.0 0.995 0.995 0.991 3 * 3 9 27
7.5 0.997 0.997 0.995 3 * 3 9 27
8.0 0.997 0.997 0.996 3 * 3 9 27
8.5 0.999 0.999 0.998 3 * 3 9 27
9.0 0.999 0.999 0.998 3 * 3 9 27
9.5 0.999 0.999 0.999 3 * 3 9 27
10.0 1.000 1.000 0.999 3 * 3 9 27
0.5 0.000 0.000 0.000 1 * 1
1.0 0.000 0.000 0.000 1 * 1
1.5 0.545 0.245 0.046 1 * 3
2.0 0.708 0.317 0.060 1 * 3
2.5 0.470 0.359 0.136 2 * 5 7
3.0 0.810 0.622 0.244 2 * 3 9
3.5 0.559 0.484 0.361 2 * 11 13
4.0 0.578 0.403 0.578 1 * 19
4.5 0.770 0.666 0.832 2 * 7 25
5.0 0.958 0.958 0.939 3 * 3 9 27
5.5 0.976 0.976 0.963 3 * 3 9 27
6.0 0.986 0.986 0.978 3 * 3 9 27
6.5 0.990 0.990 0.986 3 * 3 9 27
7.0 0.995 0.995 0.991 3 * 3 9 27
7.5 0.997 0.997 0.995 3 * 3 9 27
8.0 0.998 0.998 0.996 3 * 3 9 27
8.5 0.999 0.999 0.997 3 * 3 9 27
9.0 0.691 0.833 0.998 4 * 7 9 12 27
9.5 0.764 0.907 0.999 4 * 3 5 9 27
10.0 1.000 1.000 0.999 3 * 3 9 27
0.5 0.000 0.000 0.000 1 * 1
1.0 0.000 0.000 0.000 1 * 1
1.5 0.551 0.246 0.046 1 * 3
2.0 0.717 0.321 0.059 1 * 3
2.5 0.401 0.316 0.144 2 * 2 7
3.0 0.820 0.630 0.249 2 * 3 9
3.5 0.526 0.466 0.373 2 * 12 14
4.0 0.542 0.432 0.540 1 * 18
4.5 0.844 0.679 0.864 2 * 8 26
5.0 0.962 0.962 0.942 3 * 3 9 27
5.5 0.976 0.976 0.964 3 * 3 9 27
6.0 0.800 0.820 0.979 4 * 2 7 9 27
6.5 0.990 0.990 0.984 3 * 3 9 27
7.0 0.856 0.801 0.989 3 * 9 11 27
7.5 0.997 0.997 0.995 3 * 3 9 27
8.0 0.998 0.998 0.996 3 * 3 9 27
8.5 0.998 0.998 0.997 3 * 3 9 27
9.0 0.999 0.999 0.998 3 * 3 9 27
9.5 0.999 0.999 0.999 3 * 3 9 27
10.0 1.000 1.000 0.999 3 * 3 9 27
0.5 0.000 0.000 0.000 1 * 1
1.0 0.138 0.064 0.014 1 * 2
1.5 0.540 0.243 0.047 1 * 3
2.0 0.536 0.267 0.066 1 * 4
2.5 0.407 0.319 0.142 2 * 2 7
3.0 0.804 0.617 0.242 2 * 3 9
3.5 0.489 0.474 0.303 3 * 6 10 12
4.0 0.579 0.405 0.579 1 * 19
4.5 0.843 0.679 0.864 2 * 8 26
5.0 0.958 0.958 0.937 3 * 3 9 27
5.5 0.976 0.976 0.965 3 * 3 9 27
6.0 0.986 0.986 0.978 3 * 3 9 27
6.5 0.907 0.818 0.985 3 * 7 9 27
7.0 0.994 0.994 0.991 3 * 3 9 27
7.5 0.997 0.997 0.994 3 * 3 9 27
8.0 0.998 0.998 0.996 3 * 3 9 27
8.5 0.999 0.999 0.998 3 * 3 9 27
9.0 0.999 0.999 0.999 3 * 3 9 27
9.5 0.999 0.999 0.999 3 * 3 9 27
10.0 1.000 1.000 0.999 3 * 3 9 27
0.5 0.000 0.000 0.000 1 * 1
1.0 0.000 0.000 0.000 1 * 1
1.5 0.525 0.237 0.047 1 * 3
2.0 0.400 0.258 0.060 2 * 2 4
2.5 0.409 0.321 0.144 2 * 2 7
3.0 0.794 0.609 0.239 2 * 3 9
3.5 0.620 0.525 0.334 2 * 9 12
4.0 0.568 0.413 0.568 1 * 19
4.5 0.657 0.556 0.832 2 * 2 25
5.0 0.961 0.961 0.942 3 * 3 9 27
5.5 0.893 0.807 0.964 3 * 7 9 27
6.0 0.985 0.985 0.976 3 * 3 9 27
6.5 0.991 0.991 0.986 3 * 3 9 27
7.0 0.995 0.995 0.992 3 * 3 9 27
7.5 0.996 0.996 0.994 3 * 3 9 27
8.0 0.998 0.998 0.997 3 * 3 9 27
8.5 0.998 0.998 0.997 3 * 3 9 27
9.0 0.763 0.906 0.998 4 * 3 5 9 27
9.5 0.999 0.999 0.999 3 * 3 9 27
10.0 1.000 1.000 0.999 3 * 3 9 27
0.5 0.003 0.003 0.003 1 * 2
1.0 0.000 0.000 0.000 1 * 1
1.5 0.544 0.244 0.047 1 * 3
2.0 0.726 0.325 0.060 1 * 3
2.5 0.460 0.295 0.150 1 * 7
3.0 0.802 0.616 0.245 2 * 3 9
3.5 0.734 0.586 0.288 2 * 6 11
4.0 0.545 0.411 0.545 1 * 18
4.5 0.543 0.782 0.862 5 * 2 5 7 10 26
5.0 0.719 0.832 0.942 4 * 4 6 9 27
5.5 0.853 0.846 0.965 3 * 6 9 27
6.0 0.985 0.985 0.977 3 * 3 9 27
6.5 0.991 0.991 0.985 3 * 3 9 27
7.0 0.994 0.994 0.991 3 * 3 9 27
7.5 0.996 0.996 0.994 3 * 3 9 27
8.0 0.998 0.998 0.997 3 * 3 9 27
8.5 0.999 0.999 0.997 3 * 3 9 27
9.0 0.999 0.999 0.998 3 * 3 9 27
9.5 0.999 0.999 0.999 3 * 3 9 27
10.0 1.000 1.000 1.000 3 * 3 9 27
0.5 0.000 0.000 0.000 1 * 1
1.0 0.000 0.000 0.000 1 * 1
1.5 0.533 0.239 0.045 1 * 3
2.0 0.537 0.265 0.065 1 * 4
2.5 0.560 0.416 0.126 2 * 3 6
3.0 0.543 0.577 0.242 3 * 2 4 9
3.5 0.403 0.522 0.334 4 * 2 7 9 12
4.0 0.547 0.395 0.547 1 * 18
4.5 0.726 0.726 0.868 3 * 2 8 26
5.0 0.959 0.959 0.937 3 * 3 9 27
5.5 0.977 0.977 0.965 3 * 3 9 27
6.0 0.986 0.986 0.978 3 * 3 9 27
6.5 0.992 0.992 0.987 3 * 3 9 27
7.0 0.994 0.994 0.991 3 * 3 9 27
7.5 0.996 0.996 0.994 3 * 3 9 27
8.0 0.598 0.848 0.978 5 * 3 5 7 10 28
8.5 0.915 0.826 0.997 3 * 7 9 27
9.0 0.999 0.999 0.998 3 * 3 9 27
9.5 0.999 0.999 0.999 3 * 3 9 27
10.0 1.000 1.000 1.000 3 * 3 9 27
0.5 0.000 0.000 0.000 1 * 1
1.0 0.000 0.000 0.000 1 * 1
1.5 0.545 0.245 0.047 1 * 3
2.0 0.401 0.254 0.056 2 * 2 4
2.5 0.477 0.365 0.142 2 * 5 7
3.0 0.796 0.610 0.238 2 * 3 9
3.5 0.549 0.469 0.346 2 * 11 13
4.0 0.574 0.414 0.574 1 * 19
4.5 0.704 0.660 0.822 2 * 6 25
5.0 0.959 0.959 0.939 3 * 3 9 27
5.5 0.975 0.975 0.962 3 * 3 9 27
6.0 0.985 0.985 0.977 3 * 3 9 27
6.5 0.991 0.991 0.986 3 * 3 9 27
7.0 0.995 0.995 0.992 3 * 3 9 27
7.5 0.996 0.996 0.994 3 * 3 9 27
8.0 0.998 0.998 0.997 3 * 3 9 27
8.5 0.999 0.999 0.997 3 * 3 9 27
9.0 0.916 0.826 0.998 3 * 7 9 27
9.5 1.000 1.000 0.999 3 * 3 9 27
10.0 0.999 0.999 0.999 3 * 3 9 27
0.5 0.000 0.000 0.000 1 * 1
1.0 0.158 0.071 0.014 1 * 2
1.5 0.527 0.237 0.047 1 * 3
2.0 0.721 0.322 0.060 1 * 3
2.5 0.379 0.291 0.123 1 * 6
3.0 0.544 0.521 0.245 3 * 4 6 10
3.5 0.564 0.475 0.348 2 * 11 13
4.0 0.570 0.415 0.570 1 * 19
4.5 0.846 0.680 0.867 2 * 8 26
5.0 0.963 0.963 0.945 3 * 3 9 27
5.5 0.979 0.979 0.967 3 * 3 9 27
6.0 0.984 0.984 0.977 3 * 3 9 27
6.5 0.991 0.991 0.986 3 * 3 9 27
7.0 0.884 0.739 0.990 3 * 7 25 27
7.5 0.997 0.997 0.995 3 * 3 9 27
8.0 0.998 0.998 0.997 3 * 3 9 27
8.5 0.861 0.805 0.998 3 * 9 11 27
9.0 0.999 0.999 0.998 3 * 3 9 27
9.5 0.999 0.999 0.999 3 * 3 9 27
10.0 0.999 0.999 0.999 3 * 3 9 27
0.5 0.000 0.000 0.000 1 * 1
1.0 0.000 0.000 0.000 1 * 1
1.5 0.550 0.248 0.048 1 * 3
2.0 0.713 0.319 0.059 1 * 3
2.5 0.506 0.389 0.155 2 * 5 7
3.0 0.801 0.615 0.243 2 * 3 9
3.5 0.538 0.472 0.350 2 * 11 13
4.0 0.567 0.415 0.567 1 * 19
4.5 0.768 0.665 0.828 2 * 7 25
5.0 0.959 0.959 0.941 3 * 3 9 27
5.5 0.852 0.845 0.964 3 * 6 9 27
6.0 0.984 0.984 0.976 3 * 3 9 27
6.5 0.991 0.991 0.985 3 * 3 9 27
7.0 0.995 0.995 0.991 3 * 3 9 27
7.5 0.996 0.996 0.994 3 * 3 9 27
8.0 0.998 0.998 0.996 3 * 3 9 27
8.5 0.998 0.998 0.997 3 * 3 9 27
9.0 0.999 0.999 0.999 3 * 3 9 27
9.5 0.999 0.999 0.999 3 * 3 9 27
10.0 1.000 1.000 0.999 3 * 3 9 27
0.5 0.000 0.000 0.000 1 * 1
1.0 0.137 0.062 0.013 1 * 2
1.5 0.578 0.259 0.049 1 * 3
2.0 0.722 0.321 0.059 1 * 3
2.5 0.423 0.437 0.167 3 * 2 4 8
3.0 0.802 0.616 0.242 2 * 3 9
3.5 0.561 0.560 0.309 3 * 5 7 11
4.0 0.544 0.414 0.544 1 * 18
4.5 0.846 0.680 0.866 2 * 8 26
5.0 0.960 0.960 0.940 3 * 3 9 27
5.5 0.852 0.845 0.964 3 * 6 9 27
6.0 0.986 0.986 0.979 3 * 3 9 27
6.5 0.990 0.990 0.985 3 * 3 9 27
7.0 0.995 0.995 0.991 3 * 3 9 27
7.5 0.996 0.996 0.994 3 * 3 9 27
8.0 0.997 0.997 0.995 3 * 3 9 27
8.5 0.763 0.906 0.998 4 * 3 5 9 27
9.0 0.999 0.999 0.998 3 * 3 9 27
9.5 0.907 0.907 0.999 3 * 5 9 27
10.0 1.000 1.000 0.999 3 * 3 9 27
0.5 0.000 0.000 0.000 1 * 1
1.0 0.000 0.000 0.000 1 * 1
1.5 0.547 0.248 0.049 1 * 3
2.0 0.723 0.322 0.059 1 * 3
2.5 0.504 0.301 0.168 1 * 8
3.0 0.552 0.540 0.241 3 * 3 5 9
3.5 0.619 0.522 0.328 2 * 9 12
4.0 0.612 0.398 0.612 1 * 20
4.5 0.845 0.680 0.864 2 * 8 26
5.0 0.836 0.830 0.939 3 * 6 9 27
5.5 0.974 0.974 0.962 3 * 3 9 27
6.0 0.984 0.984 0.975 3 * 3 9 27
6.5 0.899 0.899 0.987 3 * 5 9 27
7.0 0.995 0.995 0.992 3 * 3 9 27
7.5 0.996 0.996 0.994 3 * 3 9 27
8.0 0.998 0.998 0.997 3 * 3 9 27
8.5 0.999 0.999 0.998 3 * 3 9 27
9.0 0.999 0.999 0.998 3 * 3 9 27
9.5 0.692 0.794 0.999 4 * 5 10 12 27
10.0 1.000 1.000 0.999 3 * 3 9 27
0.5 0.000 0.000 0.000 1 * 1
1.0 0.110 0.050 0.012 1 * 2
1.5 0.549 0.247 0.046 1 * 3
2.0 0.726 0.324 0.060 1 * 3
2.5 0.429 0.444 0.171 3 * 2 4 8
3.0 0.797 0.612 0.241 2 * 3 9
3.5 0.581 0.504 0.350 2 * 10 13
4.0 0.574 0.400 0.574 1 * 19
4.5 0.715 0.848 0.900 4 * 3 5 9 27
5.0 0.961 0.961 0.943 3 * 3 9 27
5.5 0.976 0.976 0.963 3 * 3 9 27
6.0 0.986 0.986 0.977 3 * 3 9 27
6.5 0.990 0.990 0.984 3 * 3 9 27
7.0 0.902 0.902 0.991 3 * 5 9 27
7.5 0.997 0.997 0.995 3 * 3 9 27
8.0 0.998 0.998 0.997 3 * 3 9 27
8.5 0.998 0.998 0.997 3 * 3 9 27
9.0 0.999 0.999 0.999 3 * 3 9 27
9.5 0.999 0.999 0.999 3 * 3 9 27
10.0 0.641 0.768 0.999 4 * 5 10 13 27
0.5 0.000 0.000 0.000 1 * 1
1.0 0.000 0.000 0.000 1 * 1
1.5 0.553 0.249 0.049 1 * 3
2.0 0.524 0.268 0.071 1 * 4
2.5 0.501 0.385 0.152 2 * 5 7
3.0 0.807 0.619 0.244 2 * 3 9
3.5 0.615 0.522 0.336 2 * 9 12
4.0 0.601 0.408 0.601 1 * 20
4.5 0.843 0.679 0.864 2 * 8 26
5.0 0.962 0.962 0.943 3 * 3 9 27
5.5 0.975 0.975 0.962 3 * 3 9 27
6.0 0.987 0.987 0.979 3 * 3 9 27
6.5 0.991 0.991 0.986 3 * 3 9 27
7.0 0.995 0.995 0.991 3 * 3 9 27
7.5 0.996 0.996 0.994 3 * 3 9 27
8.0 0.998 0.998 0.997 3 * 3 9 27
8.5 0.998 0.998 0.997 3 * 3 9 27
9.0 0.999 0.999 0.999 3 * 3 9 27
9.5 0.999 0.999 0.999 3 * 3 9 27
10.0 0.999 0.999 0.999 3 * 3 9 27
0.5 0.000 0.000 0.000 1 * 1
1.0 0.094 0.045 0.012 1 * 2
1.5 0.561 0.251 0.048 1 * 3
2.0 0.409 0.259 0.060 2 * 2 4
2.5 0.621 0.469 0.165 2 * 3 8
3.0 0.797 0.611 0.239 2 * 3 9
3.5 0.551 0.477 0.358 2 * 11 13
4.0 0.580 0.415 0.580 1 * 19
4.5 0.683 0.683 0.861 3 * 2 7 26
5.0 0.798 0.798 0.943 3 * 2 9 27
5.5 0.977 0.977 0.965 3 * 3 9 27
6.0 0.985 0.985 0.977 3 * 3 9 27
6.5 0.990 0.990 0.985 3 * 3 9 27
7.0 0.993 0.993 0.989 3 * 3 9 27
7.5 0.996 0.996 0.994 3 * 3 9 27
8.0 0.998 0.998 0.996 3 * 3 9 27
8.5 0.811 0.832 0.998 4 * 2 7 9 27
9.0 0.999 0.999 0.998 3 * 3 9 27
9.5 0.999 0.999 0.998 3 * 3 9 27
10.0 1.000 1.000 0.999 3 * 3 9 27
0.5 0.000 0.000 0.000 1 * 1
1.0 0.000 0.000 0.000 1 * 1
1.5 0.564 0.253 0.048 1 * 3
2.0 0.519 0.253 0.061 1 * 4
2.5 0.509 0.390 0.154 2 * 5 7
3.0 0.551 0.539 0.244 3 * 3 5 9
3.5 0.604 0.401 0.374 1 * 14
4.0 0.573 0.419 0.573 1 * 19
4.5 0.848 0.668 0.870 2 * 8 26
5.0 0.726 0.853 0.943 4 * 5 7 11 27
5.5 0.976 0.976 0.964 3 * 3 9 27
6.0 0.986 0.986 0.979 3 * 3 9 27
6.5 0.991 0.991 0.985 3 * 3 9 27
7.0 0.911 0.823 0.992 3 * 7 9 27
7.5 0.997 0.997 0.995 3 * 3 9 27
8.0 0.997 0.997 0.995 3 * 3 9 27
8.5 0.999 0.999 0.998 3 * 3 9 27
9.0 0.999 0.999 0.998 3 * 3 9 27
9.5 0.999 0.999 0.999 3 * 3 9 27
10.0 1.000 1.000 0.999 3 * 3 9 27
0.5 0.000 0.000 0.000 1 * 1
1.0 0.000 0.000 0.000 1 * 1
1.5 0.522 0.234 0.045 1 * 3
2.0 0.719 0.320 0.059 1 * 3
2.5 0.432 0.287 0.147 1 * 7
3.0 0.809 0.621 0.244 2 * 3 9
3.5 0.697 0.565 0.301 2 * 7 12
4.0 0.608 0.405 0.608 1 * 20
4.5 0.844 0.679 0.863 2 * 8 26
5.0 0.962 0.962 0.944 3 * 3 9 27
5.5 0.976 0.976 0.964 3 * 3 9 27
6.0 0.984 0.984 0.976 3 * 3 9 27
6.5 0.991 0.991 0.985 3 * 3 9 27
7.0 0.870 0.862 0.992 3 * 6 9 27
7.5 0.761 0.904 0.994 4 * 3 5 9 27
8.0 0.751 0.885 0.997 4 * 5 7 11 27
8.5 0.998 0.998 0.997 3 * 3 9 27
9.0 0.999 0.999 0.999 3 * 3 9 27
9.5 1.000 1.000 0.999 3 * 3 9 27
10.0 1.000 1.000 1.000 3 * 3 9 27
0.5 0.000 0.000 0.000 1 * 1
1.0 0.099 0.046 0.010 1 * 2
1.5 0.544 0.245 0.047 1 * 3
2.0 0.722 0.322 0.059 1 * 3
2.5 0.405 0.319 0.146 2 * 2 7
3.0 0.598 0.480 0.244 2 * 2 9
3.5 0.559 0.477 0.353 2 * 11 13
4.0 0.541 0.413 0.541 1 * 18
4.5 0.935 0.935 0.903 3 * 3 9 27
5.0 0.724 0.850 0.941 4 * 5 7 11 27
5.5 0.976 0.976 0.964 3 * 3 9 27
6.0 0.985 0.985 0.978 3 * 3 9 27
6.5 0.991 0.991 0.986 3 * 3 9 27
7.0 0.995 0.995 0.992 3 * 3 9 27
7.5 0.996 0.996 0.994 3 * 3 9 27
8.0 0.762 0.905 0.996 4 * 3 5 9 27
8.5 0.999 0.999 0.997 3 * 3 9 27
9.0 0.999 0.999 0.998 3 * 3 9 27
9.5 0.999 0.999 0.999 3 * 3 9 27
10.0 1.000 1.000 1.000 3 * 3 9 27
0.5 0.000 0.000 0.000 1 * 1
1.0 0.000 0.000 0.000 1 * 1
1.5 0.529 0.238 0.045 1 * 3
2.0 0.529 0.260 0.063 1 * 4
2.5 0.420 0.391 0.162 3 * 3 5 8
3.0 0.813 0.624 0.247 2 * 3 9
3.5 0.476 0.515 0.335 3 * 7 9 12
4.0 0.582 0.418 0.582 1 * 19
4.5 0.841 0.677 0.860 2 * 8 26
5.0 0.959 0.959 0.940 3 * 3 9 27
5.5 0.975 0.975 0.963 3 * 3 9 27
6.0 0.986 0.986 0.978 3 * 3 9 27
6.5 0.990 0.990 0.985 3 * 3 9 27
7.0 0.913 0.701 0.990 2 * 13 27
7.5 0.997 0.997 0.995 3 * 3 9 27
8.0 0.998 0.998 0.997 3 * 3 9 27
8.5 0.906 0.906 0.997 3 * 5 9 27
9.0 0.999 0.999 0.999 3 * 3 9 27
9.5 0.999 0.999 0.999 3 * 3 9 27
10.0 1.000 1.000 0.999 3 * 3 9 27
0.5 0.000 0.000 0.000 1 * 1
1.0 0.000 0.000 0.000 1 * 1
1.5 0.515 0.233 0.046 1 * 3
2.0 0.418 0.253 0.058 2 * 2 4
2.5 0.602 0.456 0.164 2 * 3 8
3.0 0.794 0.609 0.240 2 * 3 9
3.5 0.612 0.519 0.334 2 * 9 12
4.0 0.608 0.417 0.608 1 * 20
4.5 0.846 0.681 0.867 2 * 8 26
5.0 0.961 0.961 0.943 3 * 3 9 27
5.5 0.734 0.862 0.960 4 * 5 7 11 27
6.0 0.984 0.984 0.976 3 * 3 9 27
6.5 0.991 0.991 0.987 3 * 3 9 27
7.0 0.995 0.995 0.992 3 * 3 9 27
7.5 0.996 0.996 0.994 3 * 3 9 27
8.0 0.998 0.998 0.996 3 * 3 9 27
8.5 0.998 0.998 0.997 3 * 3 9 27
9.0 0.999 0.999 0.998 3 * 3 9 27
9.5 0.999 0.999 0.999 3 * 3 9 27
10.0 1.000 1.000 1.000 3 * 3 9 27
0.5 0.000 0.000 0.000 1 * 1
1.0 0.000 0.000 0.000 1 * 1
1.5 0.539 0.242 0.047 1 * 3
2.0 0.712 0.318 0.059 1 * 3
2.5 0.421 0.435 0.166 3 * 2 4 8
3.0 0.794 0.610 0.242 2 * 3 9
3.5 0.617 0.518 0.322 2 * 9 12
4.0 0.522 0.511 0.579 2 * 2 19
4.5 0.845 0.680 0.865 2 * 8 26
5.0 0.960 0.960 0.942 3 * 3 9 27
5.5 0.976 0.976 0.965 3 * 3 9 27
6.0 0.986 0.986 0.978 3 * 3 9 27
6.5 0.990 0.990 0.984 3 * 3 9 27
7.0 0.994 0.994 0.991 3 * 3 9 27
7.5 0.996 0.996 0.994 3 * 3 9 27
8.0 0.997 0.997 0.996 3 * 3 9 27
8.5 0.998 0.998 0.997 3 * 3 9 27
9.0 0.861 0.805 0.998 3 * 9 11 27
9.5 0.907 0.907 0.999 3 * 5 9 27
10.0 1.000 1.000 0.999 3 * 3 9 27
0.5 0.000 0.000 0.000 1 * 1
1.0 0.124 0.056 0.012 1 * 2
1.5 0.538 0.243 0.047 1 * 3
2.0 0.717 0.320 0.059 1 * 3
2.5 0.505 0.387 0.152 2 * 5 7
3.0 0.512 0.499 0.238 3 * 4 6 9
3.5 0.620 0.523 0.328 2 * 9 12
4.0 0.548 0.396 0.548 1 * 18
4.5 0.670 0.670 0.825 3 * 2 7 25
5.0 0.962 0.962 0.943 3 * 3 9 27
5.5 0.975 0.975 0.962 3 * 3 9 27
6.0 0.986 0.986 0.977 3 * 3 9 27
6.5 0.990 0.990 0.985 3 * 3 9 27
7.0 0.995 0.995 0.991 3 * 3 9 27
7.5 0.997 0.997 0.995 3 * 3 9 27
8.0 0.997 0.997 0.996 3 * 3 9 27
8.5 0.999 0.999 0.998 3 * 3 9 27
9.0 0.999 0.999 0.999 3 * 3 9 27
9.5 0.999 0.999 0.999 3 * 3 9 27
10.0 0.999 0.999 0.999 3 * 3 9 27
0.5 0.000 0.000 0.000 1 * 1
1.0 0.116 0.054 0.012 1 * 2
1.5 0.543 0.244 0.047 1 * 3
2.0 0.425 0.262 0.063 2 * 2 4
2.5 0.425 0.438 0.167 3 * 2 4 8
3.0 0.802 0.616 0.244 2 * 3 9
3.5 0.623 0.527 0.337 2 * 9 12
4.0 0.609 0.420 0.609 1 * 20
4.5 0.845 0.679 0.865 2 * 8 26
5.0 0.959 0.959 0.940 3 * 3 9 27
5.5 0.977 0.977 0.965 3 * 3 9 27
6.0 0.986 0.986 0.979 3 * 3 9 27
6.5 0.991 0.991 0.986 3 * 3 9 27
7.0 0.994 0.994 0.990 3 * 3 9 27
7.5 0.996 0.996 0.993 3 * 3 9 27
8.0 0.998 0.998 0.996 3 * 3 9 27
8.5 0.999 0.999 0.998 3 * 3 9 27
9.0 0.907 0.907 0.998 3 * 5 9 27
9.5 0.999 0.999 0.999 3 * 3 9 27
10.0 0.999 0.999 0.999 3 * 3 9 27
0.5 0.000 0.000 0.000 1 * 1
1.0 0.000 0.000 0.000 1 * 1
1.5 0.535 0.240 0.046 1 * 3
2.0 0.720 0.322 0.059 1 * 3
2.5 0.663 0.507 0.194 2 * 3 9
3.0 0.810 0.623 0.248 2 * 3 9
3.5 0.616 0.521 0.333 2 * 9 12
4.0 0.547 0.406 0.547 1 * 18
4.5 0.848 0.668 0.870 2 * 8 26
5.0 0.565 0.801 0.940 5 * 4 7 9 12 27
5.5 0.977 0.977 0.964 3 * 3 9 27
6.0 0.986 0.986 0.979 3 * 3 9 27
6.5 0.991 0.991 0.985 3 * 3 9 27
7.0 0.994 0.994 0.991 3 * 3 9 27
7.5 0.997 0.997 0.995 3 * 3 9 27
8.0 0.998 0.998 0.997 3 * 3 9 27
8.5 0.998 0.998 0.997 3 * 3 9 27
9.0 0.999 0.999 0.998 3 * 3 9 27
9.5 0.999 0.999 0.999 3 * 3 9 27
10.0 1.000 1.000 0.999 3 * 3 9 27
0.5 0.000 0.000 0.000 1 * 1
1.0 0.000 0.000 0.000 1 * 1
1.5 0.554 0.248 0.047 1 * 3
2.0 0.536 0.260 0.060 1 * 4
2.5 0.519 0.402 0.170 2 * 5 8
3.0 0.603 0.484 0.246 2 * 7 10
3.5 0.740 0.589 0.286 2 * 6 11
4.0 0.544 0.411 0.544 1 * 18
4.5 0.656 0.554 0.832 2 * 2 25
5.0 0.722 0.722 0.943 3 * 8 15 27
5.5 0.976 0.976 0.966 3 * 3 9 27
6.0 0.987 0.987 0.980 3 * 3 9 27
6.5 0.992 0.992 0.987 3 * 3 9 27
7.0 0.994 0.994 0.991 3 * 3 9 27
7.5 0.996 0.996 0.994 3 * 3 9 27
8.0 0.998 0.998 0.997 3 * 3 9 27
8.5 0.999 0.999 0.998 3 * 3 9 27
9.0 0.752 0.886 0.998 4 * 5 7 11 27
9.5 0.874 0.866 0.999 3 * 6 9 27
10.0 0.763 0.907 0.999 4 * 3 5 9 27
0.5 0.000 0.000 0.000 1 * 1
1.0 0.000 0.000 0.000 1 * 1
1.5 0.547 0.250 0.050 1 * 3
2.0 0.520 0.257 0.062 1 * 4
2.5 0.490 0.375 0.146 2 * 5 7
3.0 0.802 0.616 0.242 2 * 3 9
3.5 0.481 0.520 0.335 3 * 7 9 12
4.0 0.582 0.409 0.582 1 * 19
4.5 0.846 0.681 0.866 2 * 8 26
5.0 0.961 0.961 0.942 3 * 3 9 27
5.5 0.977 0.977 0.966 3 * 3 9 27
6.0 0.663 0.794 0.978 4 * 3 9 11 27
6.5 0.991 0.991 0.986 3 * 3 9 27
7.0 0.994 0.994 0.991 3 * 3 9 27
7.5 0.996 0.996 0.994 3 * 3 9 27
8.0 0.998 0.998 0.996 3 * 3 9 27
8.5 0.999 0.999 0.998 3 * 3 9 27
9.0 0.999 0.999 0.998 3 * 3 9 27
9.5 0.999 0.999 0.999 3 * 3 9 27
10.0 0.685 0.886 0.999 4 * 3 7 11 27
0.5 0.000 0.000 0.000 1 * 1
1.0 0.000 0.000 0.000 1 * 1
1.5 0.544 0.245 0.047 1 * 3
2.0 0.529 0.260 0.063 1 * 4
2.5 0.501 0.386 0.154 2 * 5 7
3.0 0.559 0.544 0.243 3 * 3 5 9
3.5 0.539 0.480 0.382 2 * 12 14
4.0 0.522 0.517 0.578 2 * 2 19
4.5 0.655 0.553 0.830 2 * 2 25
5.0 0.734 0.871 0.940 4 * 3 5 9 27
5.5 0.663 0.776 0.964 4 * 4 10 12 27
6.0 0.985 0.985 0.978 3 * 3 9 27
6.5 0.990 0.990 0.984 3 * 3 9 27
7.0 0.994 0.994 0.991 3 * 3 9 27
7.5 0.996 0.996 0.993 3 * 3 9 27
8.0 0.998 0.998 0.996 3 * 3 9 27
8.5 0.873 0.865 0.997 3 * 6 9 27
9.0 0.999 0.999 0.998 3 * 3 9 27
9.5 0.999 0.999 0.999 3 * 3 9 27
10.0 1.000 1.000 0.999 3 * 3 9 27
0.5 0.000 0.000 0.000 1 * 1
1.0 0.084 0.041 0.010 1 * 2
1.5 0.528 0.238 0.047 1 * 3
2.0 0.717 0.320 0.059 1 * 3
2.5 0.418 0.328 0.150 2 * 2 7
3.0 0.800 0.613 0.239 2 * 3 9
3.5 0.614 0.521 0.335 2 * 9 12
4.0 0.517 0.508 0.570 2 * 2 19
4.5 0.844 0.665 0.864 2 * 8 26
5.0 0.960 0.960 0.941 3 * 3 9 27
5.5 0.975 0.975 0.963 3 * 3 9 27
6.0 0.986 0.986 0.978 3 * 3 9 27
6.5 0.991 0.991 0.986 3 * 3 9 27
7.0 0.995 0.995 0.992 3 * 3 9 27
7.5 0.996 0.996 0.994 3 * 3 9 27
8.0 0.998 0.998 0.996 3 * 3 9 27
8.5 0.999 0.999 0.998 3 * 3 9 27
9.0 0.999 0.999 0.999 3 * 3 9 27
9.5 0.999 0.999 0.999 3 * 3 9 27
10.0 1.000 1.000 0.999 3 * 3 9 27
0.5 0.000 0.000 0.000 1 * 1
1.0 0.000 0.000 0.000 1 * 1
1.5 0.565 0.253 0.047 1 * 3
2.0 0.722 0.322 0.058 1 * 3
2.5 0.498 0.382 0.149 2 * 5 7
3.0 0.808 0.621 0.245 2 * 3 9
3.5 0.611 0.518 0.331 2 * 9 12
4.0 0.615 0.403 0.615 1 * 20
4.5 0.846 0.666 0.866 2 * 8 26
5.0 0.963 0.963 0.946 3 * 3 9 27
5.5 0.978 0.978 0.967 3 * 3 9 27
6.0 0.986 0.986 0.978 3 * 3 9 27
6.5 0.992 0.992 0.987 3 * 3 9 27
7.0 0.995 0.995 0.992 3 * 3 9 27
7.5 0.996 0.996 0.994 3 * 3 9 27
8.0 0.998 0.998 0.996 3 * 3 9 27
8.5 0.999 0.999 0.997 3 * 3 9 27
9.0 0.999 0.999 0.999 3 * 3 9 27
9.5 0.999 0.999 0.999 3 * 3 9 27
10.0 0.999 0.999 0.999 3 * 3 9 27
0.5 0.000 0.000 0.000 1 * 1
1.0 0.000 0.000 0.000 1 * 1
1.5 0.533 0.240 0.045 1 * 3
2.0 0.525 0.259 0.063 1 * 4
2.5 0.450 0.356 0.168 2 * 2 8
3.0 0.797 0.612 0.241 2 * 3 9
3.5 0.449 0.549 0.313 4 * 2 6 8 12
4.0 0.522 0.514 0.577 2 * 2 19
4.5 0.848 0.767 0.898 3 * 7 9 27
5.0 0.960 0.960 0.940 3 * 3 9 27
5.5 0.976 0.976 0.963 3 * 3 9 27
6.0 0.985 0.985 0.977 3 * 3 9 27
6.5 0.991 0.991 0.986 3 * 3 9 27
7.0 0.993 0.993 0.990 3 * 3 9 27
7.5 0.997 0.997 0.995 3 * 3 9 27
8.0 0.998 0.998 0.996 3 * 3 9 27
8.5 0.999 0.999 0.998 3 * 3 9 27
9.0 0.999 0.999 0.999 3 * 3 9 27
9.5 0.999 0.999 0.998 3 * 3 9 27
10.0 0.875 0.866 1.000 3 * 6 9 27
0.5 0.000 0.000 0.000 1 * 1
1.0 0.000 0.000 0.000 1 * 1
1.5 0.515 0.234 0.046 1 * 3
2.0 0.310 0.264 0.067 2 * 2 4
2.5 0.539 0.321 0.178 1 * 8
3.0 0.804 0.617 0.244 2 * 3 9
3.5 0.618 0.523 0.333 2 * 9 12
4.0 0.521 0.518 0.612 3 * 2 16 20
4.5 0.934 0.934 0.903 3 * 3 9 27
5.0 0.961 0.961 0.941 3 * 3 9 27
5.5 0.976 0.976 0.963 3 * 3 9 27
6.0 0.985 0.985 0.977 3 * 3 9 27
6.5 0.991 0.991 0.986 3 * 3 9 27
7.0 0.994 0.994 0.991 3 * 3 9 27
7.5 0.997 0.997 0.995 3 * 3 9 27
8.0 0.998 0.998 0.996 3 * 3 9 27
8.5 0.999 0.999 0.997 3 * 3 9 27
9.0 0.999 0.999 0.998 3 * 3 9 27
9.5 1.000 1.000 0.999 3 * 3 9 27
10.0 0.874 0.866 0.999 3 * 6 9 27
0.5 0.000 0.000 0.000 1 * 1
1.0 0.127 0.059 0.013 1 * 2
1.5 0.400 0.191 0.044 1 * 4
2.0 0.505 0.266 0.072 1 * 4
2.5 0.643 0.486 0.173 2 * 3 8
3.0 0.796 0.611 0.240 2 * 3 9
3.5 0.616 0.524 0.339 2 * 9 12
4.0 0.510 0.431 0.574 2 * 15 19
4.5 0.842 0.663 0.862 2 * 8 26
5.0 0.838 0.833 0.943 3 * 6 9 27
5.5 0.793 0.813 0.966 4 * 2 7 9 27
6.0 0.986 0.986 0.979 3 * 3 9 27
6.5 0.909 0.821 0.988 3 * 7 9 27
7.0 0.652 0.841 0.991 4 * 3 8 11 27
7.5 0.996 0.996 0.993 3 * 3 9 27
8.0 0.998 0.998 0.997 3 * 3 9 27
8.5 0.999 0.999 0.998 3 * 3 9 27
9.0 0.999 0.999 0.999 3 * 3 9 27
9.5 0.999 0.999 0.999 3 * 3 9 27
10.0 0.916 0.827 0.999 3 * 7 9 27
0.5 0.000 0.000 0.000 1 * 1
1.0 0.126 0.058 0.014 1 * 2
1.5 0.528 0.238 0.045 1 * 3
2.0 0.540 0.267 0.065 1 * 4
2.5 0.395 0.309 0.137 2 * 2 7
3.0 0.579 0.467 0.242 2 * 2 9
3.5 0.558 0.561 0.308 3 * 5 7 11
4.0 0.573 0.417 0.573 1 * 19
4.5 0.843 0.663 0.864 2 * 8 26
5.0 0.960 0.960 0.940 3 * 3 9 27
5.5 0.976 0.976 0.965 3 * 3 9 27
6.0 0.848 0.795 0.979 3 * 9 11 27
6.5 0.991 0.991 0.986 3 * 3 9 27
7.0 0.994 0.994 0.990 3 * 3 9 27
7.5 0.996 0.996 0.994 3 * 3 9 27
8.0 0.860 0.804 0.996 3 * 9 11 27
8.5 0.998 0.998 0.997 3 * 3 9 27
9.0 0.999 0.999 0.999 3 * 3 9 27
9.5 0.999 0.999 0.999 3 * 3 9 27
10.0 1.000 1.000 0.999 3 * 3 9 27
0.5 0.000 0.000 0.000 1 * 1
1.0 0.137 0.064 0.014 1 * 2
1.5 0.540 0.243 0.046 1 * 3
2.0 0.505 0.257 0.066 1 * 4
2.5 0.603 0.455 0.159 2 * 3 8
3.0 0.803 0.616 0.244 2 * 3 9
3.5 0.616 0.521 0.332 2 * 9 12
4.0 0.606 0.413 0.606 1 * 20
4.5 0.935 0.935 0.901 3 * 3 9 27
5.0 0.957 0.957 0.938 3 * 3 9 27
5.5 0.976 0.976 0.963 3 * 3 9 27
6.0 0.985 0.985 0.977 3 * 3 9 27
6.5 0.991 0.991 0.986 3 * 3 9 27
7.0 0.869 0.861 0.991 3 * 6 9 27
7.5 0.761 0.904 0.994 4 * 3 5 9 27
8.0 0.998 0.998 0.996 3 * 3 9 27
8.5 0.790 0.790 0.997 3 * 4 11 27
9.0 0.999 0.999 0.999 3 * 3 9 27
9.5 0.999 0.999 0.999 3 * 3 9 27
10.0 1.000 1.000 0.999 3 * 3 9 27
