0.5 0.000 0.000 0.000 1 * 1
1.0 0.000 0.000 0.000 1 * 1
1.5 0.541 0.243 0.046 1 * 3
2.0 0.725 0.323 0.059 1 * 3
2.5 0.576 0.434 0.149 2 * 3 7
3.0 0.795 0.610 0.239 2 * 3 9
3.5 0.745 0.686 0.332 4 * 3 6 9 12
4.0 0.788 0.785 0.545 4 * 3 9 11 18
4.5 0.928 0.928 0.892 3 * 3 9 27
5.0 0.965 0.965 0.946 3 * 3 9 27
5.5 0.977 0.977 0.965 3 * 3 9 27
6.0 0.893 0.985 0.978 4 * 3 6 9 27
6.5 0.991 0.991 0.986 3 * 3 9 27
7.0 0.994 0.994 0.990 3 * 3 9 27
7.5 0.997 0.997 0.995 3 * 3 9 27
8.0 0.998 0.998 0.996 3 * 3 9 27
8.5 0.999 0.999 0.998 3 * 3 9 27
9.0 0.979 0.999 0.998 4 * 3 9 11 27
9.5 0.999 0.999 0.999 3 * 3 9 27
10.0 1.000 1.000 0.999 3 * 3 9 27
0.5 0.000 0.000 0.000 1 * 1
1.0 0.000 0.000 0.000 1 * 1
1.5 0.548 0.246 0.047 1 * 3
2.0 0.728 0.325 0.060 1 * 3
2.5 0.610 0.462 0.166 2 * 3 8
3.0 0.804 0.617 0.242 2 * 3 9
3.5 0.787 0.690 0.352 3 * 3 9 13
4.0 0.757 0.782 0.539 4 * 3 9 14 18
4.5 0.933 0.933 0.902 3 * 3 9 27
5.0 0.960 0.960 0.941 3 * 3 9 27
5.5 0.977 0.977 0.965 3 * 3 9 27
6.0 0.882 0.984 0.976 5 * 3 5 7 9 27
6.5 0.991 0.991 0.987 3 * 3 9 27
7.0 0.995 0.995 0.992 3 * 3 9 27
7.5 0.997 0.997 0.994 3 * 3 9 27
8.0 0.998 0.998 0.997 3 * 3 9 27
8.5 0.998 0.998 0.997 3 * 3 9 27
9.0 0.999 0.999 0.998 3 * 3 9 27
9.5 0.999 0.999 0.999 3 * 3 9 27
10.0 1.000 1.000 1.000 3 * 3 9 27
0.5 0.000 0.000 0.000 1 * 1
1.0 0.000 0.000 0.000 1 * 1
1.5 0.539 0.243 0.047 1 * 3
2.0 0.713 0.318 0.058 1 * 3
2.5 0.629 0.479 0.178 2 * 3 8
3.0 0.754 0.624 0.242 3 * 3 5 9
3.5 0.814 0.672 0.305 3 * 3 9 11
4.0 0.796 0.795 0.569 4 * 3 9 11 19
4.5 0.936 0.936 0.906 3 * 3 9 27
5.0 0.870 0.959 0.939 4 * 3 6 9 27
5.5 0.976 0.976 0.963 3 * 3 9 27
6.0 0.984 0.984 0.977 3 * 3 9 27
6.5 0.992 0.992 0.986 3 * 3 9 27
7.0 0.994 0.994 0.990 3 * 3 9 27
7.5 0.997 0.997 0.995 3 * 3 9 27
8.0 0.998 0.998 0.996 3 * 3 9 27
8.5 0.999 0.999 0.999 3 * 3 9 27
9.0 0.979 0.999 0.999 4 * 3 9 11 27
9.5 1.000 1.000 0.999 3 * 3 9 27
10.0 1.000 1.000 0.999 3 * 3 9 27
0.5 0.000 0.000 0.000 1 * 1
1.0 0.137 0.063 0.013 1 * 2
1.5 0.530 0.238 0.046 1 * 3
2.0 0.725 0.325 0.060 1 * 3
2.5 0.591 0.443 0.147 2 * 3 7
3.0 0.806 0.618 0.243 2 * 3 9
3.5 0.772 0.618 0.311 2 * 3 12
4.0 0.796 0.796 0.574 3 * 3 9 19
4.5 0.925 0.925 0.872 3 * 3 9 26
5.0 0.958 0.958 0.937 3 * 3 9 27
5.5 0.911 0.977 0.966 4 * 3 5 9 27
6.0 0.966 0.986 0.978 4 * 3 9 11 27
6.5 0.992 0.992 0.987 3 * 3 9 27
7.0 0.994 0.994 0.991 3 * 3 9 27
7.5 0.996 0.996 0.994 3 * 3 9 27
8.0 0.998 0.998 0.997 3 * 3 9 27
8.5 0.999 0.999 0.998 3 * 3 9 27
9.0 0.979 0.999 0.999 4 * 3 9 11 27
9.5 0.999 0.999 0.999 3 * 3 9 27
10.0 1.000 1.000 0.999 3 * 3 9 27
0.5 0.000 0.000 0.000 1 * 1
1.0 0.000 0.000 0.000 1 * 1
1.5 0.538 0.241 0.046 1 * 3
2.0 0.501 0.262 0.071 1 * 4
2.5 0.544 0.465 0.168 3 * 3 6 8
3.0 0.795 0.610 0.241 2 * 3 9
3.5 0.802 0.683 0.333 3 * 3 9 12
4.0 0.694 0.753 0.573 5 * 4 6 9 15 19
4.5 0.934 0.934 0.904 3 * 3 9 27
5.0 0.961 0.961 0.940 3 * 3 9 27
5.5 0.916 0.976 0.965 4 * 3 7 9 27
6.0 0.946 0.985 0.978 4 * 3 9 13 27
6.5 0.991 0.991 0.986 3 * 3 9 27
7.0 0.994 0.994 0.991 3 * 3 9 27
7.5 0.995 0.995 0.993 3 * 3 9 27
8.0 0.998 0.998 0.997 3 * 3 9 27
8.5 0.998 0.998 0.998 3 * 3 9 27
9.0 0.999 0.999 0.998 3 * 3 9 27
9.5 0.999 0.999 0.999 3 * 3 9 27
10.0 1.000 1.000 0.999 3 * 3 9 27
0.5 0.000 0.000 0.000 1 * 1
1.0 0.000 0.000 0.000 1 * 1
1.5 0.529 0.240 0.047 1 * 3
2.0 0.411 0.265 0.069 2 * 2 4
2.5 0.616 0.465 0.164 2 * 3 8
3.0 0.808 0.618 0.240 2 * 3 9
3.5 0.774 0.695 0.364 4 * 3 9 11 13
4.0 0.792 0.792 0.570 3 * 3 9 19
4.5 0.805 0.876 0.871 4 * 4 6 9 26
5.0 0.961 0.961 0.941 3 * 3 9 27
5.5 0.976 0.976 0.965 3 * 3 9 27
6.0 0.894 0.986 0.978 4 * 3 6 9 27
6.5 0.990 0.990 0.985 3 * 3 9 27
7.0 0.994 0.994 0.990 3 * 3 9 27
7.5 0.996 0.996 0.994 3 * 3 9 27
8.0 0.998 0.998 0.996 3 * 3 9 27
8.5 0.999 0.999 0.998 3 * 3 9 27
9.0 0.999 0.999 0.999 3 * 3 9 27
9.5 0.999 0.999 0.999 3 * 3 9 27
10.0 1.000 1.000 0.999 3 * 3 9 27
0.5 0.000 0.000 0.000 1 * 1
1.0 0.000 0.000 0.000 1 * 1
1.5 0.547 0.245 0.047 1 * 3
2.0 0.709 0.318 0.059 1 * 3
2.5 0.597 0.448 0.150 2 * 3 7
3.0 0.798 0.613 0.244 2 * 3 9
3.5 0.754 0.425 0.294 1 * 11
4.0 0.770 0.796 0.573 4 * 3 5 9 19
4.5 0.906 0.921 0.868 4 * 3 9 11 26
5.0 0.959 0.959 0.941 3 * 3 9 27
5.5 0.975 0.975 0.963 3 * 3 9 27
6.0 0.920 0.987 0.979 4 * 3 5 9 27
6.5 0.991 0.991 0.985 3 * 3 9 27
7.0 0.993 0.993 0.990 3 * 3 9 27
7.5 0.997 0.997 0.995 3 * 3 9 27
8.0 0.998 0.998 0.996 3 * 3 9 27
8.5 0.998 0.998 0.997 3 * 3 9 27
9.0 0.930 0.999 0.998 4 * 3 5 9 27
9.5 0.999 0.999 0.999 3 * 3 9 27
10.0 1.000 1.000 0.999 3 * 3 9 27
0.5 0.000 0.000 0.000 1 * 1
1.0 0.000 0.000 0.000 1 * 1
1.5 0.562 0.254 0.050 1 * 3
2.0 0.728 0.324 0.060 1 * 3
2.5 0.619 0.469 0.167 2 * 3 8
3.0 0.800 0.614 0.242 2 * 3 9
3.5 0.800 0.681 0.329 3 * 3 9 12
4.0 0.658 0.639 0.569 4 * 2 9 13 19
4.5 0.887 0.908 0.827 4 * 3 9 12 25
5.0 0.960 0.960 0.940 3 * 3 9 27
5.5 0.976 0.976 0.963 3 * 3 9 27
6.0 0.986 0.986 0.977 3 * 3 9 27
6.5 0.991 0.991 0.986 3 * 3 9 27
7.0 0.994 0.994 0.991 3 * 3 9 27
7.5 0.996 0.996 0.994 3 * 3 9 27
8.0 0.998 0.998 0.997 3 * 3 9 27
8.5 0.999 0.999 0.998 3 * 3 9 27
9.0 0.999 0.999 0.998 3 * 3 9 27
9.5 0.999 0.999 0.999 3 * 3 9 27
10.0 0.917 0.986 0.999 5 * 3 7 10 12 27
0.5 0.000 0.000 0.000 1 * 1
1.0 0.000 0.000 0.000 1 * 1
1.5 0.559 0.252 0.049 1 * 3
2.0 0.725 0.325 0.060 1 * 3
2.5 0.597 0.449 0.152 2 * 3 7
3.0 0.556 0.449 0.234 2 * 2 10
3.5 0.792 0.693 0.354 3 * 3 9 13
4.0 0.786 0.786 0.541 3 * 3 9 18
4.5 0.933 0.933 0.900 3 * 3 9 27
5.0 0.960 0.960 0.940 3 * 3 9 27
5.5 0.975 0.975 0.963 3 * 3 9 27
6.0 0.986 0.986 0.979 3 * 3 9 27
6.5 0.991 0.991 0.985 3 * 3 9 27
7.0 0.955 0.995 0.991 4 * 3 9 13 27
7.5 0.996 0.996 0.994 3 * 3 9 27
8.0 0.997 0.997 0.996 3 * 3 9 27
8.5 0.999 0.999 0.998 3 * 3 9 27
9.0 0.999 0.999 0.998 3 * 3 9 27
9.5 0.999 0.999 0.999 3 * 3 9 27
10.0 1.000 1.000 1.000 3 * 3 9 27
0.5 0.000 0.000 0.000 1 * 1
1.0 0.000 0.000 0.000 1 * 1
1.5 0.548 0.245 0.046 1 * 3
2.0 0.529 0.256 0.060 1 * 4
2.5 0.547 0.469 0.169 3 * 3 6 8
3.0 0.797 0.613 0.244 2 * 3 9
3.5 0.805 0.683 0.332 3 * 3 9 12
4.0 0.797 0.797 0.578 3 * 3 9 19
4.5 0.903 0.918 0.864 4 * 3 9 11 26
5.0 0.960 0.960 0.941 3 * 3 9 27
5.5 0.977 0.977 0.965 3 * 3 9 27
6.0 0.986 0.986 0.978 3 * 3 9 27
6.5 0.991 0.991 0.986 3 * 3 9 27
7.0 0.994 0.994 0.991 3 * 3 9 27
7.5 0.996 0.996 0.994 3 * 3 9 27
8.0 0.998 0.998 0.997 3 * 3 9 27
8.5 0.999 0.999 0.998 3 * 3 9 27
9.0 0.979 0.999 0.998 4 * 3 9 11 27
9.5 0.999 0.999 0.999 3 * 3 9 27
10.0 1.000 1.000 1.000 3 * 3 9 27
0.5 0.000 0.000 0.000 1 * 1
1.0 0.000 0.000 0.000 1 * 1
1.5 0.557 0.249 0.047 1 * 3
2.0 0.538 0.259 0.058 1 * 4
2.5 0.595 0.480 0.174 3 * 3 5 8
3.0 0.651 0.560 0.246 3 * 4 6 10
3.5 0.803 0.683 0.333 3 * 3 9 12
4.0 0.737 0.795 0.577 4 * 3 6 9 19
4.5 0.931 0.931 0.897 3 * 3 9 27
5.0 0.960 0.960 0.941 3 * 3 9 27
5.5 0.909 0.975 0.963 4 * 3 5 9 27
6.0 0.986 0.986 0.978 3 * 3 9 27
6.5 0.971 0.991 0.986 4 * 3 9 11 27
7.0 0.994 0.994 0.990 3 * 3 9 27
7.5 0.996 0.996 0.994 3 * 3 9 27
8.0 0.998 0.998 0.996 3 * 3 9 27
8.5 0.998 0.998 0.997 3 * 3 9 27
9.0 0.999 0.999 0.998 3 * 3 9 27
9.5 0.999 0.999 0.999 3 * 3 9 27
10.0 1.000 1.000 0.999 3 * 3 9 27
0.5 0.000 0.000 0.000 1 * 1
1.0 0.003 0.002 0.002 1 * 2
1.5 0.556 0.249 0.046 1 * 3
2.0 0.718 0.321 0.059 1 * 3
2.5 0.596 0.447 0.148 2 * 3 7
3.0 0.799 0.613 0.242 2 * 3 9
3.5 0.825 0.683 0.314 3 * 3 9 11
4.0 0.803 0.801 0.581 4 * 3 9 11 19
4.5 0.914 0.914 0.855 3 * 3 9 26
5.0 0.963 0.963 0.945 3 * 3 9 27
5.5 0.975 0.975 0.963 3 * 3 9 27
6.0 0.986 0.986 0.978 3 * 3 9 27
6.5 0.991 0.991 0.985 3 * 3 9 27
7.0 0.994 0.994 0.990 3 * 3 9 27
7.5 0.996 0.996 0.994 3 * 3 9 27
8.0 0.998 0.998 0.996 3 * 3 9 27
8.5 0.868 0.949 0.998 4 * 4 6 9 27
9.0 0.999 0.999 0.998 3 * 3 9 27
9.5 0.999 0.999 0.999 3 * 3 9 27
10.0 1.000 1.000 0.999 3 * 3 9 27
0.5 0.000 0.000 0.000 1 * 1
1.0 0.000 0.000 0.000 1 * 1
1.5 0.566 0.254 0.049 1 * 3
2.0 0.719 0.321 0.059 1 * 3
2.5 0.624 0.472 0.168 2 * 3 8
3.0 0.796 0.611 0.240 2 * 3 9
3.5 0.793 0.688 0.341 3 * 3 9 13
4.0 0.764 0.794 0.575 4 * 3 9 14 19
4.5 0.874 0.934 0.903 4 * 3 5 9 27
5.0 0.961 0.961 0.941 3 * 3 9 27
5.5 0.976 0.976 0.964 3 * 3 9 27
6.0 0.986 0.986 0.979 3 * 3 9 27
6.5 0.991 0.991 0.986 3 * 3 9 27
7.0 0.995 0.995 0.992 3 * 3 9 27
7.5 0.997 0.997 0.995 3 * 3 9 27
8.0 0.997 0.997 0.996 3 * 3 9 27
8.5 0.999 0.999 0.998 3 * 3 9 27
9.0 0.999 0.999 0.998 3 * 3 9 27
9.5 0.999 0.999 0.999 3 * 3 9 27
10.0 1.000 1.000 0.999 3 * 3 9 27
0.5 0.000 0.000 0.000 1 * 1
1.0 0.000 0.000 0.000 1 * 1
1.5 0.542 0.242 0.045 1 * 3
2.0 0.722 0.323 0.061 1 * 3
2.5 0.609 0.459 0.160 2 * 3 8
3.0 0.801 0.615 0.244 2 * 3 9
3.5 0.823 0.681 0.312 3 * 3 9 11
4.0 0.796 0.796 0.569 3 * 3 9 19
4.5 0.873 0.920 0.866 5 * 3 9 11 14 26
5.0 0.960 0.960 0.941 3 * 3 9 27
5.5 0.976 0.976 0.964 3 * 3 9 27
6.0 0.984 0.984 0.975 3 * 3 9 27
6.5 0.888 0.992 0.987 5 * 3 5 7 9 27
7.0 0.865 0.945 0.991 4 * 4 6 9 27
7.5 0.996 0.996 0.993 3 * 3 9 27
8.0 0.998 0.998 0.997 3 * 3 9 27
8.5 0.998 0.998 0.997 3 * 3 9 27
9.0 0.999 0.999 0.998 3 * 3 9 27
9.5 0.999 0.999 0.999 3 * 3 9 27
10.0 1.000 1.000 0.999 3 * 3 9 27
0.5 0.000 0.000 0.000 1 * 1
1.0 0.000 0.000 0.000 1 * 1
1.5 0.541 0.244 0.046 1 * 3
2.0 0.715 0.318 0.058 1 * 3
2.5 0.556 0.441 0.145 3 * 3 5 7
3.0 0.567 0.456 0.236 2 * 2 10
3.5 0.809 0.632 0.280 2 * 3 11
4.0 0.763 0.794 0.573 4 * 3 9 14 19
4.5 0.849 0.934 0.902 4 * 3 6 9 27
5.0 0.943 0.961 0.944 4 * 3 9 11 27
5.5 0.946 0.975 0.964 4 * 3 9 12 27
6.0 0.956 0.985 0.977 4 * 3 9 12 27
6.5 0.990 0.990 0.985 3 * 3 9 27
7.0 0.995 0.995 0.992 3 * 3 9 27
7.5 0.997 0.997 0.994 3 * 3 9 27
8.0 0.998 0.998 0.997 3 * 3 9 27
8.5 0.999 0.999 0.998 3 * 3 9 27
9.0 0.999 0.999 0.999 3 * 3 9 27
9.5 1.000 1.000 0.999 3 * 3 9 27
10.0 1.000 1.000 1.000 3 * 3 9 27
0.5 0.000 0.000 0.000 1 * 1
1.0 0.098 0.046 0.012 1 * 2
1.5 0.547 0.245 0.045 1 * 3
2.0 0.529 0.254 0.060 1 * 4
2.5 0.607 0.459 0.163 2 * 3 8
3.0 0.806 0.619 0.244 2 * 3 9
3.5 0.815 0.686 0.326 3 * 3 9 12
4.0 0.730 0.786 0.541 7 * 3 5 7 9 12 15 18
4.5 0.918 0.918 0.864 3 * 3 9 26
5.0 0.957 0.957 0.937 3 * 3 9 27
5.5 0.977 0.977 0.966 3 * 3 9 27
6.0 0.985 0.985 0.977 3 * 3 9 27
6.5 0.991 0.991 0.985 3 * 3 9 27
7.0 0.994 0.994 0.991 3 * 3 9 27
7.5 0.997 0.997 0.995 3 * 3 9 27
8.0 0.998 0.998 0.996 3 * 3 9 27
8.5 0.998 0.998 0.998 3 * 3 9 27
9.0 0.999 0.999 0.998 3 * 3 9 27
9.5 0.999 0.999 0.999 3 * 3 9 27
10.0 1.000 1.000 0.999 3 * 3 9 27
0.5 0.000 0.000 0.000 1 * 1
1.0 0.000 0.000 0.000 1 * 1
1.5 0.533 0.239 0.045 1 * 3
2.0 0.720 0.320 0.058 1 * 3
2.5 0.631 0.479 0.175 2 * 3 8
3.0 0.795 0.610 0.240 2 * 3 9
3.5 0.821 0.676 0.303 3 * 3 9 11
4.0 0.730 0.795 0.571 4 * 3 9 17 19
4.5 0.828 0.906 0.832 4 * 3 6 9 25
5.0 0.958 0.958 0.939 3 * 3 9 27
5.5 0.977 0.977 0.966 3 * 3 9 27
6.0 0.984 0.984 0.977 3 * 3 9 27
6.5 0.991 0.991 0.986 3 * 3 9 27
7.0 0.995 0.995 0.991 3 * 3 9 27
7.5 0.996 0.996 0.994 3 * 3 9 27
8.0 0.998 0.998 0.996 3 * 3 9 27
8.5 0.998 0.998 0.998 3 * 3 9 27
9.0 0.999 0.999 0.998 3 * 3 9 27
9.5 1.000 1.000 0.999 3 * 3 9 27
10.0 1.000 1.000 0.999 3 * 3 9 27
0.5 0.000 0.000 0.000 1 * 1
1.0 0.000 0.000 0.000 1 * 1
1.5 0.547 0.246 0.047 1 * 3
2.0 0.413 0.258 0.061 2 * 2 4
2.5 0.589 0.441 0.145 2 * 3 7
3.0 0.807 0.618 0.241 2 * 3 9
3.5 0.803 0.684 0.331 3 * 3 9 12
4.0 0.810 0.810 0.615 3 * 3 9 20
4.5 0.896 0.920 0.865 4 * 3 9 12 26
5.0 0.961 0.961 0.943 3 * 3 9 27
5.5 0.956 0.975 0.964 4 * 3 9 11 27
6.0 0.984 0.984 0.976 3 * 3 9 27
6.5 0.991 0.991 0.986 3 * 3 9 27
7.0 0.994 0.994 0.990 3 * 3 9 27
7.5 0.996 0.996 0.994 3 * 3 9 27
8.0 0.998 0.998 0.996 3 * 3 9 27
8.5 0.999 0.999 0.998 3 * 3 9 27
9.0 0.999 0.999 0.998 3 * 3 9 27
9.5 0.894 0.999 0.999 5 * 3 5 7 9 27
10.0 1.000 1.000 0.999 3 * 3 9 27
0.5 0.000 0.000 0.000 1 * 1
1.0 0.000 0.000 0.000 1 * 1
1.5 0.540 0.242 0.046 1 * 3
2.0 0.726 0.324 0.060 1 * 3
2.5 0.536 0.399 0.125 2 * 3 6
3.0 0.800 0.614 0.242 2 * 3 9
3.5 0.741 0.650 0.312 4 * 3 5 10 12
4.0 0.748 0.791 0.570 4 * 3 9 15 19
4.5 0.907 0.907 0.827 3 * 3 9 25
5.0 0.964 0.964 0.946 3 * 3 9 27
5.5 0.975 0.975 0.963 3 * 3 9 27
6.0 0.918 0.985 0.977 4 * 3 5 9 27
6.5 0.991 0.991 0.986 3 * 3 9 27
7.0 0.995 0.995 0.991 3 * 3 9 27
7.5 0.996 0.996 0.994 3 * 3 9 27
8.0 0.997 0.997 0.996 3 * 3 9 27
8.5 0.998 0.998 0.997 3 * 3 9 27
9.0 0.999 0.999 0.999 3 * 3 9 27
9.5 0.999 0.999 0.999 3 * 3 9 27
10.0 1.000 1.000 0.999 3 * 3 9 27
0.5 0.000 0.000 0.000 1 * 1
1.0 0.000 0.000 0.000 1 * 1
1.5 0.541 0.244 0.047 1 * 3
2.0 0.522 0.264 0.069 1 * 4
2.5 0.542 0.459 0.166 3 * 3 6 8
3.0 0.565 0.457 0.240 2 * 2 10
3.5 0.811 0.689 0.333 3 * 3 9 12
4.0 0.781 0.781 0.536 3 * 3 9 18
4.5 0.893 0.906 0.829 4 * 3 9 11 25
5.0 0.961 0.961 0.941 3 * 3 9 27
5.5 0.975 0.975 0.964 3 * 3 9 27
6.0 0.985 0.985 0.976 3 * 3 9 27
6.5 0.991 0.991 0.985 3 * 3 9 27
7.0 0.995 0.995 0.992 3 * 3 9 27
7.5 0.997 0.997 0.995 3 * 3 9 27
8.0 0.998 0.998 0.997 3 * 3 9 27
8.5 0.999 0.999 0.998 3 * 3 9 27
9.0 0.999 0.999 0.999 3 * 3 9 27
9.5 1.000 1.000 0.999 3 * 3 9 27
10.0 1.000 1.000 0.999 3 * 3 9 27
0.5 0.000 0.000 0.000 1 * 1
1.0 0.000 0.000 0.000 1 * 1
1.5 0.315 0.187 0.042 2 * 2 4
2.0 0.733 0.326 0.060 1 * 3
2.5 0.596 0.447 0.148 2 * 3 7
3.0 0.810 0.623 0.248 2 * 3 9
3.5 0.798 0.678 0.323 3 * 3 9 12
4.0 0.773 0.799 0.583 5 * 3 9 11 14 19
4.5 0.919 0.919 0.864 3 * 3 9 26
5.0 0.901 0.960 0.943 4 * 3 7 9 27
5.5 0.975 0.975 0.963 3 * 3 9 27
6.0 0.986 0.986 0.979 3 * 3 9 27
6.5 0.990 0.990 0.985 3 * 3 9 27
7.0 0.994 0.994 0.991 3 * 3 9 27
7.5 0.996 0.996 0.994 3 * 3 9 27
8.0 0.998 0.998 0.996 3 * 3 9 27
8.5 0.999 0.999 0.998 3 * 3 9 27
9.0 0.999 0.999 0.998 3 * 3 9 27
9.5 0.999 0.999 0.999 3 * 3 9 27
10.0 1.000 1.000 1.000 3 * 3 9 27
0.5 0.000 0.000 0.000 1 * 1
1.0 0.000 0.000 0.000 1 * 1
1.5 0.538 0.240 0.045 1 * 3
2.0 0.711 0.319 0.060 1 * 3
2.5 0.573 0.429 0.141 2 * 3 7
3.0 0.803 0.616 0.244 2 * 3 9
3.5 0.806 0.686 0.331 3 * 3 9 12
4.0 0.707 0.754 0.578 4 * 4 6 9 19
4.5 0.823 0.892 0.792 6 * 3 7 9 12 14 24
5.0 0.960 0.960 0.941 3 * 3 9 27
5.5 0.974 0.974 0.961 3 * 3 9 27
6.0 0.984 0.984 0.976 3 * 3 9 27
6.5 0.991 0.991 0.987 3 * 3 9 27
7.0 0.963 0.993 0.990 4 * 3 9 12 27
7.5 0.997 0.997 0.995 3 * 3 9 27
8.0 0.997 0.997 0.995 3 * 3 9 27
8.5 0.978 0.998 0.998 4 * 3 9 11 27
9.0 0.999 0.999 0.999 3 * 3 9 27
9.5 0.999 0.999 0.999 3 * 3 9 27
10.0 0.894 0.999 0.999 5 * 3 5 7 9 27
0.5 0.000 0.000 0.000 1 * 1
1.0 0.000 0.000 0.000 1 * 1
1.5 0.551 0.248 0.049 1 * 3
2.0 0.715 0.319 0.059 1 * 3
2.5 0.594 0.446 0.150 2 * 3 7
3.0 0.806 0.619 0.243 2 * 3 9
3.5 0.648 0.512 0.305 3 * 2 10 12
4.0 0.736 0.803 0.605 5 * 3 9 13 18 20
4.5 0.736 0.745 0.862 5 * 2 7 10 14 26
5.0 0.945 0.964 0.945 4 * 3 9 11 27
5.5 0.975 0.975 0.966 3 * 3 9 27
6.0 0.985 0.985 0.978 3 * 3 9 27
6.5 0.991 0.991 0.986 3 * 3 9 27
7.0 0.995 0.995 0.992 3 * 3 9 27
7.5 0.997 0.997 0.994 3 * 3 9 27
8.0 0.998 0.998 0.997 3 * 3 9 27
8.5 0.998 0.998 0.997 3 * 3 9 27
9.0 0.979 0.999 0.998 4 * 3 9 11 27
9.5 0.999 0.999 0.999 3 * 3 9 27
10.0 1.000 1.000 0.999 3 * 3 9 27
0.5 0.000 0.000 0.000 1 * 1
1.0 0.000 0.000 0.000 1 * 1
1.5 0.534 0.239 0.045 1 * 3
2.0 0.723 0.324 0.060 1 * 3
2.5 0.599 0.451 0.153 2 * 3 7
3.0 0.805 0.619 0.247 2 * 3 9
3.5 0.798 0.684 0.338 3 * 3 9 12
4.0 0.798 0.798 0.581 3 * 3 9 19
4.5 0.874 0.933 0.900 4 * 3 5 9 27
5.0 0.961 0.961 0.941 3 * 3 9 27
5.5 0.915 0.975 0.963 4 * 3 7 9 27
6.0 0.985 0.985 0.978 3 * 3 9 27
6.5 0.991 0.991 0.986 3 * 3 9 27
7.0 0.994 0.994 0.991 3 * 3 9 27
7.5 0.996 0.996 0.994 3 * 3 9 27
8.0 0.998 0.998 0.996 3 * 3 9 27
8.5 0.893 0.998 0.997 5 * 3 5 7 9 27
9.0 0.999 0.999 0.998 3 * 3 9 27
9.5 0.906 0.959 0.999 4 * 3 7 12 27
10.0 1.000 1.000 0.999 3 * 3 9 27
0.5 0.000 0.000 0.000 1 * 1
1.0 0.162 0.074 0.016 1 * 2
1.5 0.517 0.234 0.047 1 * 3
2.0 0.725 0.323 0.059 1 * 3
2.5 0.556 0.414 0.129 2 * 3 6
3.0 0.807 0.620 0.244 2 * 3 9
3.5 0.752 0.680 0.308 5 * 3 5 7 9 11
4.0 0.757 0.784 0.550 4 * 3 5 9 18
4.5 0.922 0.922 0.868 3 * 3 9 26
5.0 0.941 0.960 0.940 4 * 3 9 11 27
5.5 0.975 0.975 0.963 3 * 3 9 27
6.0 0.985 0.985 0.977 3 * 3 9 27
6.5 0.991 0.991 0.987 3 * 3 9 27
7.0 0.994 0.994 0.991 3 * 3 9 27
7.5 0.996 0.996 0.994 3 * 3 9 27
8.0 0.998 0.998 0.996 3 * 3 9 27
8.5 0.999 0.999 0.998 3 * 3 9 27
9.0 0.999 0.999 0.998 3 * 3 9 27
9.5 0.999 0.999 0.999 3 * 3 9 27
10.0 1.000 1.000 0.999 3 * 3 9 27
0.5 0.000 0.000 0.000 1 * 1
1.0 0.000 0.000 0.000 1 * 1
1.5 0.487 0.221 0.044 1 * 3
2.0 0.718 0.321 0.058 1 * 3
2.5 0.574 0.431 0.144 2 * 3 7
3.0 0.804 0.619 0.249 2 * 3 9
3.5 0.647 0.545 0.357 3 * 2 9 13
4.0 0.806 0.807 0.607 4 * 3 9 11 20
4.5 0.906 0.906 0.866 3 * 3 10 26
5.0 0.960 0.960 0.941 3 * 3 9 27
5.5 0.977 0.977 0.965 3 * 3 9 27
6.0 0.986 0.986 0.977 3 * 3 9 27
6.5 0.992 0.992 0.987 3 * 3 9 27
7.0 0.995 0.995 0.992 3 * 3 9 27
7.5 0.996 0.996 0.994 3 * 3 9 27
8.0 0.998 0.998 0.996 3 * 3 9 27
8.5 0.968 0.999 0.998 4 * 3 9 12 27
9.0 0.999 0.999 0.998 3 * 3 9 27
9.5 0.999 0.999 0.999 3 * 3 9 27
10.0 0.930 1.000 1.000 4 * 3 5 9 27
0.5 0.004 0.003 0.002 1 * 2
1.0 0.000 0.000 0.000 1 * 1
1.5 0.533 0.240 0.046 1 * 3
2.0 0.413 0.258 0.063 2 * 2 4
2.5 0.578 0.434 0.146 2 * 3 7
3.0 0.797 0.613 0.245 2 * 3 9
3.5 0.789 0.688 0.346 3 * 3 9 13
4.0 0.798 0.798 0.582 3 * 3 9 19
4.5 0.923 0.923 0.871 3 * 3 9 26
5.0 0.961 0.961 0.942 3 * 3 9 27
5.5 0.911 0.977 0.964 4 * 3 5 9 27
6.0 0.918 0.985 0.977 4 * 3 5 9 27
6.5 0.990 0.990 0.985 3 * 3 9 27
7.0 0.974 0.994 0.991 4 * 3 9 11 27
7.5 0.996 0.996 0.994 3 * 3 9 27
8.0 0.998 0.998 0.996 3 * 3 9 27
8.5 0.998 0.998 0.997 3 * 3 9 27
9.0 0.999 0.999 0.999 3 * 3 9 27
9.5 1.000 1.000 0.999 3 * 3 9 27
10.0 1.000 1.000 0.999 3 * 3 9 27
0.5 0.000 0.000 0.000 1 * 1
1.0 0.049 0.026 0.008 1 * 2
1.5 0.542 0.245 0.047 1 * 3
2.0 0.733 0.327 0.059 1 * 3
2.5 0.600 0.450 0.150 2 * 3 7
3.0 0.789 0.607 0.244 2 * 3 9
3.5 0.750 0.666 0.329 4 * 3 7 10 12
4.0 0.795 0.803 0.582 4 * 3 9 12 19
4.5 0.854 0.914 0.855 5 * 3 9 12 15 26
5.0 0.932 0.960 0.942 4 * 3 9 12 27
5.5 0.978 0.978 0.967 3 * 3 9 27
6.0 0.985 0.985 0.977 3 * 3 9 27
6.5 0.991 0.991 0.987 3 * 3 9 27
7.0 0.994 0.994 0.991 3 * 3 9 27
7.5 0.997 0.997 0.995 3 * 3 9 27
8.0 0.997 0.997 0.996 3 * 3 9 27
8.5 0.998 0.998 0.997 3 * 3 9 27
9.0 0.999 0.999 0.998 3 * 3 9 27
9.5 0.999 0.999 0.999 3 * 3 9 27
10.0 0.999 0.999 0.999 3 * 3 9 27
0.5 0.000 0.000 0.000 1 * 1
1.0 0.000 0.000 0.000 1 * 1
1.5 0.526 0.238 0.046 1 * 3
2.0 0.427 0.270 0.070 2 * 2 4
2.5 0.591 0.443 0.148 2 * 3 7
3.0 0.805 0.617 0.241 2 * 3 9
3.5 0.793 0.697 0.362 3 * 3 9 13
4.0 0.800 0.800 0.576 3 * 3 9 19
4.5 0.933 0.933 0.899 3 * 3 9 27
5.0 0.961 0.961 0.939 3 * 3 9 27
5.5 0.976 0.976 0.964 3 * 3 9 27
6.0 0.986 0.986 0.978 3 * 3 9 27
6.5 0.990 0.990 0.985 3 * 3 9 27
7.0 0.994 0.994 0.991 3 * 3 9 27
7.5 0.997 0.997 0.995 3 * 3 9 27
8.0 0.998 0.998 0.997 3 * 3 9 27
8.5 0.999 0.999 0.998 3 * 3 9 27
9.0 0.999 0.999 0.998 3 * 3 9 27
9.5 1.000 1.000 0.999 3 * 3 9 27
10.0 1.000 1.000 0.999 3 * 3 9 27
0.5 0.000 0.000 0.000 1 * 1
1.0 0.000 0.000 0.000 1 * 1
1.5 0.545 0.245 0.047 1 * 3
2.0 0.729 0.326 0.060 1 * 3
2.5 0.573 0.431 0.149 2 * 3 7
3.0 0.793 0.609 0.242 2 * 3 9
3.5 0.636 0.526 0.334 3 * 2 10 13
4.0 0.799 0.799 0.580 3 * 3 9 19
4.5 0.857 0.907 0.865 4 * 3 7 10 26
5.0 0.961 0.961 0.943 3 * 3 9 27
5.5 0.976 0.976 0.965 3 * 3 9 27
6.0 0.985 0.985 0.977 3 * 3 9 27
6.5 0.991 0.991 0.986 3 * 3 9 27
7.0 0.995 0.995 0.991 3 * 3 9 27
7.5 0.997 0.997 0.995 3 * 3 9 27
8.0 0.998 0.998 0.997 3 * 3 9 27
8.5 0.999 0.999 0.998 3 * 3 9 27
9.0 0.999 0.999 0.999 3 * 3 9 27
9.5 1.000 1.000 0.999 3 * 3 9 27
10.0 0.906 1.000 1.000 4 * 3 6 9 27
0.5 0.000 0.000 0.000 1 * 1
1.0 0.000 0.000 0.000 1 * 1
1.5 0.546 0.246 0.048 1 * 3
2.0 0.532 0.256 0.060 1 * 4
2.5 0.607 0.455 0.152 2 * 3 7
3.0 0.707 0.617 0.249 3 * 3 6 9
3.5 0.754 0.672 0.327 4 * 3 7 10 12
4.0 0.789 0.797 0.581 4 * 3 9 12 19
4.5 0.885 0.919 0.861 4 * 3 9 13 26
5.0 0.959 0.959 0.941 3 * 3 9 27
5.5 0.977 0.977 0.965 3 * 3 9 27
6.0 0.985 0.985 0.978 3 * 3 9 27
6.5 0.991 0.991 0.986 3 * 3 9 27
7.0 0.994 0.994 0.991 3 * 3 9 27
7.5 0.997 0.997 0.995 3 * 3 9 27
8.0 0.998 0.998 0.996 3 * 3 9 27
8.5 0.999 0.999 0.998 3 * 3 9 27
9.0 0.999 0.999 0.999 3 * 3 9 27
9.5 0.999 0.999 0.999 3 * 3 9 27
10.0 0.999 0.999 0.999 3 * 3 9 27
0.5 0.000 0.000 0.000 1 * 1
1.0 0.075 0.037 0.010 1 * 2
1.5 0.552 0.249 0.048 1 * 3
2.0 0.533 0.261 0.061 1 * 4
2.5 0.616 0.466 0.165 2 * 3 8
3.0 0.767 0.596 0.253 2 * 3 10
3.5 0.800 0.703 0.367 3 * 3 9 13
4.0 0.786 0.786 0.539 3 * 3 9 18
4.5 0.909 0.909 0.831 3 * 3 9 25
5.0 0.962 0.962 0.944 3 * 3 9 27
5.5 0.834 0.812 0.965 4 * 2 9 11 27
6.0 0.985 0.985 0.977 3 * 3 9 27
6.5 0.992 0.992 0.987 3 * 3 9 27
7.0 0.965 0.995 0.992 4 * 3 9 12 27
7.5 0.976 0.997 0.995 4 * 3 9 11 27
8.0 0.998 0.998 0.997 3 * 3 9 27
8.5 0.999 0.999 0.998 3 * 3 9 27
9.0 0.999 0.999 0.999 3 * 3 9 27
9.5 0.999 0.999 0.999 3 * 3 9 27
10.0 1.000 1.000 0.999 3 * 3 9 27
0.5 0.000 0.000 0.000 1 * 1
1.0 0.003 0.002 0.002 1 * 2
1.5 0.560 0.251 0.047 1 * 3
2.0 0.713 0.319 0.059 1 * 3
2.5 0.621 0.470 0.169 2 * 3 8
3.0 0.806 0.619 0.245 2 * 3 9
3.5 0.767 0.644 0.287 3 * 3 5 11
4.0 0.798 0.798 0.572 3 * 3 9 19
4.5 0.921 0.921 0.866 3 * 3 9 26
5.0 0.961 0.961 0.940 3 * 3 9 27
5.5 0.978 0.978 0.966 3 * 3 9 27
6.0 0.985 0.985 0.976 3 * 3 9 27
6.5 0.991 0.991 0.986 3 * 3 9 27
7.0 0.994 0.994 0.990 3 * 3 9 27
7.5 0.996 0.996 0.994 3 * 3 9 27
8.0 0.998 0.998 0.996 3 * 3 9 27
8.5 0.998 0.998 0.997 3 * 3 9 27
9.0 0.921 0.999 0.998 6 * 3 9 11 19 25 27
9.5 0.999 0.999 0.999 3 * 3 9 27
10.0 1.000 1.000 0.999 3 * 3 9 27
0.5 0.000 0.000 0.000 1 * 1
1.0 0.000 0.000 0.000 1 * 1
1.5 0.560 0.251 0.047 1 * 3
2.0 0.722 0.322 0.059 1 * 3
2.5 0.673 0.514 0.197 2 * 3 9
3.0 0.804 0.618 0.246 2 * 3 9
3.5 0.795 0.694 0.353 3 * 3 9 13
4.0 0.790 0.813 0.614 4 * 3 9 13 20
4.5 0.919 0.919 0.864 3 * 3 9 26
5.0 0.961 0.961 0.942 3 * 3 9 27
5.5 0.978 0.978 0.966 3 * 3 9 27
6.0 0.985 0.985 0.977 3 * 3 9 27
6.5 0.991 0.991 0.987 3 * 3 9 27
7.0 0.994 0.994 0.991 3 * 3 9 27
7.5 0.997 0.997 0.995 3 * 3 9 27
8.0 0.998 0.998 0.996 3 * 3 9 27
8.5 0.999 0.999 0.998 3 * 3 9 27
9.0 0.999 0.999 0.998 3 * 3 9 27
9.5 0.999 0.999 0.999 3 * 3 9 27
10.0 1.000 1.000 0.999 3 * 3 9 27
0.5 0.000 0.000 0.000 1 * 1
1.0 0.000 0.000 0.000 1 * 1
1.5 0.530 0.237 0.045 1 * 3
2.0 0.505 0.254 0.063 1 * 4
2.5 0.579 0.436 0.149 2 * 3 7
3.0 0.801 0.615 0.241 2 * 3 9
3.5 0.777 0.662 0.289 3 * 3 7 10
4.0 0.762 0.808 0.606 5 * 3 5 9 13 20
4.5 0.935 0.935 0.906 3 * 3 9 27
5.0 0.959 0.959 0.940 3 * 3 9 27
5.5 0.978 0.978 0.968 3 * 3 9 27
6.0 0.985 0.985 0.977 3 * 3 9 27
6.5 0.992 0.992 0.987 3 * 3 9 27
7.0 0.975 0.995 0.991 4 * 3 9 11 27
7.5 0.996 0.996 0.994 3 * 3 9 27
8.0 0.998 0.998 0.997 3 * 3 9 27
8.5 0.999 0.999 0.998 3 * 3 9 27
9.0 0.999 0.999 0.998 3 * 3 9 27
9.5 0.979 0.999 0.999 4 * 3 9 11 27
10.0 1.000 1.000 0.999 3 * 3 9 27
0.5 0.000 0.000 0.000 1 * 1
1.0 0.000 0.000 0.000 1 * 1
1.5 0.551 0.247 0.048 1 * 3
2.0 0.538 0.260 0.061 1 * 4
2.5 0.590 0.444 0.151 2 * 3 7
3.0 0.713 0.620 0.247 3 * 3 6 9
3.5 0.747 0.657 0.308 4 * 3 7 10 12
4.0 0.801 0.801 0.580 3 * 3 9 19
4.5 0.829 0.870 0.860 4 * 3 7 12 26
5.0 0.888 0.961 0.943 5 * 3 5 9 12 27
5.5 0.975 0.975 0.963 3 * 3 9 27
6.0 0.894 0.986 0.978 4 * 3 6 9 27
6.5 0.991 0.991 0.985 3 * 3 9 27
7.0 0.926 0.995 0.991 4 * 3 5 9 27
7.5 0.996 0.996 0.994 3 * 3 9 27
8.0 0.998 0.998 0.996 3 * 3 9 27
8.5 0.936 0.998 0.997 4 * 3 7 9 27
9.0 0.998 0.998 0.998 3 * 3 9 27
9.5 0.999 0.999 0.999 3 * 3 9 27
10.0 1.000 1.000 0.999 3 * 3 9 27
0.5 0.000 0.000 0.000 1 * 1
1.0 0.145 0.066 0.013 1 * 2
1.5 0.529 0.238 0.046 1 * 3
2.0 0.713 0.317 0.058 1 * 3
2.5 0.603 0.453 0.155 2 * 3 7
3.0 0.800 0.614 0.243 2 * 3 9
3.5 0.660 0.536 0.330 3 * 2 9 12
4.0 0.785 0.785 0.545 3 * 3 9 18
4.5 0.922 0.922 0.868 3 * 3 9 26
5.0 0.958 0.958 0.938 3 * 3 9 27
5.5 0.975 0.975 0.963 3 * 3 9 27
6.0 0.984 0.984 0.976 3 * 3 9 27
6.5 0.991 0.991 0.986 3 * 3 9 27
7.0 0.994 0.994 0.991 3 * 3 9 27
7.5 0.957 0.996 0.994 4 * 3 9 13 27
8.0 0.998 0.998 0.996 3 * 3 9 27
8.5 0.930 0.999 0.998 4 * 3 5 9 27
9.0 0.999 0.999 0.998 3 * 3 9 27
9.5 0.999 0.999 0.999 3 * 3 9 27
10.0 0.999 0.999 0.999 3 * 3 9 27
0.5 0.000 0.000 0.000 1 * 1
1.0 0.000 0.000 0.000 1 * 1
1.5 0.537 0.242 0.048 1 * 3
2.0 0.522 0.263 0.068 1 * 4
2.5 0.566 0.419 0.126 2 * 3 6
3.0 0.753 0.583 0.242 2 * 3 10
3.5 0.622 0.554 0.395 3 * 2 9 14
4.0 0.805 0.805 0.605 3 * 3 9 20
4.5 0.933 0.933 0.901 3 * 3 9 27
5.0 0.934 0.962 0.943 4 * 3 9 12 27
5.5 0.976 0.976 0.964 3 * 3 9 27
6.0 0.986 0.986 0.979 3 * 3 9 27
6.5 0.972 0.992 0.987 4 * 3 9 11 27
7.0 0.994 0.994 0.991 3 * 3 9 27
7.5 0.928 0.996 0.994 4 * 3 5 9 27
8.0 0.998 0.998 0.997 3 * 3 9 27
8.5 0.998 0.998 0.997 3 * 3 9 27
9.0 0.999 0.999 0.998 3 * 3 9 27
9.5 0.999 0.999 0.998 3 * 3 9 27
10.0 1.000 1.000 0.999 3 * 3 9 27
0.5 0.000 0.000 0.000 1 * 1
1.0 0.000 0.000 0.000 1 * 1
1.5 0.535 0.241 0.046 1 * 3
2.0 0.724 0.325 0.060 1 * 3
2.5 0.586 0.439 0.147 2 * 3 7
3.0 0.786 0.603 0.238 2 * 3 9
3.5 0.718 0.619 0.360 3 * 4 8 13
4.0 0.815 0.815 0.616 3 * 3 9 20
4.5 0.857 0.906 0.864 4 * 3 7 10 26
5.0 0.959 0.959 0.939 3 * 3 9 27
5.5 0.976 0.976 0.963 3 * 3 9 27
6.0 0.986 0.986 0.979 3 * 3 9 27
6.5 0.990 0.990 0.984 3 * 3 9 27
7.0 0.995 0.995 0.993 3 * 3 9 27
7.5 0.996 0.996 0.994 3 * 3 9 27
8.0 0.998 0.998 0.996 3 * 3 9 27
8.5 0.999 0.999 0.998 3 * 3 9 27
9.0 0.999 0.999 0.998 3 * 3 9 27
9.5 0.999 0.999 0.999 3 * 3 9 27
10.0 0.999 0.999 0.999 3 * 3 9 27
0.5 0.000 0.000 0.000 1 * 1
1.0 0.140 0.064 0.013 1 * 2
1.5 0.535 0.240 0.046 1 * 3
2.0 0.729 0.325 0.060 1 * 3
2.5 0.629 0.477 0.174 2 * 3 8
3.0 0.782 0.603 0.244 2 * 3 9
3.5 0.801 0.682 0.329 3 * 3 9 12
4.0 0.739 0.760 0.580 4 * 3 7 12 19
4.5 0.907 0.907 0.829 3 * 3 9 25
5.0 0.863 0.961 0.940 5 * 3 5 7 9 27
5.5 0.973 0.973 0.960 3 * 3 9 27
6.0 0.919 0.986 0.979 4 * 3 5 9 27
6.5 0.991 0.991 0.986 3 * 3 9 27
7.0 0.994 0.994 0.991 3 * 3 9 27
7.5 0.996 0.996 0.994 3 * 3 9 27
8.0 0.977 0.997 0.995 4 * 3 9 11 27
8.5 0.998 0.998 0.997 3 * 3 9 27
9.0 0.999 0.999 0.998 3 * 3 9 27
9.5 0.999 0.999 0.999 3 * 3 9 27
10.0 1.000 1.000 0.999 3 * 3 9 27
0.5 0.000 0.000 0.000 1 * 1
1.0 0.000 0.000 0.000 1 * 1
1.5 0.566 0.254 0.048 1 * 3
2.0 0.723 0.323 0.060 1 * 3
2.5 0.396 0.312 0.143 2 * 2 7
3.0 0.798 0.612 0.242 2 * 3 9
3.5 0.826 0.687 0.317 3 * 3 9 11
4.0 0.785 0.804 0.607 4 * 3 9 13 20
4.5 0.929 0.929 0.896 3 * 3 9 27
5.0 0.871 0.960 0.941 4 * 3 6 9 27
5.5 0.974 0.974 0.963 3 * 3 9 27
6.0 0.986 0.986 0.978 3 * 3 9 27
6.5 0.992 0.992 0.987 3 * 3 9 27
7.0 0.995 0.995 0.992 3 * 3 9 27
7.5 0.927 0.996 0.994 4 * 3 5 9 27
8.0 0.998 0.998 0.996 3 * 3 9 27
8.5 0.998 0.998 0.997 3 * 3 9 27
9.0 0.979 0.999 0.998 4 * 3 9 11 27
9.5 0.999 0.999 0.999 3 * 3 9 27
10.0 1.000 1.000 0.999 3 * 3 9 27
0.5 0.000 0.000 0.000 1 * 1
1.0 0.000 0.000 0.000 1 * 1
1.5 0.542 0.243 0.046 1 * 3
2.0 0.722 0.323 0.061 1 * 3
2.5 0.617 0.467 0.167 2 * 3 8
3.0 0.804 0.617 0.244 2 * 3 9
3.5 0.826 0.678 0.310 3 * 3 9 11
4.0 0.751 0.813 0.615 5 * 3 5 9 15 20
4.5 0.929 0.929 0.897 3 * 3 9 27
5.0 0.960 0.960 0.941 3 * 3 9 27
5.5 0.976 0.976 0.964 3 * 3 9 27
6.0 0.985 0.985 0.977 3 * 3 9 27
6.5 0.970 0.990 0.986 4 * 3 9 11 27
7.0 0.890 0.995 0.991 5 * 3 5 7 9 27
7.5 0.996 0.996 0.994 3 * 3 9 27
8.0 0.998 0.998 0.997 3 * 3 9 27
8.5 0.998 0.998 0.997 3 * 3 9 27
9.0 0.999 0.999 0.998 3 * 3 9 27
9.5 0.941 0.982 0.947 5 * 3 9 12 24 27
10.0 1.000 1.000 1.000 3 * 3 9 27
0.5 0.000 0.000 0.000 1 * 1
1.0 0.000 0.000 0.000 1 * 1
1.5 0.543 0.243 0.045 1 * 3
2.0 0.432 0.264 0.059 2 * 2 4
2.5 0.578 0.435 0.149 2 * 3 8
3.0 0.798 0.612 0.240 2 * 3 9
3.5 0.806 0.688 0.335 3 * 3 9 12
4.0 0.772 0.807 0.606 5 * 3 5 9 12 20
4.5 0.902 0.918 0.863 4 * 3 9 11 26
5.0 0.861 0.958 0.937 5 * 3 5 7 9 27
5.5 0.975 0.975 0.962 3 * 3 9 27
6.0 0.986 0.986 0.977 3 * 3 9 27
6.5 0.991 0.991 0.986 3 * 3 9 27
7.0 0.994 0.994 0.991 3 * 3 9 27
7.5 0.997 0.997 0.995 3 * 3 9 27
8.0 0.997 0.997 0.995 3 * 3 9 27
8.5 0.893 0.998 0.997 5 * 3 5 7 9 27
9.0 0.930 0.999 0.998 4 * 3 5 9 27
9.5 0.930 1.000 0.999 4 * 3 5 9 27
10.0 0.980 1.000 1.000 4 * 3 9 11 27
0.5 0.000 0.000 0.000 1 * 1
1.0 0.053 0.027 0.007 1 * 2
1.5 0.537 0.241 0.046 1 * 3
2.0 0.419 0.258 0.061 2 * 2 4
2.5 0.616 0.463 0.158 2 * 3 7
3.0 0.567 0.460 0.245 2 * 2 10
3.5 0.601 0.496 0.286 2 * 2 11
4.0 0.787 0.795 0.579 4 * 3 9 12 19
4.5 0.925 0.925 0.871 3 * 3 9 26
5.0 0.897 0.961 0.941 4 * 3 5 9 27
5.5 0.978 0.978 0.967 3 * 3 9 27
6.0 0.985 0.985 0.978 3 * 3 9 27
6.5 0.992 0.992 0.987 3 * 3 9 27
7.0 0.995 0.995 0.992 3 * 3 9 27
7.5 0.997 0.997 0.995 3 * 3 9 27
8.0 0.997 0.997 0.996 3 * 3 9 27
8.5 0.998 0.998 0.997 3 * 3 9 27
9.0 0.999 0.999 0.998 3 * 3 9 27
9.5 1.000 1.000 0.999 3 * 3 9 27
10.0 1.000 1.000 1.000 3 * 3 9 27
0.5 0.004 0.002 0.003 1 * 2
1.0 0.000 0.000 0.000 1 * 1
1.5 0.531 0.238 0.045 1 * 3
2.0 0.732 0.326 0.060 1 * 3
2.5 0.627 0.474 0.167 2 * 3 8
3.0 0.805 0.617 0.241 2 * 3 9
3.5 0.690 0.631 0.334 4 * 4 6 10 13
4.0 0.803 0.803 0.584 3 * 3 9 19
4.5 0.914 0.914 0.858 3 * 3 9 26
5.0 0.961 0.961 0.943 3 * 3 9 27
5.5 0.977 0.977 0.965 3 * 3 9 27
6.0 0.985 0.985 0.977 3 * 3 9 27
6.5 0.991 0.991 0.986 3 * 3 9 27
7.0 0.994 0.994 0.992 3 * 3 9 27
7.5 0.997 0.997 0.995 3 * 3 9 27
8.0 0.997 0.997 0.996 3 * 3 9 27
8.5 0.999 0.999 0.997 3 * 3 9 27
9.0 0.999 0.999 0.998 3 * 3 9 27
9.5 1.000 1.000 0.999 3 * 3 9 27
10.0 1.000 1.000 0.999 3 * 3 9 27
0.5 0.000 0.000 0.000 1 * 1
1.0 0.000 0.000 0.000 1 * 1
1.5 0.551 0.248 0.047 1 * 3
2.0 0.509 0.266 0.071 1 * 4
2.5 0.627 0.475 0.172 2 * 3 8
3.0 0.570 0.461 0.243 2 * 2 10
3.5 0.736 0.695 0.362 5 * 3 5 7 9 13
4.0 0.800 0.797 0.575 4 * 3 9 11 19
4.5 0.760 0.760 0.865 3 * 2 9 26
5.0 0.961 0.961 0.943 3 * 3 9 27
5.5 0.888 0.976 0.965 5 * 3 6 9 11 27
6.0 0.986 0.986 0.979 3 * 3 9 27
6.5 0.991 0.991 0.986 3 * 3 9 27
7.0 0.995 0.995 0.991 3 * 3 9 27
7.5 0.996 0.996 0.994 3 * 3 9 27
8.0 0.998 0.998 0.996 3 * 3 9 27
8.5 0.999 0.999 0.998 3 * 3 9 27
9.0 0.999 0.999 0.999 3 * 3 9 27
9.5 1.000 1.000 0.999 3 * 3 9 27
10.0 1.000 1.000 0.999 3 * 3 9 27
0.5 0.000 0.000 0.000 1 * 1
1.0 0.000 0.000 0.000 1 * 1
1.5 0.563 0.253 0.048 1 * 3
2.0 0.488 0.254 0.068 1 * 4
2.5 0.607 0.459 0.164 2 * 3 8
3.0 0.800 0.615 0.245 2 * 3 9
3.5 0.805 0.684 0.330 3 * 3 9 12
4.0 0.772 0.801 0.578 4 * 3 9 14 19
4.5 0.851 0.917 0.858 6 * 3 9 11 13 15 26
5.0 0.962 0.962 0.944 3 * 3 9 27
5.5 0.974 0.974 0.961 3 * 3 9 27
6.0 0.985 0.985 0.979 3 * 3 9 27
6.5 0.991 0.991 0.986 3 * 3 9 27
7.0 0.901 0.994 0.991 4 * 3 6 9 27
7.5 0.996 0.996 0.993 3 * 3 9 27
8.0 0.998 0.998 0.996 3 * 3 9 27
8.5 0.999 0.999 0.998 3 * 3 9 27
9.0 0.999 0.999 0.998 3 * 3 9 27
9.5 0.999 0.999 0.999 3 * 3 9 27
10.0 1.000 1.000 0.999 3 * 3 9 27
0.5 0.000 0.000 0.000 1 * 1
1.0 0.000 0.000 0.000 1 * 1
1.5 0.546 0.244 0.046 1 * 3
2.0 0.527 0.260 0.062 1 * 4
2.5 0.576 0.432 0.145 2 * 3 7
3.0 0.805 0.618 0.246 2 * 3 9
3.5 0.779 0.703 0.385 3 * 3 9 14
4.0 0.791 0.791 0.549 3 * 3 9 18
4.5 0.933 0.933 0.902 3 * 3 9 27
5.0 0.962 0.962 0.943 3 * 3 9 27
5.5 0.976 0.976 0.964 3 * 3 9 27
6.0 0.893 0.985 0.977 4 * 3 6 9 27
6.5 0.972 0.992 0.987 4 * 3 9 11 27
7.0 0.994 0.994 0.991 3 * 3 9 27
7.5 0.997 0.997 0.994 3 * 3 9 27
8.0 0.998 0.998 0.996 3 * 3 9 27
8.5 0.999 0.999 0.998 3 * 3 9 27
9.0 0.999 0.999 0.998 3 * 3 9 27
9.5 0.999 0.999 0.999 3 * 3 9 27
10.0 0.979 1.000 1.000 4 * 3 9 11 27
0.5 0.000 0.000 0.000 1 * 1
1.0 0.000 0.000 0.000 1 * 1
1.5 0.546 0.246 0.046 1 * 3
2.0 0.520 0.270 0.073 1 * 4
2.5 0.612 0.462 0.163 2 * 3 8
3.0 0.808 0.620 0.246 2 * 3 9
3.5 0.790 0.693 0.362 3 * 3 9 13
4.0 0.701 0.793 0.569 5 * 3 6 9 17 19
4.5 0.839 0.921 0.867 4 * 3 6 9 26
5.0 0.877 0.963 0.945 5 * 3 6 9 11 27
5.5 0.974 0.974 0.963 3 * 3 9 27
6.0 0.985 0.985 0.978 3 * 3 9 27
6.5 0.991 0.991 0.986 3 * 3 9 27
7.0 0.994 0.994 0.992 3 * 3 9 27
7.5 0.997 0.997 0.994 3 * 3 9 27
8.0 0.936 0.998 0.997 4 * 3 7 9 27
8.5 0.905 0.998 0.998 4 * 3 6 9 27
9.0 0.999 0.999 0.998 3 * 3 9 27
9.5 0.999 0.999 0.999 3 * 3 9 27
10.0 0.999 0.999 0.999 3 * 3 9 27
0.5 0.000 0.000 0.000 1 * 1
1.0 0.000 0.000 0.000 1 * 1
1.5 0.532 0.239 0.047 1 * 3
2.0 0.729 0.326 0.059 1 * 3
2.5 0.632 0.478 0.172 2 * 3 8
3.0 0.803 0.617 0.244 2 * 3 9
3.5 0.751 0.662 0.311 4 * 3 7 10 12
4.0 0.727 0.805 0.605 5 * 3 5 9 18 20
4.5 0.933 0.933 0.901 3 * 3 9 27
5.0 0.961 0.961 0.943 3 * 3 9 27
5.5 0.976 0.976 0.964 3 * 3 9 27
6.0 0.986 0.986 0.978 3 * 3 9 27
6.5 0.990 0.990 0.984 3 * 3 9 27
7.0 0.994 0.994 0.991 3 * 3 9 27
7.5 0.997 0.997 0.995 3 * 3 9 27
8.0 0.997 0.997 0.996 3 * 3 9 27
8.5 0.998 0.998 0.997 3 * 3 9 27
9.0 0.999 0.999 0.998 3 * 3 9 27
9.5 1.000 1.000 0.999 3 * 3 9 27
10.0 1.000 1.000 0.999 3 * 3 9 27
