0.5 0.027 0.028 0.015 3 * 0.009 0.013 0.015
1.0 0.040 0.034 0.021 3 * 0.041 0.021 0.021
1.5 0.072 0.062 0.032 3 * 0.079 0.064 0.032
2.0 0.142 0.128 0.069 3 * 0.203 0.113 0.069
2.5 0.359 0.317 0.153 3 * 0.410 0.387 0.153
3.0 0.546 0.546 0.314 3 * 0.697 0.625 0.314
0.5 0.021 0.024 0.015 3 * 0.006 0.012 0.015
1.0 0.035 0.029 0.018 3 * 0.039 0.020 0.018
1.5 0.082 0.066 0.036 3 * 0.108 0.056 0.036
2.0 0.207 0.192 0.077 3 * 0.317 0.181 0.077
2.5 0.356 0.319 0.152 3 * 0.422 0.382 0.152
3.0 0.512 0.512 0.302 3 * 0.645 0.590 0.302
3.5 0.771 0.771 0.624 3 * 0.871 0.817 0.624
4.0 0.876 0.876 0.801 3 * 0.929 0.898 0.801
4.5 0.932 0.932 0.901 3 * 0.957 0.937 0.901
5.0 0.958 0.958 0.939 3 * 0.974 0.961 0.939
5.5 0.977 0.977 0.966 3 * 0.986 0.980 0.966
6.0 0.985 0.985 0.978 3 * 0.991 0.987 0.978
6.5 0.991 0.991 0.987 3 * 0.995 0.992 0.987
7.0 0.994 0.994 0.991 3 * 0.997 0.995 0.991
7.5 0.997 0.997 0.995 3 * 0.998 0.997 0.995
8.0 0.998 0.998 0.996 3 * 0.999 0.998 0.996
8.5 0.998 0.998 0.997 3 * 0.999 0.998 0.997
9.0 0.999 0.999 0.998 3 * 0.999 0.999 0.998
9.5 0.999 0.999 0.999 3 * 1.000 1.000 0.999
10.0 1.000 1.000 1.000 3 * 1.000 1.000 1.000
0.5 0.022 0.021 0.015 3 * 0.014 0.012 0.015
1.0 0.029 0.033 0.020 3 * 0.014 0.027 0.020
1.5 0.088 0.074 0.036 3 * 0.131 0.056 0.036
2.0 0.192 0.173 0.068 3 * 0.316 0.136 0.068
2.5 0.369 0.327 0.143 3 * 0.474 0.365 0.143
3.0 0.521 0.521 0.304 3 * 0.666 0.593 0.304
3.5 0.737 0.737 0.571 3 * 0.847 0.794 0.571
4.0 0.881 0.881 0.813 3 * 0.929 0.901 0.813
4.5 0.933 0.933 0.901 3 * 0.957 0.941 0.901
5.0 0.959 0.959 0.940 3 * 0.975 0.963 0.940
5.5 0.976 0.976 0.964 3 * 0.987 0.978 0.964
6.0 0.987 0.987 0.979 3 * 0.992 0.988 0.979
6.5 0.991 0.991 0.986 3 * 0.995 0.992 0.986
7.0 0.994 0.994 0.990 3 * 0.997 0.995 0.990
7.5 0.996 0.996 0.994 3 * 0.998 0.997 0.994
8.0 0.998 0.998 0.997 3 * 0.999 0.999 0.997
8.5 0.998 0.998 0.997 3 * 0.999 0.999 0.997
9.0 0.999 0.999 0.998 3 * 1.000 0.999 0.998
9.5 0.999 0.999 0.999 3 * 1.000 0.999 0.999
10.0 0.999 0.999 0.999 3 * 1.000 1.000 0.999
0.5 0.024 0.023 0.014 3 * 0.011 0.010 0.014
1.0 0.037 0.033 0.022 3 * 0.033 0.022 0.022
1.5 0.099 0.082 0.039 3 * 0.110 0.068 0.039
2.0 0.201 0.188 0.075 3 * 0.325 0.165 0.075
2.5 0.383 0.342 0.154 3 * 0.482 0.390 0.154
3.0 0.538 0.538 0.325 3 * 0.678 0.611 0.325
3.5 0.732 0.732 0.572 3 * 0.838 0.785 0.572
4.0 0.875 0.875 0.795 3 * 0.933 0.898 0.795
4.5 0.933 0.933 0.902 3 * 0.957 0.940 0.902
5.0 0.958 0.958 0.938 3 * 0.974 0.962 0.938
5.5 0.974 0.974 0.961 3 * 0.985 0.977 0.961
6.0 0.983 0.983 0.973 3 * 0.990 0.985 0.973
6.5 0.990 0.990 0.985 3 * 0.994 0.992 0.985
7.0 0.994 0.994 0.991 3 * 0.996 0.994 0.991
7.5 0.996 0.996 0.994 3 * 0.998 0.997 0.994
8.0 0.998 0.998 0.996 3 * 0.999 0.998 0.996
8.5 0.998 0.998 0.997 3 * 0.999 0.998 0.997
9.0 0.999 0.999 0.999 3 * 1.000 1.000 0.999
9.5 0.999 0.999 0.999 3 * 1.000 0.999 0.999
10.0 1.000 1.000 0.999 3 * 1.000 1.000 0.999
0.5 0.016 0.015 0.015 3 * 0.011 0.010 0.015
1.0 0.038 0.034 0.021 3 * 0.036 0.024 0.021
1.5 0.087 0.075 0.036 3 * 0.136 0.054 0.036
2.0 0.188 0.173 0.079 3 * 0.281 0.158 0.079
2.5 0.389 0.349 0.158 3 * 0.494 0.396 0.158
3.0 0.510 0.490 0.266 3 * 0.640 0.563 0.266
3.5 0.758 0.758 0.609 3 * 0.859 0.805 0.609
4.0 0.879 0.879 0.811 3 * 0.929 0.899 0.811
4.5 0.930 0.930 0.898 3 * 0.955 0.938 0.898
5.0 0.961 0.961 0.942 3 * 0.975 0.966 0.942
5.5 0.975 0.975 0.964 3 * 0.985 0.977 0.964
6.0 0.986 0.986 0.979 3 * 0.992 0.988 0.979
6.5 0.990 0.990 0.985 3 * 0.995 0.992 0.985
7.0 0.994 0.994 0.990 3 * 0.997 0.994 0.990
7.5 0.997 0.997 0.995 3 * 0.998 0.997 0.995
8.0 0.998 0.998 0.997 3 * 0.999 0.998 0.997
8.5 0.999 0.999 0.997 3 * 1.000 0.999 0.997
9.0 0.999 0.999 0.998 3 * 0.999 0.999 0.998
9.5 0.999 0.999 0.999 3 * 1.000 1.000 0.999
10.0 1.000 1.000 0.999 3 * 1.000 1.000 0.999
0.5 0.020 0.021 0.015 3 * 0.009 0.013 0.015
1.0 0.035 0.038 0.020 3 * 0.020 0.028 0.020
1.5 0.093 0.075 0.034 3 * 0.125 0.064 0.034
2.0 0.148 0.135 0.074 3 * 0.163 0.158 0.074
2.5 0.391 0.349 0.147 3 * 0.508 0.393 0.147
3.0 0.530 0.530 0.307 3 * 0.681 0.601 0.307
3.5 0.766 0.766 0.611 3 * 0.870 0.817 0.611
4.0 0.880 0.880 0.810 3 * 0.931 0.900 0.810
4.5 0.935 0.935 0.905 3 * 0.957 0.942 0.905
5.0 0.961 0.961 0.942 3 * 0.975 0.965 0.942
5.5 0.976 0.976 0.963 3 * 0.986 0.978 0.963
6.0 0.985 0.985 0.977 3 * 0.992 0.987 0.977
6.5 0.991 0.991 0.986 3 * 0.995 0.992 0.986
7.0 0.994 0.994 0.991 3 * 0.997 0.995 0.991
7.5 0.996 0.996 0.994 3 * 0.998 0.997 0.994
8.0 0.998 0.998 0.997 3 * 0.999 0.998 0.997
8.5 0.998 0.998 0.997 3 * 0.999 0.999 0.997
9.0 0.999 0.999 0.999 3 * 0.999 0.999 0.999
9.5 1.000 1.000 0.999 3 * 1.000 1.000 0.999
10.0 0.999 0.999 0.999 3 * 1.000 1.000 0.999
0.5 0.025 0.026 0.016 3 * 0.010 0.014 0.016
1.0 0.036 0.033 0.022 3 * 0.035 0.028 0.022
1.5 0.148 0.106 0.038 3 * 0.217 0.063 0.038
2.0 0.243 0.225 0.082 3 * 0.378 0.214 0.082
2.5 0.375 0.329 0.143 3 * 0.467 0.376 0.143
3.0 0.513 0.502 0.281 3 * 0.649 0.574 0.281
3.5 0.757 0.757 0.607 3 * 0.855 0.809 0.607
4.0 0.873 0.873 0.797 3 * 0.928 0.893 0.797
4.5 0.935 0.935 0.901 3 * 0.961 0.943 0.901
5.0 0.960 0.960 0.942 3 * 0.975 0.964 0.942
5.5 0.976 0.976 0.964 3 * 0.985 0.979 0.964
6.0 0.985 0.985 0.978 3 * 0.991 0.987 0.978
6.5 0.990 0.990 0.985 3 * 0.995 0.992 0.985
7.0 0.994 0.994 0.990 3 * 0.997 0.995 0.990
7.5 0.996 0.996 0.994 3 * 0.998 0.997 0.994
8.0 0.997 0.997 0.995 3 * 0.999 0.998 0.995
8.5 0.998 0.998 0.997 3 * 0.999 0.999 0.997
9.0 0.999 0.999 0.999 3 * 1.000 0.999 0.999
9.5 0.999 0.999 0.999 3 * 1.000 1.000 0.999
10.0 1.000 1.000 0.999 3 * 1.000 1.000 0.999
0.5 0.021 0.020 0.014 3 * 0.016 0.013 0.014
1.0 0.030 0.030 0.019 3 * 0.025 0.024 0.019
1.5 0.099 0.084 0.039 3 * 0.143 0.070 0.039
2.0 0.199 0.189 0.072 3 * 0.329 0.164 0.072
2.5 0.376 0.330 0.143 3 * 0.470 0.376 0.143
3.0 0.518 0.518 0.300 3 * 0.662 0.591 0.300
3.5 0.717 0.717 0.536 3 * 0.836 0.779 0.536
4.0 0.871 0.871 0.797 3 * 0.925 0.891 0.797
4.5 0.936 0.936 0.904 3 * 0.961 0.942 0.904
5.0 0.961 0.961 0.942 3 * 0.975 0.965 0.942
5.5 0.977 0.977 0.965 3 * 0.986 0.981 0.965
6.0 0.985 0.985 0.976 3 * 0.992 0.986 0.976
6.5 0.990 0.990 0.985 3 * 0.994 0.991 0.985
7.0 0.995 0.995 0.991 3 * 0.998 0.996 0.991
7.5 0.996 0.996 0.994 3 * 0.998 0.996 0.994
8.0 0.998 0.998 0.996 3 * 0.999 0.998 0.996
8.5 0.999 0.999 0.998 3 * 0.999 0.999 0.998
9.0 0.999 0.999 0.999 3 * 0.999 0.999 0.999
9.5 0.999 0.999 0.999 3 * 1.000 0.999 0.999
10.0 1.000 1.000 1.000 3 * 1.000 1.000 1.000
0.5 0.021 0.023 0.014 3 * 0.003 0.011 0.014
1.0 0.037 0.034 0.020 3 * 0.031 0.024 0.020
1.5 0.090 0.078 0.035 3 * 0.141 0.058 0.035
2.0 0.190 0.178 0.078 3 * 0.303 0.153 0.078
2.5 0.402 0.358 0.151 3 * 0.522 0.401 0.151
3.0 0.532 0.532 0.318 3 * 0.675 0.604 0.318
3.5 0.743 0.743 0.578 3 * 0.852 0.799 0.578
4.0 0.878 0.878 0.806 3 * 0.929 0.898 0.806
4.5 0.934 0.934 0.902 3 * 0.959 0.940 0.902
5.0 0.960 0.960 0.941 3 * 0.976 0.964 0.941
5.5 0.976 0.976 0.964 3 * 0.986 0.978 0.964
6.0 0.985 0.985 0.978 3 * 0.991 0.987 0.978
6.5 0.991 0.991 0.987 3 * 0.995 0.993 0.987
7.0 0.995 0.995 0.991 3 * 0.997 0.996 0.991
7.5 0.996 0.996 0.994 3 * 0.997 0.996 0.994
8.0 0.998 0.998 0.996 3 * 0.999 0.998 0.996
8.5 0.998 0.998 0.997 3 * 0.999 0.998 0.997
9.0 0.999 0.999 0.998 3 * 0.999 0.999 0.998
9.5 0.999 0.999 0.999 3 * 1.000 0.999 0.999
10.0 1.000 1.000 0.999 3 * 1.000 1.000 0.999
0.5 0.027 0.025 0.016 3 * 0.014 0.010 0.016
1.0 0.054 0.046 0.021 3 * 0.081 0.036 0.021
1.5 0.135 0.110 0.038 3 * 0.221 0.071 0.038
2.0 0.186 0.170 0.073 3 * 0.289 0.147 0.073
2.5 0.398 0.362 0.150 3 * 0.530 0.405 0.150
3.0 0.503 0.487 0.282 3 * 0.614 0.564 0.282
3.5 0.742 0.742 0.582 3 * 0.847 0.798 0.582
4.0 0.873 0.873 0.804 3 * 0.925 0.892 0.804
4.5 0.933 0.933 0.900 3 * 0.960 0.939 0.900
5.0 0.959 0.959 0.940 3 * 0.974 0.963 0.940
5.5 0.977 0.977 0.966 3 * 0.986 0.979 0.966
6.0 0.985 0.985 0.977 3 * 0.991 0.987 0.977
6.5 0.991 0.991 0.985 3 * 0.996 0.992 0.985
7.0 0.995 0.995 0.992 3 * 0.997 0.995 0.992
7.5 0.997 0.997 0.995 3 * 0.998 0.997 0.995
8.0 0.998 0.998 0.996 3 * 0.999 0.998 0.996
8.5 0.999 0.999 0.998 3 * 0.999 0.999 0.998
9.0 0.999 0.999 0.998 3 * 0.999 0.999 0.998
9.5 0.999 0.999 0.999 3 * 1.000 1.000 0.999
10.0 1.000 1.000 1.000 3 * 1.000 1.000 1.000
0.5 0.033 0.036 0.015 3 * 0.004 0.014 0.015
1.0 0.043 0.040 0.021 3 * 0.039 0.031 0.021
1.5 0.079 0.063 0.035 3 * 0.083 0.052 0.035
2.0 0.198 0.186 0.079 3 * 0.294 0.184 0.079
2.5 0.374 0.337 0.147 3 * 0.496 0.369 0.147
3.0 0.505 0.493 0.267 3 * 0.636 0.576 0.267
3.5 0.725 0.725 0.555 3 * 0.834 0.785 0.555
4.0 0.880 0.880 0.812 3 * 0.929 0.897 0.812
4.5 0.929 0.929 0.894 3 * 0.957 0.936 0.894
5.0 0.961 0.961 0.943 3 * 0.975 0.965 0.943
5.5 0.975 0.975 0.963 3 * 0.984 0.978 0.963
6.0 0.985 0.985 0.978 3 * 0.990 0.988 0.978
6.5 0.990 0.990 0.985 3 * 0.995 0.991 0.985
7.0 0.994 0.994 0.990 3 * 0.997 0.995 0.990
7.5 0.997 0.997 0.995 3 * 0.998 0.997 0.995
8.0 0.998 0.998 0.996 3 * 0.999 0.998 0.996
8.5 0.998 0.998 0.998 3 * 0.999 0.999 0.998
9.0 0.999 0.999 0.998 3 * 0.999 0.999 0.998
9.5 1.000 1.000 0.999 3 * 1.000 1.000 0.999
10.0 1.000 1.000 0.999 3 * 1.000 1.000 0.999
0.5 0.021 0.024 0.014 3 * 0.004 0.012 0.014
1.0 0.034 0.029 0.021 3 * 0.041 0.025 0.021
1.5 0.110 0.087 0.036 3 * 0.167 0.059 0.036
2.0 0.163 0.143 0.080 3 * 0.199 0.149 0.080
2.5 0.377 0.332 0.139 3 * 0.483 0.376 0.139
3.0 0.519 0.513 0.302 3 * 0.646 0.590 0.302
3.5 0.743 0.743 0.568 3 * 0.860 0.800 0.568
4.0 0.881 0.881 0.818 3 * 0.928 0.898 0.818
4.5 0.931 0.931 0.901 3 * 0.955 0.939 0.901
5.0 0.960 0.960 0.940 3 * 0.975 0.964 0.940
5.5 0.975 0.975 0.962 3 * 0.985 0.977 0.962
6.0 0.985 0.985 0.977 3 * 0.992 0.986 0.977
6.5 0.992 0.992 0.987 3 * 0.995 0.993 0.987
7.0 0.994 0.994 0.991 3 * 0.997 0.995 0.991
7.5 0.996 0.996 0.994 3 * 0.998 0.997 0.994
8.0 0.998 0.998 0.996 3 * 0.999 0.999 0.996
8.5 0.998 0.998 0.997 3 * 0.999 0.999 0.997
9.0 0.999 0.999 0.999 3 * 1.000 1.000 0.999
9.5 0.999 0.999 0.999 3 * 1.000 1.000 0.999
10.0 1.000 1.000 1.000 3 * 1.000 1.000 1.000
0.5 0.021 0.021 0.016 3 * 0.015 0.013 0.016
1.0 0.034 0.035 0.021 3 * 0.023 0.024 0.021
1.5 0.070 0.064 0.034 3 * 0.063 0.065 0.034
2.0 0.186 0.171 0.074 3 * 0.269 0.170 0.074
2.5 0.378 0.336 0.147 3 * 0.484 0.378 0.147
3.0 0.518 0.512 0.280 3 * 0.662 0.595 0.280
3.5 0.704 0.704 0.531 3 * 0.815 0.766 0.531
4.0 0.856 0.856 0.774 3 * 0.914 0.879 0.774
4.5 0.931 0.931 0.897 3 * 0.958 0.938 0.897
5.0 0.958 0.958 0.939 3 * 0.973 0.962 0.939
5.5 0.974 0.974 0.962 3 * 0.984 0.976 0.962
6.0 0.985 0.985 0.978 3 * 0.991 0.987 0.978
6.5 0.992 0.992 0.987 3 * 0.995 0.993 0.987
7.0 0.996 0.996 0.993 3 * 0.997 0.997 0.993
7.5 0.996 0.996 0.994 3 * 0.998 0.997 0.994
8.0 0.998 0.998 0.997 3 * 0.999 0.998 0.997
8.5 0.999 0.999 0.997 3 * 1.000 0.999 0.997
9.0 0.999 0.999 0.998 3 * 1.000 0.999 0.998
9.5 0.999 0.999 0.999 3 * 1.000 0.999 0.999
10.0 0.999 0.999 0.999 3 * 1.000 0.999 0.999
0.5 0.020 0.020 0.015 3 * 0.011 0.012 0.015
1.0 0.038 0.037 0.021 3 * 0.025 0.022 0.021
1.5 0.091 0.071 0.035 3 * 0.127 0.051 0.035
2.0 0.194 0.182 0.069 3 * 0.331 0.148 0.069
2.5 0.348 0.309 0.140 3 * 0.410 0.378 0.140
3.0 0.509 0.493 0.275 3 * 0.632 0.572 0.275
3.5 0.710 0.710 0.533 3 * 0.825 0.773 0.533
4.0 0.870 0.870 0.794 3 * 0.925 0.891 0.794
4.5 0.930 0.930 0.898 3 * 0.955 0.938 0.898
5.0 0.961 0.961 0.942 3 * 0.976 0.965 0.942
5.5 0.976 0.976 0.963 3 * 0.986 0.979 0.963
6.0 0.984 0.984 0.976 3 * 0.991 0.986 0.976
6.5 0.990 0.990 0.985 3 * 0.994 0.991 0.985
7.0 0.995 0.995 0.991 3 * 0.997 0.996 0.991
7.5 0.997 0.997 0.995 3 * 0.998 0.997 0.995
8.0 0.998 0.998 0.997 3 * 0.999 0.998 0.997
8.5 0.999 0.999 0.998 3 * 0.999 0.999 0.998
9.0 0.999 0.999 0.998 3 * 1.000 0.999 0.998
9.5 1.000 1.000 0.999 3 * 1.000 1.000 0.999
10.0 1.000 1.000 1.000 3 * 1.000 1.000 1.000
0.5 0.031 0.029 0.015 3 * 0.018 0.011 0.015
1.0 0.036 0.036 0.021 3 * 0.024 0.023 0.021
1.5 0.109 0.086 0.036 3 * 0.118 0.063 0.036
2.0 0.218 0.207 0.070 3 * 0.383 0.167 0.070
2.5 0.369 0.328 0.160 3 * 0.416 0.408 0.160
3.0 0.522 0.510 0.284 3 * 0.660 0.586 0.284
3.5 0.720 0.720 0.550 3 * 0.829 0.780 0.550
4.0 0.881 0.881 0.814 3 * 0.928 0.900 0.814
4.5 0.932 0.932 0.897 3 * 0.959 0.939 0.897
5.0 0.960 0.960 0.939 3 * 0.976 0.964 0.939
5.5 0.975 0.975 0.964 3 * 0.984 0.978 0.964
6.0 0.986 0.986 0.979 3 * 0.992 0.988 0.979
6.5 0.992 0.992 0.987 3 * 0.995 0.993 0.987
7.0 0.994 0.994 0.991 3 * 0.997 0.995 0.991
7.5 0.996 0.996 0.994 3 * 0.998 0.997 0.994
8.0 0.997 0.997 0.996 3 * 0.998 0.998 0.996
8.5 0.999 0.999 0.997 3 * 0.999 0.999 0.997
9.0 0.999 0.999 0.998 3 * 1.000 0.999 0.998
9.5 0.999 0.999 0.999 3 * 1.000 1.000 0.999
10.0 1.000 1.000 0.999 3 * 1.000 1.000 0.999
0.5 0.020 0.022 0.014 3 * 0.004 0.010 0.014
1.0 0.033 0.038 0.023 3 * 0.009 0.024 0.023
1.5 0.114 0.095 0.034 3 * 0.186 0.064 0.034
2.0 0.182 0.169 0.065 3 * 0.283 0.158 0.065
2.5 0.365 0.319 0.147 3 * 0.422 0.390 0.147
3.0 0.515 0.497 0.279 3 * 0.634 0.578 0.279
3.5 0.714 0.714 0.538 3 * 0.831 0.773 0.538
4.0 0.857 0.857 0.771 3 * 0.917 0.885 0.771
4.5 0.931 0.931 0.897 3 * 0.957 0.939 0.897
5.0 0.964 0.964 0.945 3 * 0.978 0.968 0.945
5.5 0.977 0.977 0.966 3 * 0.986 0.979 0.966
6.0 0.986 0.986 0.979 3 * 0.992 0.988 0.979
6.5 0.990 0.990 0.985 3 * 0.994 0.992 0.985
7.0 0.994 0.994 0.991 3 * 0.996 0.995 0.991
7.5 0.996 0.996 0.993 3 * 0.998 0.996 0.993
8.0 0.998 0.998 0.996 3 * 0.999 0.998 0.996
8.5 0.999 0.999 0.998 3 * 1.000 0.999 0.998
9.0 0.999 0.999 0.998 3 * 1.000 0.999 0.998
9.5 0.999 0.999 0.999 3 * 1.000 0.999 0.999
10.0 1.000 1.000 0.999 3 * 1.000 1.000 0.999
0.5 0.019 0.020 0.015 3 * 0.010 0.013 0.015
1.0 0.033 0.036 0.021 3 * 0.026 0.033 0.021
1.5 0.101 0.084 0.037 3 * 0.155 0.059 0.037
2.0 0.162 0.144 0.077 3 * 0.189 0.165 0.077
2.5 0.361 0.319 0.154 3 * 0.411 0.391 0.154
3.0 0.531 0.523 0.295 3 * 0.677 0.596 0.295
3.5 0.742 0.742 0.586 3 * 0.848 0.793 0.586
4.0 0.877 0.877 0.809 3 * 0.927 0.894 0.809
4.5 0.932 0.932 0.901 3 * 0.956 0.940 0.901
5.0 0.962 0.962 0.943 3 * 0.977 0.965 0.943
5.5 0.976 0.976 0.966 3 * 0.985 0.978 0.966
6.0 0.987 0.987 0.979 3 * 0.994 0.989 0.979
6.5 0.991 0.991 0.986 3 * 0.996 0.993 0.986
7.0 0.994 0.994 0.990 3 * 0.997 0.995 0.990
7.5 0.996 0.996 0.994 3 * 0.998 0.997 0.994
8.0 0.998 0.998 0.997 3 * 0.999 0.998 0.997
8.5 0.998 0.998 0.997 3 * 0.999 0.999 0.997
9.0 0.999 0.999 0.998 3 * 0.999 0.999 0.998
9.5 0.999 0.999 0.999 3 * 1.000 0.999 0.999
10.0 1.000 1.000 0.999 3 * 1.000 1.000 0.999
0.5 0.023 0.025 0.014 3 * 0.007 0.013 0.014
1.0 0.041 0.039 0.019 3 * 0.027 0.021 0.019
1.5 0.095 0.081 0.040 3 * 0.127 0.075 0.040
2.0 0.140 0.127 0.067 3 * 0.178 0.136 0.067
2.5 0.397 0.353 0.144 3 * 0.525 0.389 0.144
3.0 0.525 0.525 0.300 3 * 0.675 0.601 0.300
3.5 0.720 0.720 0.552 3 * 0.831 0.776 0.552
4.0 0.878 0.878 0.809 3 * 0.928 0.897 0.809
4.5 0.931 0.931 0.898 3 * 0.957 0.939 0.898
5.0 0.961 0.961 0.941 3 * 0.977 0.965 0.941
5.5 0.976 0.976 0.964 3 * 0.985 0.979 0.964
6.0 0.985 0.985 0.977 3 * 0.991 0.986 0.977
6.5 0.991 0.991 0.986 3 * 0.996 0.992 0.986
7.0 0.994 0.994 0.990 3 * 0.997 0.994 0.990
7.5 0.997 0.997 0.994 3 * 0.999 0.998 0.994
8.0 0.998 0.998 0.996 3 * 0.999 0.998 0.996
8.5 0.999 0.999 0.998 3 * 0.999 0.999 0.998
9.0 0.999 0.999 0.999 3 * 0.999 0.999 0.999
9.5 1.000 1.000 0.999 3 * 1.000 1.000 0.999
10.0 1.000 1.000 1.000 3 * 1.000 1.000 1.000
0.5 0.019 0.017 0.015 3 * 0.018 0.014 0.015
1.0 0.028 0.031 0.019 3 * 0.012 0.021 0.019
1.5 0.107 0.081 0.036 3 * 0.157 0.049 0.036
2.0 0.194 0.185 0.070 3 * 0.318 0.166 0.070
2.5 0.385 0.345 0.153 3 * 0.491 0.392 0.153
3.0 0.494 0.489 0.309 3 * 0.564 0.594 0.309
3.5 0.747 0.747 0.587 3 * 0.853 0.802 0.587
4.0 0.875 0.875 0.803 3 * 0.929 0.893 0.803
4.5 0.935 0.935 0.905 3 * 0.958 0.943 0.905
5.0 0.958 0.958 0.940 3 * 0.971 0.962 0.940
5.5 0.975 0.975 0.962 3 * 0.984 0.978 0.962
6.0 0.984 0.984 0.975 3 * 0.991 0.986 0.975
6.5 0.991 0.991 0.986 3 * 0.995 0.992 0.986
7.0 0.995 0.995 0.992 3 * 0.997 0.996 0.992
7.5 0.997 0.997 0.995 3 * 0.998 0.997 0.995
8.0 0.997 0.997 0.996 3 * 0.999 0.998 0.996
8.5 0.998 0.998 0.997 3 * 0.999 0.999 0.997
9.0 0.999 0.999 0.999 3 * 0.999 0.999 0.999
9.5 0.999 0.999 0.999 3 * 1.000 0.999 0.999
10.0 1.000 1.000 0.999 3 * 1.000 1.000 0.999
0.5 0.025 0.028 0.016 3 * 0.005 0.015 0.016
1.0 0.029 0.030 0.021 3 * 0.015 0.021 0.021
1.5 0.117 0.100 0.038 3 * 0.199 0.065 0.038
2.0 0.194 0.180 0.080 3 * 0.295 0.166 0.080
2.5 0.387 0.344 0.145 3 * 0.503 0.385 0.145
3.0 0.521 0.509 0.291 3 * 0.651 0.584 0.291
3.5 0.767 0.767 0.624 3 * 0.865 0.814 0.624
4.0 0.874 0.874 0.799 3 * 0.927 0.896 0.799
4.5 0.931 0.931 0.898 3 * 0.958 0.939 0.898
5.0 0.960 0.960 0.940 3 * 0.975 0.964 0.940
5.5 0.978 0.978 0.967 3 * 0.987 0.980 0.967
6.0 0.986 0.986 0.978 3 * 0.992 0.987 0.978
6.5 0.991 0.991 0.986 3 * 0.995 0.992 0.986
7.0 0.994 0.994 0.991 3 * 0.996 0.995 0.991
7.5 0.996 0.996 0.993 3 * 0.998 0.997 0.993
8.0 0.997 0.997 0.996 3 * 0.998 0.998 0.996
8.5 0.998 0.998 0.997 3 * 0.999 0.999 0.997
9.0 0.999 0.999 0.999 3 * 1.000 0.999 0.999
9.5 1.000 1.000 0.999 3 * 1.000 1.000 0.999
10.0 1.000 1.000 0.999 3 * 1.000 1.000 0.999
0.5 0.018 0.019 0.015 3 * 0.009 0.012 0.015
1.0 0.045 0.044 0.020 3 * 0.033 0.029 0.020
1.5 0.105 0.091 0.039 3 * 0.166 0.067 0.039
2.0 0.139 0.125 0.069 3 * 0.187 0.120 0.069
2.5 0.389 0.344 0.154 3 * 0.489 0.390 0.154
3.0 0.506 0.504 0.288 3 * 0.644 0.580 0.288
3.5 0.722 0.722 0.562 3 * 0.824 0.779 0.562
4.0 0.869 0.869 0.796 3 * 0.924 0.889 0.796
4.5 0.936 0.936 0.905 3 * 0.961 0.942 0.905
5.0 0.960 0.960 0.943 3 * 0.974 0.964 0.943
5.5 0.975 0.975 0.964 3 * 0.985 0.978 0.964
6.0 0.986 0.986 0.979 3 * 0.992 0.988 0.979
6.5 0.990 0.990 0.985 3 * 0.994 0.991 0.985
7.0 0.994 0.994 0.991 3 * 0.997 0.995 0.991
7.5 0.996 0.996 0.994 3 * 0.998 0.997 0.994
8.0 0.997 0.997 0.996 3 * 0.999 0.998 0.996
8.5 0.999 0.999 0.998 3 * 0.999 0.999 0.998
9.0 0.999 0.999 0.999 3 * 1.000 0.999 0.999
9.5 1.000 1.000 0.999 3 * 1.000 1.000 0.999
10.0 1.000 1.000 0.999 3 * 1.000 1.000 0.999
0.5 0.029 0.030 0.016 3 * 0.010 0.013 0.016
1.0 0.040 0.034 0.021 3 * 0.042 0.023 0.021
1.5 0.097 0.084 0.039 3 * 0.129 0.082 0.039
2.0 0.137 0.128 0.069 3 * 0.185 0.129 0.069
2.5 0.350 0.305 0.144 3 * 0.393 0.377 0.144
3.0 0.513 0.498 0.280 3 * 0.636 0.579 0.280
3.5 0.745 0.745 0.583 3 * 0.853 0.799 0.583
4.0 0.877 0.877 0.808 3 * 0.928 0.895 0.808
4.5 0.937 0.937 0.905 3 * 0.962 0.945 0.905
5.0 0.961 0.961 0.941 3 * 0.976 0.965 0.941
5.5 0.978 0.978 0.967 3 * 0.986 0.980 0.967
6.0 0.986 0.986 0.978 3 * 0.992 0.987 0.978
6.5 0.990 0.990 0.986 3 * 0.994 0.991 0.986
7.0 0.995 0.995 0.992 3 * 0.997 0.996 0.992
7.5 0.997 0.997 0.995 3 * 0.999 0.998 0.995
8.0 0.998 0.998 0.996 3 * 0.999 0.998 0.996
8.5 0.998 0.998 0.997 3 * 0.999 0.998 0.997
9.0 0.999 0.999 0.999 3 * 1.000 0.999 0.999
9.5 1.000 1.000 0.999 3 * 1.000 1.000 0.999
10.0 0.999 0.999 0.999 3 * 1.000 1.000 0.999
0.5 0.029 0.027 0.014 3 * 0.015 0.012 0.014
1.0 0.040 0.043 0.021 3 * 0.018 0.027 0.021
1.5 0.102 0.077 0.035 3 * 0.142 0.056 0.035
2.0 0.184 0.170 0.075 3 * 0.297 0.137 0.075
2.5 0.384 0.346 0.147 3 * 0.516 0.374 0.147
3.0 0.553 0.553 0.338 3 * 0.696 0.626 0.338
3.5 0.709 0.709 0.546 3 * 0.814 0.766 0.546
4.0 0.869 0.869 0.789 3 * 0.925 0.893 0.789
4.5 0.933 0.933 0.901 3 * 0.957 0.941 0.901
5.0 0.962 0.962 0.942 3 * 0.978 0.965 0.942
5.5 0.978 0.978 0.966 3 * 0.987 0.981 0.966
6.0 0.984 0.984 0.976 3 * 0.991 0.986 0.976
6.5 0.991 0.991 0.986 3 * 0.995 0.992 0.986
7.0 0.994 0.994 0.990 3 * 0.997 0.994 0.990
7.5 0.997 0.997 0.995 3 * 0.999 0.998 0.995
8.0 0.998 0.998 0.996 3 * 0.999 0.998 0.996
8.5 0.999 0.999 0.998 3 * 1.000 0.999 0.998
9.0 0.999 0.999 0.998 3 * 0.999 0.999 0.998
9.5 0.999 0.999 0.999 3 * 0.999 0.999 0.999
10.0 1.000 1.000 1.000 3 * 1.000 1.000 1.000
0.5 0.023 0.022 0.016 3 * 0.017 0.014 0.016
1.0 0.040 0.039 0.019 3 * 0.024 0.024 0.019
1.5 0.068 0.059 0.038 3 * 0.068 0.053 0.038
2.0 0.180 0.167 0.065 3 * 0.310 0.127 0.065
2.5 0.386 0.346 0.152 3 * 0.493 0.394 0.152
3.0 0.535 0.535 0.311 3 * 0.686 0.607 0.311
3.5 0.721 0.721 0.550 3 * 0.832 0.781 0.550
4.0 0.880 0.880 0.811 3 * 0.930 0.897 0.811
4.5 0.931 0.931 0.898 3 * 0.957 0.937 0.898
5.0 0.959 0.959 0.941 3 * 0.974 0.963 0.941
5.5 0.978 0.978 0.966 3 * 0.987 0.981 0.966
6.0 0.985 0.985 0.977 3 * 0.991 0.986 0.977
6.5 0.991 0.991 0.986 3 * 0.994 0.992 0.986
7.0 0.995 0.995 0.992 3 * 0.997 0.995 0.992
7.5 0.997 0.997 0.995 3 * 0.998 0.997 0.995
8.0 0.997 0.997 0.996 3 * 0.999 0.997 0.996
8.5 0.998 0.998 0.997 3 * 0.999 0.999 0.997
9.0 0.999 0.999 0.999 3 * 1.000 0.999 0.999
9.5 0.999 0.999 0.999 3 * 1.000 0.999 0.999
10.0 1.000 1.000 0.999 3 * 1.000 1.000 0.999
0.5 0.023 0.022 0.015 3 * 0.016 0.014 0.015
1.0 0.035 0.038 0.023 3 * 0.018 0.026 0.023
1.5 0.075 0.065 0.036 3 * 0.083 0.060 0.036
2.0 0.194 0.172 0.068 3 * 0.305 0.144 0.068
2.5 0.380 0.336 0.140 3 * 0.478 0.389 0.140
3.0 0.528 0.528 0.314 3 * 0.664 0.606 0.314
3.5 0.745 0.745 0.588 3 * 0.850 0.796 0.588
4.0 0.849 0.849 0.763 3 * 0.908 0.877 0.763
4.5 0.932 0.932 0.898 3 * 0.958 0.940 0.898
5.0 0.961 0.961 0.943 3 * 0.976 0.965 0.943
5.5 0.976 0.976 0.964 3 * 0.984 0.980 0.964
6.0 0.986 0.986 0.978 3 * 0.993 0.988 0.978
6.5 0.991 0.991 0.988 3 * 0.994 0.992 0.988
7.0 0.994 0.994 0.991 3 * 0.997 0.995 0.991
7.5 0.996 0.996 0.994 3 * 0.998 0.997 0.994
8.0 0.998 0.998 0.997 3 * 0.999 0.999 0.997
8.5 0.998 0.998 0.997 3 * 0.999 0.999 0.997
9.0 0.999 0.999 0.998 3 * 0.999 0.999 0.998
9.5 0.999 0.999 0.999 3 * 1.000 1.000 0.999
10.0 1.000 1.000 0.999 3 * 1.000 0.999 0.999
0.5 0.019 0.020 0.014 3 * 0.010 0.013 0.014
1.0 0.028 0.024 0.022 3 * 0.030 0.019 0.022
1.5 0.105 0.080 0.035 3 * 0.142 0.064 0.035
2.0 0.156 0.144 0.076 3 * 0.189 0.168 0.076
2.5 0.388 0.354 0.156 3 * 0.515 0.391 0.156
3.0 0.534 0.534 0.316 3 * 0.674 0.610 0.316
3.5 0.750 0.750 0.590 3 * 0.854 0.804 0.590
4.0 0.871 0.871 0.794 3 * 0.926 0.895 0.794
4.5 0.933 0.933 0.903 3 * 0.957 0.940 0.903
5.0 0.961 0.961 0.941 3 * 0.977 0.965 0.941
5.5 0.976 0.976 0.964 3 * 0.986 0.979 0.964
6.0 0.985 0.985 0.978 3 * 0.991 0.986 0.978
6.5 0.991 0.991 0.985 3 * 0.995 0.992 0.985
7.0 0.995 0.995 0.991 3 * 0.997 0.996 0.991
7.5 0.997 0.997 0.994 3 * 0.999 0.997 0.994
8.0 0.998 0.998 0.997 3 * 0.999 0.999 0.997
8.5 0.999 0.999 0.997 3 * 0.999 0.999 0.997
9.0 0.999 0.999 0.998 3 * 1.000 0.999 0.998
9.5 0.999 0.999 0.999 3 * 1.000 0.999 0.999
10.0 1.000 1.000 1.000 3 * 1.000 1.000 1.000
0.5 0.022 0.021 0.015 3 * 0.014 0.014 0.015
1.0 0.045 0.034 0.019 3 * 0.060 0.023 0.019
1.5 0.093 0.078 0.034 3 * 0.137 0.062 0.034
2.0 0.180 0.170 0.068 3 * 0.295 0.146 0.068
2.5 0.371 0.332 0.146 3 * 0.482 0.367 0.146
3.0 0.524 0.507 0.273 3 * 0.656 0.591 0.273
3.5 0.740 0.740 0.586 3 * 0.845 0.790 0.586
4.0 0.879 0.879 0.809 3 * 0.930 0.899 0.809
4.5 0.933 0.933 0.899 3 * 0.959 0.940 0.899
5.0 0.961 0.961 0.942 3 * 0.977 0.965 0.942
5.5 0.976 0.976 0.964 3 * 0.985 0.979 0.964
6.0 0.984 0.984 0.977 3 * 0.991 0.986 0.977
6.5 0.990 0.990 0.986 3 * 0.994 0.992 0.986
7.0 0.994 0.994 0.991 3 * 0.997 0.995 0.991
7.5 0.996 0.996 0.994 3 * 0.998 0.997 0.994
8.0 0.998 0.998 0.996 3 * 0.999 0.998 0.996
8.5 0.998 0.998 0.997 3 * 0.999 0.999 0.997
9.0 0.999 0.999 0.999 3 * 1.000 0.999 0.999
9.5 1.000 1.000 0.999 3 * 1.000 1.000 0.999
10.0 1.000 1.000 0.999 3 * 1.000 1.000 0.999
0.5 0.023 0.025 0.015 3 * 0.005 0.014 0.015
1.0 0.037 0.038 0.021 3 * 0.019 0.022 0.021
1.5 0.077 0.068 0.038 3 * 0.113 0.054 0.038
2.0 0.172 0.158 0.070 3 * 0.261 0.143 0.070
2.5 0.378 0.336 0.142 3 * 0.483 0.382 0.142
3.0 0.514 0.494 0.264 3 * 0.654 0.564 0.264
3.5 0.743 0.743 0.589 3 * 0.849 0.792 0.589
4.0 0.873 0.873 0.801 3 * 0.924 0.893 0.801
4.5 0.932 0.932 0.899 3 * 0.957 0.940 0.899
5.0 0.958 0.958 0.938 3 * 0.974 0.962 0.938
5.5 0.977 0.977 0.964 3 * 0.985 0.980 0.964
6.0 0.984 0.984 0.975 3 * 0.991 0.985 0.975
6.5 0.991 0.991 0.987 3 * 0.995 0.992 0.987
7.0 0.995 0.995 0.992 3 * 0.997 0.996 0.992
7.5 0.996 0.996 0.993 3 * 0.998 0.996 0.993
8.0 0.998 0.998 0.996 3 * 0.999 0.998 0.996
8.5 0.999 0.999 0.998 3 * 0.999 0.999 0.998
9.0 0.999 0.999 0.998 3 * 0.999 0.999 0.998
9.5 0.999 0.999 0.999 3 * 1.000 0.999 0.999
10.0 1.000 1.000 1.000 3 * 1.000 1.000 1.000
0.5 0.025 0.026 0.015 3 * 0.010 0.012 0.015
1.0 0.031 0.030 0.018 3 * 0.026 0.023 0.018
1.5 0.119 0.093 0.039 3 * 0.168 0.071 0.039
2.0 0.218 0.192 0.061 3 * 0.367 0.147 0.061
2.5 0.378 0.328 0.135 3 * 0.469 0.379 0.135
3.0 0.517 0.514 0.297 3 * 0.653 0.592 0.297
3.5 0.752 0.752 0.582 3 * 0.870 0.805 0.582
4.0 0.878 0.878 0.815 3 * 0.926 0.894 0.815
4.5 0.934 0.934 0.905 3 * 0.957 0.940 0.905
5.0 0.961 0.961 0.943 3 * 0.976 0.964 0.943
5.5 0.976 0.976 0.965 3 * 0.984 0.980 0.965
6.0 0.986 0.986 0.977 3 * 0.992 0.988 0.977
6.5 0.989 0.989 0.985 3 * 0.993 0.991 0.985
7.0 0.993 0.993 0.989 3 * 0.996 0.994 0.989
7.5 0.997 0.997 0.995 3 * 0.998 0.997 0.995
8.0 0.998 0.998 0.996 3 * 0.999 0.998 0.996
8.5 0.998 0.998 0.997 3 * 0.999 0.999 0.997
9.0 0.999 0.999 0.999 3 * 1.000 0.999 0.999
9.5 0.999 0.999 0.999 3 * 1.000 0.999 0.999
10.0 1.000 1.000 0.999 3 * 1.000 1.000 0.999
0.5 0.026 0.026 0.015 3 * 0.013 0.014 0.015
1.0 0.040 0.034 0.020 3 * 0.043 0.026 0.020
1.5 0.094 0.071 0.034 3 * 0.123 0.057 0.034
2.0 0.193 0.179 0.071 3 * 0.304 0.161 0.071
2.5 0.276 0.239 0.146 3 * 0.181 0.391 0.146
3.0 0.508 0.499 0.282 3 * 0.641 0.575 0.282
3.5 0.734 0.734 0.558 3 * 0.847 0.796 0.558
4.0 0.881 0.881 0.813 3 * 0.932 0.899 0.813
4.5 0.933 0.933 0.903 3 * 0.957 0.940 0.903
5.0 0.961 0.961 0.941 3 * 0.975 0.965 0.941
5.5 0.975 0.975 0.963 3 * 0.984 0.978 0.963
6.0 0.986 0.986 0.979 3 * 0.992 0.987 0.979
6.5 0.991 0.991 0.986 3 * 0.994 0.992 0.986
7.0 0.994 0.994 0.991 3 * 0.997 0.995 0.991
7.5 0.996 0.996 0.994 3 * 0.998 0.997 0.994
8.0 0.998 0.998 0.996 3 * 0.999 0.998 0.996
8.5 0.999 0.999 0.998 3 * 1.000 0.999 0.998
9.0 0.999 0.999 0.999 3 * 1.000 1.000 0.999
9.5 0.999 0.999 0.999 3 * 1.000 1.000 0.999
10.0 1.000 1.000 0.999 3 * 1.000 1.000 0.999
0.5 0.032 0.031 0.015 3 * 0.018 0.013 0.015
1.0 0.033 0.030 0.020 3 * 0.030 0.020 0.020
1.5 0.115 0.096 0.038 3 * 0.180 0.070 0.038
2.0 0.123 0.108 0.071 3 * 0.120 0.104 0.071
2.5 0.397 0.358 0.156 3 * 0.516 0.402 0.156
3.0 0.516 0.515 0.304 3 * 0.658 0.583 0.304
3.5 0.741 0.741 0.568 3 * 0.854 0.802 0.568
4.0 0.874 0.874 0.805 3 * 0.926 0.891 0.805
4.5 0.930 0.930 0.896 3 * 0.957 0.937 0.896
5.0 0.960 0.960 0.941 3 * 0.975 0.964 0.941
5.5 0.974 0.974 0.964 3 * 0.983 0.976 0.964
6.0 0.987 0.987 0.980 3 * 0.993 0.989 0.980
6.5 0.990 0.990 0.984 3 * 0.995 0.991 0.984
7.0 0.995 0.995 0.991 3 * 0.998 0.996 0.991
7.5 0.996 0.996 0.994 3 * 0.998 0.997 0.994
8.0 0.997 0.997 0.995 3 * 0.999 0.997 0.995
8.5 0.998 0.998 0.997 3 * 0.999 0.999 0.997
9.0 0.999 0.999 0.997 3 * 1.000 0.999 0.997
9.5 0.999 0.999 0.999 3 * 1.000 0.999 0.999
10.0 1.000 1.000 0.999 3 * 1.000 1.000 0.999
0.5 0.032 0.033 0.015 3 * 0.007 0.012 0.015
1.0 0.041 0.037 0.021 3 * 0.032 0.018 0.021
1.5 0.084 0.071 0.037 3 * 0.095 0.070 0.037
2.0 0.127 0.135 0.075 3 * 0.100 0.164 0.075
2.5 0.392 0.362 0.161 3 * 0.526 0.398 0.161
3.0 0.520 0.513 0.291 3 * 0.658 0.588 0.291
3.5 0.751 0.751 0.584 3 * 0.863 0.806 0.584
4.0 0.873 0.873 0.799 3 * 0.928 0.894 0.799
4.5 0.926 0.926 0.892 3 * 0.953 0.932 0.892
5.0 0.965 0.965 0.947 3 * 0.979 0.968 0.947
5.5 0.977 0.977 0.966 3 * 0.986 0.979 0.966
6.0 0.986 0.986 0.978 3 * 0.992 0.988 0.978
6.5 0.992 0.992 0.987 3 * 0.996 0.993 0.987
7.0 0.994 0.994 0.990 3 * 0.997 0.995 0.990
7.5 0.996 0.996 0.994 3 * 0.998 0.997 0.994
8.0 0.997 0.997 0.996 3 * 0.999 0.998 0.996
8.5 0.999 0.999 0.997 3 * 0.999 0.999 0.997
9.0 0.999 0.999 0.998 3 * 1.000 0.999 0.998
9.5 0.999 0.999 0.999 3 * 1.000 0.999 0.999
10.0 1.000 1.000 0.999 3 * 1.000 1.000 0.999
0.5 0.023 0.023 0.014 3 * 0.003 0.011 0.014
1.0 0.036 0.037 0.020 3 * 0.025 0.028 0.020
1.5 0.099 0.078 0.034 3 * 0.142 0.058 0.034
2.0 0.173 0.156 0.071 3 * 0.265 0.133 0.071
2.5 0.388 0.356 0.160 3 * 0.508 0.400 0.160
3.0 0.522 0.522 0.293 3 * 0.667 0.604 0.293
3.5 0.696 0.696 0.528 3 * 0.804 0.757 0.528
4.0 0.879 0.879 0.803 3 * 0.933 0.901 0.803
4.5 0.931 0.931 0.897 3 * 0.957 0.937 0.897
5.0 0.961 0.961 0.942 3 * 0.976 0.966 0.942
5.5 0.977 0.977 0.965 3 * 0.986 0.979 0.965
6.0 0.985 0.985 0.977 3 * 0.991 0.987 0.977
6.5 0.990 0.990 0.985 3 * 0.995 0.991 0.985
7.0 0.994 0.994 0.991 3 * 0.997 0.995 0.991
7.5 0.997 0.997 0.994 3 * 0.998 0.997 0.994
8.0 0.998 0.998 0.996 3 * 0.999 0.998 0.996
8.5 0.998 0.998 0.997 3 * 0.999 0.999 0.997
9.0 0.999 0.999 0.999 3 * 1.000 0.999 0.999
9.5 0.999 0.999 0.999 3 * 1.000 1.000 0.999
10.0 0.999 0.999 0.999 3 * 1.000 1.000 0.999
0.5 0.025 0.026 0.015 3 * 0.009 0.011 0.015
1.0 0.047 0.043 0.021 3 * 0.040 0.028 0.021
1.5 0.085 0.075 0.038 3 * 0.130 0.056 0.038
2.0 0.142 0.137 0.071 3 * 0.205 0.134 0.071
2.5 0.260 0.231 0.146 3 * 0.106 0.388 0.146
3.0 0.524 0.524 0.300 3 * 0.668 0.603 0.300
3.5 0.712 0.712 0.524 3 * 0.832 0.779 0.524
4.0 0.873 0.873 0.802 3 * 0.925 0.894 0.802
4.5 0.935 0.935 0.903 3 * 0.959 0.943 0.903
5.0 0.959 0.959 0.942 3 * 0.973 0.963 0.942
5.5 0.977 0.977 0.965 3 * 0.986 0.980 0.965
6.0 0.984 0.984 0.977 3 * 0.990 0.986 0.977
6.5 0.992 0.992 0.988 3 * 0.996 0.993 0.988
7.0 0.995 0.995 0.992 3 * 0.998 0.996 0.992
7.5 0.997 0.997 0.995 3 * 0.998 0.997 0.995
8.0 0.998 0.998 0.997 3 * 0.999 0.998 0.997
8.5 0.998 0.998 0.997 3 * 0.999 0.999 0.997
9.0 0.999 0.999 0.998 3 * 1.000 0.999 0.998
9.5 0.999 0.999 0.999 3 * 1.000 1.000 0.999
10.0 1.000 1.000 0.999 3 * 1.000 1.000 0.999
0.5 0.027 0.027 0.014 3 * 0.010 0.011 0.014
1.0 0.042 0.036 0.020 3 * 0.043 0.025 0.020
1.5 0.049 0.052 0.040 3 * 0.030 0.048 0.040
2.0 0.164 0.146 0.068 3 * 0.221 0.150 0.068
2.5 0.401 0.370 0.161 3 * 0.532 0.417 0.161
3.0 0.508 0.492 0.270 3 * 0.639 0.566 0.270
3.5 0.772 0.772 0.620 3 * 0.875 0.822 0.620
4.0 0.871 0.871 0.800 3 * 0.924 0.889 0.800
4.5 0.923 0.923 0.883 3 * 0.952 0.934 0.883
5.0 0.963 0.963 0.943 3 * 0.978 0.967 0.943
5.5 0.976 0.976 0.965 3 * 0.986 0.979 0.965
6.0 0.985 0.985 0.977 3 * 0.991 0.986 0.977
6.5 0.991 0.991 0.986 3 * 0.995 0.992 0.986
7.0 0.994 0.994 0.991 3 * 0.996 0.995 0.991
7.5 0.996 0.996 0.995 3 * 0.998 0.997 0.995
8.0 0.998 0.998 0.997 3 * 0.999 0.998 0.997
8.5 0.998 0.998 0.997 3 * 0.999 0.999 0.997
9.0 0.999 0.999 0.998 3 * 1.000 0.999 0.998
9.5 0.999 0.999 0.998 3 * 1.000 0.999 0.998
10.0 1.000 1.000 0.999 3 * 1.000 1.000 0.999
0.5 0.024 0.027 0.016 3 * 0.004 0.012 0.016
1.0 0.032 0.029 0.019 3 * 0.032 0.022 0.019
1.5 0.076 0.078 0.039 3 * 0.063 0.071 0.039
2.0 0.175 0.160 0.075 3 * 0.241 0.163 0.075
2.5 0.373 0.333 0.146 3 * 0.481 0.374 0.146
3.0 0.551 0.551 0.333 3 * 0.689 0.630 0.333
3.5 0.714 0.714 0.543 3 * 0.823 0.775 0.543
4.0 0.874 0.874 0.799 3 * 0.929 0.894 0.799
4.5 0.935 0.935 0.903 3 * 0.960 0.941 0.903
5.0 0.962 0.962 0.943 3 * 0.977 0.966 0.943
5.5 0.976 0.976 0.964 3 * 0.985 0.979 0.964
6.0 0.985 0.985 0.976 3 * 0.991 0.987 0.976
6.5 0.991 0.991 0.986 3 * 0.995 0.991 0.986
7.0 0.993 0.993 0.990 3 * 0.996 0.994 0.990
7.5 0.996 0.996 0.994 3 * 0.998 0.996 0.994
8.0 0.998 0.998 0.997 3 * 0.999 0.998 0.997
8.5 0.999 0.999 0.998 3 * 1.000 0.999 0.998
9.0 0.999 0.999 0.998 3 * 0.999 0.999 0.998
9.5 0.999 0.999 0.999 3 * 1.000 1.000 0.999
10.0 1.000 1.000 0.999 3 * 1.000 1.000 0.999
0.5 0.027 0.024 0.014 3 * 0.021 0.012 0.014
1.0 0.040 0.038 0.020 3 * 0.033 0.028 0.020
1.5 0.102 0.086 0.036 3 * 0.110 0.067 0.036
2.0 0.196 0.185 0.078 3 * 0.293 0.184 0.078
2.5 0.401 0.366 0.160 3 * 0.528 0.412 0.160
3.0 0.521 0.515 0.291 3 * 0.661 0.594 0.291
3.5 0.726 0.726 0.563 3 * 0.830 0.785 0.563
4.0 0.879 0.879 0.802 3 * 0.932 0.901 0.802
4.5 0.930 0.930 0.896 3 * 0.957 0.938 0.896
5.0 0.963 0.963 0.945 3 * 0.976 0.967 0.945
5.5 0.978 0.978 0.967 3 * 0.986 0.980 0.967
6.0 0.985 0.985 0.977 3 * 0.992 0.987 0.977
6.5 0.991 0.991 0.986 3 * 0.996 0.992 0.986
7.0 0.995 0.995 0.991 3 * 0.998 0.996 0.991
7.5 0.996 0.996 0.994 3 * 0.998 0.997 0.994
8.0 0.998 0.998 0.996 3 * 0.999 0.998 0.996
8.5 0.999 0.999 0.997 3 * 1.000 0.999 0.997
9.0 0.999 0.999 0.999 3 * 1.000 0.999 0.999
9.5 0.999 0.999 0.999 3 * 1.000 0.999 0.999
10.0 1.000 1.000 0.999 3 * 1.000 1.000 0.999
0.5 0.022 0.023 0.014 3 * 0.009 0.013 0.014
1.0 0.060 0.050 0.022 3 * 0.063 0.033 0.022
1.5 0.113 0.090 0.035 3 * 0.176 0.057 0.035
2.0 0.192 0.177 0.069 3 * 0.309 0.154 0.069
2.5 0.357 0.309 0.138 3 * 0.417 0.373 0.138
3.0 0.528 0.528 0.309 3 * 0.668 0.607 0.309
3.5 0.729 0.729 0.562 3 * 0.840 0.786 0.562
4.0 0.851 0.851 0.755 3 * 0.916 0.881 0.755
4.5 0.933 0.933 0.903 3 * 0.958 0.940 0.903
5.0 0.961 0.961 0.942 3 * 0.976 0.964 0.942
5.5 0.976 0.976 0.963 3 * 0.985 0.979 0.963
6.0 0.984 0.984 0.977 3 * 0.991 0.985 0.977
6.5 0.991 0.991 0.986 3 * 0.994 0.992 0.986
7.0 0.995 0.995 0.991 3 * 0.997 0.996 0.991
7.5 0.996 0.996 0.994 3 * 0.997 0.997 0.994
8.0 0.998 0.998 0.996 3 * 0.999 0.998 0.996
8.5 0.999 0.999 0.998 3 * 0.999 0.999 0.998
9.0 0.999 0.999 0.998 3 * 1.000 0.999 0.998
9.5 1.000 1.000 0.999 3 * 1.000 1.000 0.999
10.0 1.000 1.000 0.999 3 * 1.000 1.000 0.999
0.5 0.024 0.025 0.016 3 * 0.011 0.013 0.016
1.0 0.032 0.031 0.022 3 * 0.032 0.028 0.022
1.5 0.125 0.096 0.037 3 * 0.175 0.076 0.037
2.0 0.178 0.160 0.078 3 * 0.231 0.171 0.078
2.5 0.329 0.282 0.141 3 * 0.326 0.378 0.141
3.0 0.512 0.506 0.292 3 * 0.652 0.575 0.292
3.5 0.742 0.742 0.582 3 * 0.852 0.791 0.582
4.0 0.879 0.879 0.810 3 * 0.930 0.898 0.810
4.5 0.932 0.932 0.895 3 * 0.960 0.940 0.895
5.0 0.961 0.961 0.942 3 * 0.976 0.966 0.942
5.5 0.977 0.977 0.964 3 * 0.986 0.979 0.964
6.0 0.986 0.986 0.978 3 * 0.993 0.988 0.978
6.5 0.991 0.991 0.985 3 * 0.995 0.992 0.985
7.0 0.994 0.994 0.990 3 * 0.996 0.995 0.990
7.5 0.997 0.997 0.995 3 * 0.999 0.997 0.995
8.0 0.998 0.998 0.996 3 * 0.999 0.998 0.996
8.5 0.999 0.999 0.998 3 * 1.000 0.999 0.998
9.0 0.999 0.999 0.999 3 * 1.000 0.999 0.999
9.5 0.999 0.999 0.999 3 * 1.000 0.999 0.999
10.0 0.999 0.999 0.999 3 * 1.000 1.000 0.999
0.5 0.019 0.020 0.016 3 * 0.011 0.014 0.016
1.0 0.047 0.042 0.022 3 * 0.035 0.022 0.022
1.5 0.083 0.067 0.036 3 * 0.102 0.062 0.036
2.0 0.190 0.179 0.080 3 * 0.303 0.156 0.080
2.5 0.381 0.336 0.140 3 * 0.496 0.372 0.140
3.0 0.538 0.535 0.305 3 * 0.686 0.615 0.305
3.5 0.742 0.742 0.582 3 * 0.845 0.798 0.582
4.0 0.874 0.874 0.806 3 * 0.924 0.893 0.806
4.5 0.932 0.932 0.899 3 * 0.958 0.940 0.899
5.0 0.960 0.960 0.940 3 * 0.976 0.965 0.940
5.5 0.976 0.976 0.964 3 * 0.986 0.977 0.964
6.0 0.984 0.984 0.977 3 * 0.990 0.986 0.977
6.5 0.991 0.991 0.987 3 * 0.995 0.992 0.987
7.0 0.995 0.995 0.992 3 * 0.998 0.995 0.992
7.5 0.996 0.996 0.994 3 * 0.998 0.997 0.994
8.0 0.998 0.998 0.997 3 * 0.999 0.998 0.997
8.5 0.998 0.998 0.998 3 * 0.999 0.999 0.998
9.0 0.999 0.999 0.998 3 * 1.000 0.999 0.998
9.5 1.000 1.000 0.999 3 * 1.000 1.000 0.999
10.0 0.999 0.999 0.999 3 * 1.000 1.000 0.999
0.5 0.023 0.024 0.015 3 * 0.011 0.012 0.015
1.0 0.035 0.034 0.020 3 * 0.024 0.019 0.020
1.5 0.081 0.062 0.035 3 * 0.096 0.049 0.035
2.0 0.149 0.132 0.070 3 * 0.182 0.144 0.070
2.5 0.355 0.304 0.138 3 * 0.406 0.366 0.138
3.0 0.518 0.518 0.300 3 * 0.660 0.596 0.300
3.5 0.669 0.669 0.485 3 * 0.781 0.741 0.485
4.0 0.871 0.871 0.792 3 * 0.927 0.894 0.792
4.5 0.933 0.933 0.904 3 * 0.955 0.939 0.904
5.0 0.960 0.960 0.942 3 * 0.977 0.963 0.942
5.5 0.976 0.976 0.964 3 * 0.984 0.979 0.964
6.0 0.985 0.985 0.977 3 * 0.991 0.987 0.977
6.5 0.991 0.991 0.986 3 * 0.995 0.992 0.986
7.0 0.994 0.994 0.991 3 * 0.996 0.995 0.991
7.5 0.997 0.997 0.995 3 * 0.998 0.997 0.995
8.0 0.998 0.998 0.997 3 * 0.999 0.999 0.997
8.5 0.998 0.998 0.997 3 * 0.999 0.999 0.997
9.0 0.999 0.999 0.998 3 * 0.999 0.999 0.998
9.5 1.000 1.000 0.999 3 * 1.000 1.000 0.999
10.0 1.000 1.000 0.999 3 * 1.000 1.000 0.999
0.5 0.027 0.027 0.014 3 * 0.018 0.016 0.014
1.0 0.038 0.036 0.020 3 * 0.026 0.022 0.020
1.5 0.084 0.075 0.035 3 * 0.075 0.061 0.035
2.0 0.167 0.156 0.068 3 * 0.247 0.154 0.068
2.5 0.397 0.346 0.143 3 * 0.499 0.395 0.143
3.0 0.524 0.503 0.259 3 * 0.665 0.586 0.259
3.5 0.746 0.746 0.586 3 * 0.853 0.799 0.586
4.0 0.876 0.876 0.798 3 * 0.930 0.900 0.798
4.5 0.932 0.932 0.897 3 * 0.958 0.939 0.897
5.0 0.962 0.962 0.943 3 * 0.977 0.965 0.943
5.5 0.975 0.975 0.963 3 * 0.985 0.978 0.963
6.0 0.985 0.985 0.977 3 * 0.992 0.986 0.977
6.5 0.991 0.991 0.986 3 * 0.995 0.992 0.986
7.0 0.995 0.995 0.991 3 * 0.998 0.996 0.991
7.5 0.997 0.997 0.995 3 * 0.998 0.997 0.995
8.0 0.998 0.998 0.996 3 * 0.999 0.998 0.996
8.5 0.998 0.998 0.997 3 * 0.999 0.999 0.997
9.0 0.999 0.999 0.999 3 * 1.000 1.000 0.999
9.5 0.999 0.999 0.999 3 * 1.000 0.999 0.999
10.0 1.000 1.000 0.999 3 * 1.000 1.000 0.999
0.5 0.028 0.030 0.016 3 * 0.010 0.013 0.016
1.0 0.042 0.043 0.023 3 * 0.025 0.029 0.023
1.5 0.107 0.094 0.037 3 * 0.177 0.067 0.037
2.0 0.199 0.172 0.064 3 * 0.317 0.135 0.064
2.5 0.369 0.324 0.137 3 * 0.465 0.371 0.137
3.0 0.541 0.541 0.320 3 * 0.687 0.616 0.320
3.5 0.704 0.704 0.530 3 * 0.813 0.769 0.530
4.0 0.876 0.876 0.805 3 * 0.927 0.895 0.805
4.5 0.929 0.929 0.893 3 * 0.957 0.937 0.893
5.0 0.960 0.960 0.942 3 * 0.974 0.963 0.942
5.5 0.976 0.976 0.963 3 * 0.986 0.979 0.963
6.0 0.985 0.985 0.977 3 * 0.992 0.987 0.977
6.5 0.991 0.991 0.987 3 * 0.995 0.992 0.987
7.0 0.994 0.994 0.990 3 * 0.996 0.995 0.990
7.5 0.997 0.997 0.995 3 * 0.998 0.998 0.995
8.0 0.998 0.998 0.996 3 * 0.999 0.998 0.996
8.5 0.998 0.998 0.997 3 * 0.999 0.998 0.997
9.0 0.999 0.999 0.998 3 * 0.999 0.999 0.998
9.5 1.000 1.000 0.999 3 * 1.000 1.000 0.999
10.0 1.000 1.000 0.999 3 * 1.000 1.000 0.999
0.5 0.025 0.026 0.014 3 * 0.009 0.012 0.014
1.0 0.030 0.034 0.019 3 * 0.015 0.024 0.019
1.5 0.076 0.067 0.036 3 * 0.080 0.065 0.036
2.0 0.153 0.135 0.061 3 * 0.237 0.106 0.061
2.5 0.356 0.305 0.149 3 * 0.382 0.384 0.149
3.0 0.520 0.516 0.300 3 * 0.661 0.588 0.300
3.5 0.730 0.730 0.571 3 * 0.834 0.784 0.571
4.0 0.883 0.883 0.815 3 * 0.932 0.901 0.815
4.5 0.935 0.935 0.902 3 * 0.961 0.942 0.902
5.0 0.959 0.959 0.940 3 * 0.973 0.963 0.940
5.5 0.975 0.975 0.962 3 * 0.984 0.978 0.962
6.0 0.985 0.985 0.977 3 * 0.991 0.986 0.977
6.5 0.991 0.991 0.986 3 * 0.995 0.992 0.986
7.0 0.994 0.994 0.992 3 * 0.996 0.995 0.992
7.5 0.997 0.997 0.994 3 * 0.999 0.997 0.994
8.0 0.997 0.997 0.996 3 * 0.998 0.998 0.996
8.5 0.998 0.998 0.997 3 * 0.999 0.998 0.997
9.0 0.999 0.999 0.999 3 * 1.000 0.999 0.999
9.5 1.000 1.000 0.999 3 * 1.000 1.000 0.999
10.0 1.000 1.000 0.999 3 * 1.000 1.000 0.999
0.5 0.018 0.019 0.014 3 * 0.004 0.010 0.014
1.0 0.029 0.033 0.021 3 * 0.013 0.025 0.021
1.5 0.098 0.082 0.036 3 * 0.102 0.064 0.036
2.0 0.175 0.164 0.075 3 * 0.255 0.163 0.075
2.5 0.402 0.355 0.151 3 * 0.509 0.404 0.151
3.0 0.519 0.517 0.297 3 * 0.664 0.590 0.297
3.5 0.761 0.761 0.602 3 * 0.865 0.816 0.602
4.0 0.880 0.880 0.807 3 * 0.931 0.900 0.807
4.5 0.930 0.930 0.898 3 * 0.956 0.937 0.898
5.0 0.962 0.962 0.944 3 * 0.976 0.967 0.944
5.5 0.975 0.975 0.963 3 * 0.984 0.978 0.963
6.0 0.986 0.986 0.978 3 * 0.991 0.988 0.978
6.5 0.991 0.991 0.986 3 * 0.995 0.991 0.986
7.0 0.995 0.995 0.991 3 * 0.998 0.996 0.991
7.5 0.996 0.996 0.993 3 * 0.997 0.996 0.993
8.0 0.997 0.997 0.996 3 * 0.999 0.998 0.996
8.5 0.998 0.998 0.997 3 * 0.999 0.999 0.997
9.0 0.999 0.999 0.998 3 * 1.000 0.999 0.998
9.5 0.999 0.999 0.999 3 * 1.000 1.000 0.999
10.0 0.999 0.999 0.999 3 * 0.999 0.999 0.999
0.5 0.029 0.030 0.015 3 * 0.009 0.012 0.015
1.0 0.029 0.033 0.021 3 * 0.011 0.021 0.021
1.5 0.094 0.080 0.039 3 * 0.136 0.064 0.039
2.0 0.201 0.185 0.069 3 * 0.335 0.152 0.069
2.5 0.394 0.345 0.145 3 * 0.503 0.387 0.145
3.0 0.517 0.507 0.281 3 * 0.653 0.587 0.281
3.5 0.746 0.746 0.584 3 * 0.853 0.801 0.584
4.0 0.878 0.878 0.808 3 * 0.929 0.896 0.808
4.5 0.930 0.930 0.896 3 * 0.956 0.937 0.896
5.0 0.961 0.961 0.942 3 * 0.977 0.965 0.942
5.5 0.975 0.975 0.962 3 * 0.985 0.978 0.962
6.0 0.986 0.986 0.978 3 * 0.993 0.987 0.978
6.5 0.991 0.991 0.986 3 * 0.995 0.992 0.986
7.0 0.994 0.994 0.991 3 * 0.997 0.995 0.991
7.5 0.996 0.996 0.993 3 * 0.998 0.997 0.993
8.0 0.998 0.998 0.996 3 * 0.999 0.998 0.996
8.5 0.999 0.999 0.997 3 * 1.000 0.999 0.997
9.0 0.999 0.999 0.999 3 * 0.999 0.999 0.999
9.5 0.999 0.999 0.999 3 * 1.000 1.000 0.999
10.0 1.000 1.000 1.000 3 * 1.000 1.000 1.000
0.5 0.020 0.021 0.014 3 * 0.011 0.012 0.014
1.0 0.039 0.036 0.021 3 * 0.030 0.021 0.021
1.5 0.070 0.065 0.035 3 * 0.058 0.058 0.035
2.0 0.160 0.134 0.063 3 * 0.184 0.134 0.063
2.5 0.398 0.357 0.151 3 * 0.513 0.407 0.151
3.0 0.531 0.531 0.311 3 * 0.667 0.614 0.311
3.5 0.721 0.721 0.549 3 * 0.833 0.782 0.549
4.0 0.878 0.878 0.807 3 * 0.930 0.899 0.807
4.5 0.933 0.933 0.901 3 * 0.957 0.940 0.901
5.0 0.962 0.962 0.944 3 * 0.975 0.965 0.944
5.5 0.977 0.977 0.965 3 * 0.986 0.979 0.965
6.0 0.984 0.984 0.976 3 * 0.989 0.985 0.976
6.5 0.990 0.990 0.985 3 * 0.994 0.992 0.985
7.0 0.994 0.994 0.991 3 * 0.997 0.995 0.991
7.5 0.997 0.997 0.994 3 * 0.999 0.997 0.994
8.0 0.998 0.998 0.996 3 * 0.999 0.998 0.996
8.5 0.999 0.999 0.997 3 * 1.000 0.999 0.997
9.0 0.999 0.999 0.999 3 * 1.000 1.000 0.999
9.5 1.000 1.000 0.999 3 * 1.000 1.000 0.999
10.0 1.000 1.000 0.999 3 * 1.000 1.000 0.999
0.5 0.024 0.025 0.016 3 * 0.010 0.013 0.016
1.0 0.036 0.039 0.021 3 * 0.012 0.022 0.021
1.5 0.088 0.076 0.038 3 * 0.122 0.068 0.038
2.0 0.206 0.193 0.078 3 * 0.308 0.193 0.078
2.5 0.389 0.352 0.157 3 * 0.507 0.391 0.157
3.0 0.506 0.480 0.260 3 * 0.627 0.551 0.260
3.5 0.771 0.771 0.626 3 * 0.871 0.817 0.626
4.0 0.886 0.886 0.820 3 * 0.935 0.904 0.820
4.5 0.931 0.931 0.897 3 * 0.957 0.939 0.897
5.0 0.958 0.958 0.939 3 * 0.975 0.962 0.939
5.5 0.975 0.975 0.964 3 * 0.984 0.977 0.964
6.0 0.987 0.987 0.980 3 * 0.992 0.989 0.980
6.5 0.989 0.989 0.984 3 * 0.994 0.990 0.984
7.0 0.995 0.995 0.991 3 * 0.998 0.996 0.991
7.5 0.997 0.997 0.995 3 * 0.999 0.998 0.995
8.0 0.998 0.998 0.997 3 * 0.999 0.998 0.997
8.5 0.999 0.999 0.998 3 * 0.999 0.999 0.998
9.0 0.999 0.999 0.998 3 * 1.000 0.999 0.998
9.5 0.999 0.999 0.999 3 * 1.000 0.999 0.999
10.0 1.000 1.000 0.999 3 * 1.000 1.000 0.999
0.5 0.022 0.024 0.016 3 * 0.004 0.011 0.016
1.0 0.035 0.033 0.023 3 * 0.038 0.030 0.023
1.5 0.110 0.090 0.036 3 * 0.171 0.064 0.036
2.0 0.194 0.187 0.078 3 * 0.343 0.142 0.078
2.5 0.410 0.373 0.155 3 * 0.548 0.415 0.155
3.0 0.532 0.529 0.298 3 * 0.676 0.612 0.298
3.5 0.742 0.742 0.585 3 * 0.846 0.795 0.585
4.0 0.875 0.875 0.802 3 * 0.929 0.894 0.802
4.5 0.929 0.929 0.897 3 * 0.954 0.936 0.897
5.0 0.961 0.961 0.941 3 * 0.977 0.966 0.941
5.5 0.976 0.976 0.966 3 * 0.984 0.979 0.966
6.0 0.987 0.987 0.980 3 * 0.993 0.989 0.980
6.5 0.992 0.992 0.988 3 * 0.995 0.993 0.988
7.0 0.994 0.994 0.990 3 * 0.997 0.995 0.990
7.5 0.996 0.996 0.993 3 * 0.998 0.997 0.993
8.0 0.998 0.998 0.996 3 * 0.999 0.999 0.996
8.5 0.999 0.999 0.997 3 * 0.999 0.999 0.997
9.0 0.999 0.999 0.999 3 * 1.000 1.000 0.999
9.5 0.999 0.999 0.999 3 * 1.000 1.000 0.999
10.0 1.000 1.000 0.999 3 * 1.000 1.000 0.999
0.5 0.024 0.025 0.013 3 * 0.008 0.012 0.013
1.0 0.025 0.028 0.021 3 * 0.014 0.025 0.021
1.5 0.090 0.078 0.038 3 * 0.091 0.067 0.038
2.0 0.178 0.163 0.065 3 * 0.271 0.154 0.065
2.5 0.383 0.338 0.143 3 * 0.486 0.384 0.143
3.0 0.515 0.515 0.299 3 * 0.652 0.595 0.299
3.5 0.706 0.706 0.525 3 * 0.824 0.770 0.525
4.0 0.874 0.874 0.805 3 * 0.925 0.893 0.805
4.5 0.938 0.938 0.906 3 * 0.962 0.946 0.906
5.0 0.963 0.963 0.944 3 * 0.978 0.966 0.944
5.5 0.975 0.975 0.963 3 * 0.984 0.978 0.963
6.0 0.987 0.987 0.980 3 * 0.992 0.988 0.980
6.5 0.991 0.991 0.986 3 * 0.996 0.992 0.986
7.0 0.994 0.994 0.990 3 * 0.997 0.995 0.990
7.5 0.997 0.997 0.995 3 * 0.999 0.997 0.995
8.0 0.998 0.998 0.996 3 * 0.999 0.998 0.996
8.5 0.999 0.999 0.998 3 * 1.000 0.999 0.998
9.0 0.999 0.999 0.998 3 * 1.000 0.999 0.998
9.5 0.999 0.999 0.999 3 * 1.000 1.000 0.999
10.0 1.000 1.000 0.999 3 * 1.000 1.000 0.999
0.5 0.025 0.025 0.014 3 * 0.012 0.011 0.014
1.0 0.035 0.037 0.021 3 * 0.018 0.024 0.021
1.5 0.083 0.070 0.035 3 * 0.088 0.061 0.035
2.0 0.207 0.195 0.073 3 * 0.358 0.155 0.073
2.5 0.301 0.257 0.141 3 * 0.256 0.374 0.141
3.0 0.516 0.498 0.268 3 * 0.645 0.580 0.268
3.5 0.723 0.723 0.558 3 * 0.831 0.779 0.558
4.0 0.870 0.870 0.791 3 * 0.926 0.894 0.791
4.5 0.929 0.929 0.895 3 * 0.955 0.937 0.895
5.0 0.961 0.961 0.944 3 * 0.974 0.965 0.944
5.5 0.975 0.975 0.963 3 * 0.986 0.977 0.963
6.0 0.985 0.985 0.977 3 * 0.991 0.985 0.977
6.5 0.992 0.992 0.986 3 * 0.996 0.993 0.986
7.0 0.994 0.994 0.991 3 * 0.997 0.994 0.991
7.5 0.997 0.997 0.994 3 * 0.998 0.997 0.994
8.0 0.998 0.998 0.997 3 * 0.999 0.998 0.997
8.5 0.998 0.998 0.998 3 * 0.999 0.999 0.998
9.0 0.999 0.999 0.999 3 * 1.000 0.999 0.999
9.5 0.999 0.999 0.998 3 * 0.999 0.999 0.998
10.0 1.000 1.000 0.999 3 * 1.000 1.000 0.999
