0.5 0.000 0.000 0.000 1 * 1
1.0 0.000 0.000 0.000 1 * 1
1.5 0.539 0.241 0.047 1 * 3
2.0 0.715 0.320 0.060 1 * 3
2.5 0.336 0.296 0.148 2 * 4 7
3.0 0.807 0.619 0.245 2 * 3 9
3.5 0.548 0.475 0.354 2 * 11 13
4.0 0.485 0.449 0.580 2 * 13 19
4.5 0.824 0.669 0.832 2 * 4 25
5.0 0.960 0.960 0.941 3 * 3 9 27
5.5 0.612 0.867 0.966 5 * 3 5 7 11 27
6.0 0.984 0.984 0.976 3 * 3 9 27
6.5 0.992 0.992 0.988 3 * 3 9 27
7.0 0.994 0.994 0.991 3 * 3 9 27
7.5 0.997 0.997 0.995 3 * 3 9 27
8.0 0.998 0.998 0.997 3 * 3 9 27
8.5 0.873 0.865 0.998 3 * 6 9 27
9.0 0.999 0.999 0.998 3 * 3 9 27
9.5 0.999 0.999 0.999 3 * 3 9 27
10.0 1.000 1.000 1.000 3 * 3 9 27
0.5 0.000 0.000 0.000 1 * 1
1.0 0.000 0.000 0.000 1 * 1
1.5 0.544 0.244 0.046 1 * 3
2.0 0.529 0.266 0.067 1 * 4
2.5 0.345 0.300 0.149 2 * 4 7
3.0 0.800 0.615 0.245 2 * 3 9
3.5 0.499 0.474 0.316 3 * 6 10 12
4.0 0.545 0.409 0.545 1 * 18
4.5 0.827 0.429 0.827 1 * 25
5.0 0.960 0.960 0.941 3 * 3 9 27
5.5 0.976 0.976 0.964 3 * 3 9 27
6.0 0.984 0.984 0.976 3 * 3 9 27
6.5 0.991 0.991 0.987 3 * 3 9 27
7.0 0.994 0.994 0.991 3 * 3 9 27
7.5 0.904 0.904 0.994 3 * 5 9 27
8.0 0.997 0.997 0.996 3 * 3 9 27
8.5 0.999 0.999 0.998 3 * 3 9 27
9.0 0.999 0.999 0.998 3 * 3 9 27
9.5 1.000 1.000 0.999 3 * 3 9 27
10.0 1.000 1.000 0.999 3 * 3 9 27
0.5 0.000 0.000 0.000 1 * 1
1.0 0.000 0.000 0.000 1 * 1
1.5 0.539 0.243 0.047 1 * 3
2.0 0.735 0.328 0.061 1 * 3
2.5 0.503 0.304 0.167 1 * 8
3.0 0.803 0.617 0.243 2 * 3 9
3.5 0.702 0.572 0.312 2 * 7 11
4.0 0.546 0.417 0.546 1 * 18
4.5 0.843 0.678 0.863 2 * 8 26
5.0 0.903 0.903 0.941 3 * 5 10 27
5.5 0.976 0.976 0.965 3 * 3 9 27
6.0 0.985 0.985 0.978 3 * 3 9 27
6.5 0.680 0.879 0.987 4 * 3 7 11 27
7.0 0.994 0.994 0.991 3 * 3 9 27
7.5 0.997 0.997 0.994 3 * 3 9 27
8.0 0.608 0.804 0.996 5 * 3 5 9 11 27
8.5 0.623 0.885 0.997 5 * 3 5 7 11 27
9.0 0.999 0.999 0.999 3 * 3 9 27
9.5 0.999 0.999 0.999 3 * 3 9 27
10.0 1.000 1.000 0.999 3 * 3 9 27
0.5 0.000 0.000 0.000 1 * 1
1.0 0.000 0.000 0.000 1 * 1
1.5 0.551 0.246 0.046 1 * 3
2.0 0.729 0.326 0.060 1 * 3
2.5 0.388 0.313 0.176 2 * 4 8
3.0 0.805 0.618 0.246 2 * 3 9
3.5 0.699 0.569 0.309 2 * 7 11
4.0 0.495 0.465 0.580 3 * 13 17 19
4.5 0.652 0.552 0.826 2 * 2 25
5.0 0.780 0.799 0.945 4 * 2 7 9 27
5.5 0.823 0.724 0.964 3 * 6 25 27
6.0 0.986 0.986 0.978 3 * 3 9 27
6.5 0.990 0.990 0.985 3 * 3 9 27
7.0 0.994 0.994 0.991 3 * 3 9 27
7.5 0.997 0.997 0.995 3 * 3 9 27
8.0 0.998 0.998 0.996 3 * 3 9 27
8.5 0.999 0.999 0.998 3 * 3 9 27
9.0 0.999 0.999 0.999 3 * 3 9 27
9.5 0.999 0.999 0.999 3 * 3 9 27
10.0 1.000 1.000 0.999 3 * 3 9 27
0.5 0.000 0.000 0.000 1 * 1
1.0 0.000 0.000 0.000 1 * 1
1.5 0.326 0.185 0.042 2 * 2 4
2.0 0.526 0.267 0.066 1 * 4
2.5 0.528 0.313 0.175 1 * 8
3.0 0.793 0.610 0.242 2 * 3 9
3.5 0.524 0.488 0.321 3 * 7 10 12
4.0 0.544 0.411 0.544 1 * 18
4.5 0.910 0.715 0.861 2 * 3 26
5.0 0.960 0.960 0.939 3 * 3 9 27
5.5 0.977 0.977 0.966 3 * 3 9 27
6.0 0.987 0.987 0.979 3 * 3 9 27
6.5 0.992 0.992 0.987 3 * 3 9 27
7.0 0.994 0.994 0.990 3 * 3 9 27
7.5 0.996 0.996 0.993 3 * 3 9 27
8.0 0.623 0.885 0.996 5 * 3 5 7 11 27
8.5 0.999 0.999 0.998 3 * 3 9 27
9.0 0.999 0.999 0.999 3 * 3 9 27
9.5 0.999 0.999 0.999 3 * 3 9 27
10.0 1.000 1.000 0.999 3 * 3 9 27
0.5 0.000 0.000 0.000 1 * 1
1.0 0.173 0.078 0.016 1 * 2
1.5 0.569 0.255 0.049 1 * 3
2.0 0.714 0.319 0.060 1 * 3
2.5 0.498 0.299 0.164 1 * 8
3.0 0.806 0.619 0.245 2 * 3 9
3.5 0.495 0.444 0.341 2 * 8 13
4.0 0.454 0.456 0.568 3 * 12 15 19
4.5 0.907 0.711 0.861 2 * 3 26
5.0 0.957 0.957 0.937 3 * 3 9 27
5.5 0.978 0.978 0.966 3 * 3 9 27
6.0 0.985 0.985 0.978 3 * 3 9 27
6.5 0.991 0.991 0.985 3 * 3 9 27
7.0 0.994 0.994 0.991 3 * 3 9 27
7.5 0.996 0.996 0.993 3 * 3 9 27
8.0 0.998 0.998 0.996 3 * 3 9 27
8.5 0.998 0.998 0.997 3 * 3 9 27
9.0 0.999 0.999 0.998 3 * 3 9 27
9.5 0.999 0.999 0.999 3 * 3 9 27
10.0 1.000 1.000 1.000 3 * 3 9 27
0.5 0.000 0.000 0.000 1 * 1
1.0 0.000 0.000 0.000 1 * 1
1.5 0.548 0.247 0.047 1 * 3
2.0 0.709 0.317 0.060 1 * 3
2.5 0.354 0.297 0.147 2 * 3 7
3.0 0.792 0.607 0.239 2 * 3 9
3.5 0.605 0.513 0.329 2 * 9 12
4.0 0.542 0.398 0.542 1 * 18
4.5 0.843 0.679 0.863 2 * 8 26
5.0 0.653 0.802 0.942 4 * 4 9 12 27
5.5 0.813 0.813 0.966 3 * 2 9 27
6.0 0.986 0.986 0.979 3 * 3 9 27
6.5 0.992 0.992 0.986 3 * 3 9 27
7.0 0.994 0.994 0.990 3 * 3 9 27
7.5 0.997 0.997 0.995 3 * 3 9 27
8.0 0.998 0.998 0.997 3 * 3 9 27
8.5 0.998 0.998 0.997 3 * 3 9 27
9.0 0.999 0.999 0.998 3 * 3 9 27
9.5 0.999 0.999 0.999 3 * 3 9 27
10.0 1.000 1.000 1.000 3 * 3 9 27
0.5 0.000 0.000 0.000 1 * 1
1.0 0.000 0.000 0.000 1 * 1
1.5 0.545 0.244 0.046 1 * 3
2.0 0.532 0.270 0.068 1 * 4
2.5 0.269 0.294 0.147 3 * 2 4 7
3.0 0.800 0.614 0.243 2 * 3 9
3.5 0.514 0.489 0.334 3 * 7 10 12
4.0 0.574 0.399 0.574 1 * 19
4.5 0.654 0.554 0.829 2 * 2 25
5.0 0.755 0.613 0.941 3 * 2 24 27
5.5 0.809 0.722 0.964 4 * 5 21 23 27
6.0 0.985 0.985 0.977 3 * 3 9 27
6.5 0.992 0.992 0.988 3 * 3 9 27
7.0 0.994 0.994 0.991 3 * 3 9 27
7.5 0.997 0.997 0.995 3 * 3 9 27
8.0 0.998 0.998 0.996 3 * 3 9 27
8.5 0.999 0.999 0.998 3 * 3 9 27
9.0 0.999 0.999 0.998 3 * 3 9 27
9.5 0.999 0.999 0.999 3 * 3 9 27
10.0 1.000 1.000 0.999 3 * 3 9 27
0.5 0.000 0.000 0.000 1 * 1
1.0 0.000 0.000 0.000 1 * 1
1.5 0.401 0.188 0.041 1 * 4
2.0 0.286 0.253 0.060 2 * 2 4
2.5 0.320 0.285 0.141 2 * 4 7
3.0 0.800 0.613 0.240 2 * 3 9
3.5 0.466 0.415 0.381 2 * 11 14
4.0 0.427 0.461 0.572 3 * 9 13 19
4.5 0.680 0.680 0.861 3 * 2 7 26
5.0 0.961 0.961 0.943 3 * 3 9 27
5.5 0.974 0.974 0.962 3 * 3 9 27
6.0 0.984 0.984 0.976 3 * 3 9 27
6.5 0.991 0.991 0.988 3 * 3 9 27
7.0 0.994 0.994 0.991 3 * 3 9 27
7.5 0.761 0.904 0.995 4 * 3 5 9 27
8.0 0.620 0.782 0.996 5 * 5 9 11 13 27
8.5 0.763 0.906 0.997 4 * 3 5 9 27
9.0 0.999 0.999 0.998 3 * 3 9 27
9.5 0.999 0.999 0.999 3 * 3 9 27
10.0 0.999 0.999 0.999 3 * 3 9 27
0.5 0.000 0.000 0.000 1 * 1
1.0 0.088 0.042 0.010 1 * 2
1.5 0.543 0.245 0.048 1 * 3
2.0 0.725 0.323 0.059 1 * 3
2.5 0.369 0.288 0.125 2 * 2 6
3.0 0.803 0.617 0.243 2 * 3 9
3.5 0.611 0.516 0.327 2 * 9 12
4.0 0.573 0.412 0.573 1 * 19
4.5 0.861 0.692 0.898 2 * 8 27
5.0 0.602 0.852 0.942 5 * 3 5 7 11 27
5.5 0.976 0.976 0.965 3 * 3 9 27
6.0 0.753 0.894 0.978 4 * 3 5 9 27
6.5 0.991 0.991 0.986 3 * 3 9 27
7.0 0.993 0.993 0.990 3 * 3 9 27
7.5 0.996 0.996 0.994 3 * 3 9 27
8.0 0.998 0.998 0.996 3 * 3 9 27
8.5 0.999 0.999 0.998 3 * 3 9 27
9.0 0.999 0.999 0.998 3 * 3 9 27
9.5 1.000 1.000 0.999 3 * 3 9 27
10.0 0.624 0.886 1.000 5 * 3 5 7 11 27
0.5 0.000 0.000 0.000 1 * 1
1.0 0.000 0.000 0.000 1 * 1
1.5 0.553 0.248 0.046 1 * 3
2.0 0.720 0.322 0.060 1 * 3
2.5 0.352 0.300 0.153 2 * 4 7
3.0 0.579 0.470 0.241 3 * 2 7 9
3.5 0.451 0.414 0.351 2 * 9 13
4.0 0.539 0.401 0.539 1 * 18
4.5 0.597 0.620 0.901 4 * 12 14 17 27
5.0 0.958 0.958 0.939 3 * 3 9 27
5.5 0.976 0.976 0.964 3 * 3 9 27
6.0 0.986 0.986 0.977 3 * 3 9 27
6.5 0.992 0.992 0.987 3 * 3 9 27
7.0 0.995 0.995 0.992 3 * 3 9 27
7.5 0.997 0.997 0.994 3 * 3 9 27
8.0 0.623 0.884 0.996 5 * 3 5 7 11 27
8.5 0.999 0.999 0.998 3 * 3 9 27
9.0 0.999 0.999 0.998 3 * 3 9 27
9.5 0.999 0.999 0.999 3 * 3 9 27
10.0 1.000 1.000 0.999 3 * 3 9 27
0.5 0.000 0.000 0.000 1 * 1
1.0 0.000 0.000 0.000 1 * 1
1.5 0.528 0.239 0.046 1 * 3
2.0 0.528 0.264 0.066 1 * 4
2.5 0.420 0.335 0.165 2 * 5 8
3.0 0.504 0.578 0.237 3 * 2 4 10
3.5 0.558 0.476 0.357 2 * 11 13
4.0 0.544 0.421 0.544 1 * 18
4.5 0.910 0.715 0.863 2 * 3 26
5.0 0.587 0.775 0.944 5 * 3 5 9 11 27
5.5 0.978 0.978 0.967 3 * 3 9 27
6.0 0.987 0.987 0.980 3 * 3 9 27
6.5 0.990 0.990 0.986 3 * 3 9 27
7.0 0.994 0.994 0.991 3 * 3 9 27
7.5 0.997 0.997 0.994 3 * 3 9 27
8.0 0.762 0.905 0.996 4 * 3 5 9 27
8.5 0.763 0.906 0.997 4 * 3 5 9 27
9.0 0.998 0.998 0.998 3 * 3 9 27
9.5 0.999 0.999 0.999 3 * 3 9 27
10.0 0.999 0.999 0.999 3 * 3 9 27
0.5 0.000 0.000 0.000 1 * 1
1.0 0.132 0.060 0.013 1 * 2
1.5 0.538 0.240 0.046 1 * 3
2.0 0.377 0.236 0.083 1 * 5
2.5 0.319 0.278 0.139 2 * 4 7
3.0 0.810 0.622 0.246 2 * 3 9
3.5 0.446 0.413 0.361 2 * 9 13
4.0 0.447 0.452 0.605 3 * 10 15 20
4.5 0.908 0.712 0.861 2 * 3 26
5.0 0.960 0.960 0.942 3 * 3 9 27
5.5 0.662 0.780 0.967 4 * 7 11 14 27
6.0 0.616 0.874 0.978 5 * 3 5 7 11 27
6.5 0.804 0.825 0.986 4 * 2 7 9 27
7.0 0.607 0.802 0.992 5 * 3 5 9 11 27
7.5 0.996 0.996 0.994 3 * 3 9 27
8.0 0.998 0.998 0.996 3 * 3 9 27
8.5 0.999 0.999 0.998 3 * 3 9 27
9.0 0.999 0.999 0.999 3 * 3 9 27
9.5 0.999 0.999 0.999 3 * 3 9 27
10.0 1.000 1.000 0.999 3 * 3 9 27
0.5 0.000 0.000 0.000 1 * 1
1.0 0.108 0.050 0.011 1 * 2
1.5 0.559 0.250 0.047 1 * 3
2.0 0.722 0.322 0.061 1 * 3
2.5 0.341 0.296 0.154 2 * 4 7
3.0 0.809 0.621 0.246 2 * 3 9
3.5 0.523 0.563 0.298 3 * 4 7 11
4.0 0.545 0.417 0.545 1 * 18
4.5 0.847 0.681 0.866 2 * 8 26
5.0 0.836 0.831 0.940 3 * 6 9 27
5.5 0.976 0.976 0.964 3 * 3 9 27
6.0 0.987 0.987 0.979 3 * 3 9 27
6.5 0.992 0.992 0.986 3 * 3 9 27
7.0 0.995 0.995 0.992 3 * 3 9 27
7.5 0.997 0.997 0.995 3 * 3 9 27
8.0 0.997 0.997 0.996 3 * 3 9 27
8.5 0.999 0.999 0.997 3 * 3 9 27
9.0 0.749 0.866 0.998 4 * 4 6 9 27
9.5 0.999 0.999 0.999 3 * 3 9 27
10.0 1.000 1.000 1.000 3 * 3 9 27
0.5 0.000 0.000 0.000 1 * 1
1.0 0.143 0.065 0.014 1 * 2
1.5 0.565 0.253 0.048 1 * 3
2.0 0.728 0.324 0.058 1 * 3
2.5 0.478 0.292 0.164 1 * 8
3.0 0.658 0.472 0.242 2 * 7 9
3.5 0.581 0.506 0.357 2 * 10 13
4.0 0.402 0.441 0.518 2 * 7 17
4.5 0.683 0.683 0.864 3 * 2 7 26
5.0 0.736 0.872 0.943 4 * 3 5 9 27
5.5 0.746 0.885 0.964 4 * 3 5 9 27
6.0 0.986 0.986 0.978 3 * 3 9 27
6.5 0.991 0.991 0.986 3 * 3 9 27
7.0 0.995 0.995 0.992 3 * 3 9 27
7.5 0.997 0.997 0.994 3 * 3 9 27
8.0 0.997 0.997 0.996 3 * 3 9 27
8.5 0.999 0.999 0.998 3 * 3 9 27
9.0 0.999 0.999 0.997 3 * 3 9 27
9.5 0.999 0.999 0.999 3 * 3 9 27
10.0 1.000 1.000 0.999 3 * 3 9 27
0.5 0.000 0.000 0.000 1 * 1
1.0 0.149 0.068 0.015 1 * 2
1.5 0.532 0.240 0.046 1 * 3
2.0 0.723 0.324 0.060 1 * 3
2.5 0.423 0.285 0.142 1 * 7
3.0 0.800 0.614 0.243 2 * 3 9
3.5 0.533 0.530 0.309 3 * 5 8 11
4.0 0.435 0.451 0.609 3 * 8 14 20
4.5 0.516 0.653 0.866 4 * 3 5 10 26
5.0 0.578 0.790 0.942 5 * 6 8 10 13 27
5.5 0.976 0.976 0.965 3 * 3 9 27
6.0 0.901 0.814 0.977 3 * 7 9 27
6.5 0.619 0.878 0.985 5 * 3 5 7 11 27
7.0 0.995 0.995 0.991 3 * 3 9 27
7.5 0.996 0.996 0.994 3 * 3 9 27
8.0 0.998 0.998 0.996 3 * 3 9 27
8.5 0.749 0.866 0.998 4 * 4 6 9 27
9.0 0.999 0.999 0.998 3 * 3 9 27
9.5 0.999 0.999 0.999 3 * 3 9 27
10.0 0.764 0.907 0.999 4 * 3 5 9 27
0.5 0.000 0.000 0.000 1 * 1
1.0 0.000 0.000 0.000 1 * 1
1.5 0.526 0.236 0.046 1 * 3
2.0 0.403 0.225 0.068 1 * 5
2.5 0.495 0.301 0.166 1 * 8
3.0 0.646 0.512 0.246 2 * 6 10
3.5 0.459 0.480 0.333 3 * 7 10 12
4.0 0.453 0.424 0.601 3 * 10 16 20
4.5 0.863 0.694 0.901 2 * 8 27
5.0 0.962 0.962 0.943 3 * 3 9 27
5.5 0.611 0.867 0.966 5 * 3 5 7 11 27
6.0 0.986 0.986 0.978 3 * 3 9 27
6.5 0.990 0.990 0.985 3 * 3 9 27
7.0 0.994 0.994 0.991 3 * 3 9 27
7.5 0.997 0.997 0.995 3 * 3 9 27
8.0 0.998 0.998 0.996 3 * 3 9 27
8.5 0.608 0.804 0.997 5 * 3 5 9 11 27
9.0 0.999 0.999 0.998 3 * 3 9 27
9.5 1.000 1.000 0.999 3 * 3 9 27
10.0 1.000 1.000 0.999 3 * 3 9 27
0.5 0.000 0.000 0.000 1 * 1
1.0 0.000 0.000 0.000 1 * 1
1.5 0.544 0.246 0.047 1 * 3
2.0 0.725 0.324 0.060 1 * 3
2.5 0.362 0.302 0.152 2 * 3 7
3.0 0.549 0.538 0.243 3 * 3 5 9
3.5 0.490 0.438 0.332 2 * 8 13
4.0 0.542 0.410 0.542 1 * 18
4.5 0.683 0.683 0.864 3 * 2 7 26
5.0 0.958 0.958 0.939 3 * 3 9 27
5.5 0.975 0.975 0.962 3 * 3 9 27
6.0 0.617 0.875 0.981 5 * 3 5 7 11 27
6.5 0.992 0.992 0.988 3 * 3 9 27
7.0 0.994 0.994 0.990 3 * 3 9 27
7.5 0.997 0.997 0.994 3 * 3 9 27
8.0 0.998 0.998 0.997 3 * 3 9 27
8.5 0.999 0.999 0.997 3 * 3 9 27
9.0 0.999 0.999 0.999 3 * 3 9 27
9.5 0.999 0.999 0.999 3 * 3 9 27
10.0 1.000 1.000 0.999 3 * 3 9 27
0.5 0.000 0.000 0.000 1 * 1
1.0 0.000 0.000 0.000 1 * 1
1.5 0.527 0.237 0.044 1 * 3
2.0 0.520 0.264 0.068 1 * 4
2.5 0.367 0.270 0.119 1 * 6
3.0 0.661 0.471 0.243 2 * 7 9
3.5 0.527 0.487 0.318 3 * 7 10 12
4.0 0.459 0.470 0.602 3 * 10 15 20
4.5 0.909 0.714 0.863 2 * 3 26
5.0 0.745 0.745 0.941 3 * 12 17 27
5.5 0.975 0.975 0.962 3 * 3 9 27
6.0 0.985 0.985 0.978 3 * 3 9 27
6.5 0.991 0.991 0.986 3 * 3 9 27
7.0 0.995 0.995 0.991 3 * 3 9 27
7.5 0.997 0.997 0.994 3 * 3 9 27
8.0 0.914 0.825 0.996 3 * 7 9 27
8.5 0.999 0.999 0.997 3 * 3 9 27
9.0 0.999 0.999 0.998 3 * 3 9 27
9.5 0.999 0.999 0.999 3 * 3 9 27
10.0 0.689 0.823 0.999 4 * 6 10 13 27
0.5 0.000 0.000 0.000 1 * 1
1.0 0.000 0.000 0.000 1 * 1
1.5 0.531 0.240 0.045 1 * 3
2.0 0.726 0.325 0.060 1 * 3
2.5 0.488 0.373 0.145 2 * 5 7
3.0 0.801 0.614 0.241 2 * 3 9
3.5 0.527 0.488 0.323 3 * 7 10 12
4.0 0.416 0.444 0.572 3 * 7 14 19
4.5 0.610 0.796 0.897 4 * 2 7 10 27
5.0 0.797 0.797 0.942 3 * 2 9 27
5.5 0.975 0.975 0.962 3 * 3 9 27
6.0 0.753 0.893 0.976 4 * 3 5 9 27
6.5 0.991 0.991 0.986 3 * 3 9 27
7.0 0.994 0.994 0.991 3 * 3 9 27
7.5 0.996 0.996 0.994 3 * 3 9 27
8.0 0.998 0.998 0.996 3 * 3 9 27
8.5 0.812 0.832 0.998 4 * 2 7 9 27
9.0 0.999 0.999 0.999 3 * 3 9 27
9.5 0.812 0.833 0.999 4 * 2 7 9 27
10.0 1.000 1.000 0.999 3 * 3 9 27
0.5 0.000 0.000 0.000 1 * 1
1.0 0.000 0.000 0.000 1 * 1
1.5 0.556 0.249 0.046 1 * 3
2.0 0.711 0.318 0.059 1 * 3
2.5 0.529 0.314 0.174 1 * 8
3.0 0.663 0.472 0.244 2 * 7 9
3.5 0.554 0.482 0.359 2 * 11 13
4.0 0.571 0.468 0.617 2 * 17 20
4.5 0.761 0.665 0.829 2 * 5 25
5.0 0.960 0.960 0.940 3 * 3 9 27
5.5 0.977 0.977 0.965 3 * 3 9 27
6.0 0.985 0.985 0.978 3 * 3 9 27
6.5 0.743 0.859 0.986 4 * 4 6 9 27
7.0 0.672 0.668 0.991 3 * 9 16 27
7.5 0.996 0.996 0.994 3 * 3 9 27
8.0 0.998 0.998 0.997 3 * 3 9 27
8.5 0.999 0.999 0.998 3 * 3 9 27
9.0 0.999 0.999 0.998 3 * 3 9 27
9.5 0.624 0.886 0.999 5 * 3 5 7 11 27
10.0 0.999 0.999 0.999 3 * 3 9 27
0.5 0.000 0.000 0.000 1 * 1
1.0 0.000 0.000 0.000 1 * 1
1.5 0.555 0.249 0.046 1 * 3
2.0 0.726 0.323 0.059 1 * 3
2.5 0.528 0.315 0.173 1 * 8
3.0 0.552 0.540 0.240 3 * 3 5 9
3.5 0.694 0.566 0.309 2 * 7 11
4.0 0.601 0.402 0.601 1 * 20
4.5 0.932 0.932 0.900 3 * 3 9 27
5.0 0.958 0.958 0.938 3 * 3 9 27
5.5 0.976 0.976 0.963 3 * 3 9 27
6.0 0.753 0.894 0.978 4 * 3 5 9 27
6.5 0.991 0.991 0.986 3 * 3 9 27
7.0 0.995 0.995 0.992 3 * 3 9 27
7.5 0.996 0.996 0.994 3 * 3 9 27
8.0 0.997 0.997 0.996 3 * 3 9 27
8.5 0.999 0.999 0.998 3 * 3 9 27
9.0 0.999 0.999 0.999 3 * 3 9 27
9.5 1.000 1.000 0.999 3 * 3 9 27
10.0 1.000 1.000 0.999 3 * 3 9 27
0.5 0.000 0.000 0.000 1 * 1
1.0 0.000 0.000 0.000 1 * 1
1.5 0.545 0.247 0.048 1 * 3
2.0 0.710 0.317 0.059 1 * 3
2.5 0.483 0.368 0.139 2 * 5 7
3.0 0.588 0.472 0.240 2 * 2 9
3.5 0.505 0.484 0.327 3 * 7 10 12
4.0 0.449 0.467 0.603 3 * 6 14 20
4.5 0.845 0.680 0.867 2 * 8 26
5.0 0.961 0.961 0.941 3 * 3 9 27
5.5 0.976 0.976 0.964 3 * 3 9 27
6.0 0.986 0.986 0.977 3 * 3 9 27
6.5 0.990 0.990 0.985 3 * 3 9 27
7.0 0.760 0.903 0.992 4 * 3 5 9 27
7.5 0.997 0.997 0.995 3 * 3 9 27
8.0 0.998 0.998 0.997 3 * 3 9 27
8.5 0.998 0.998 0.997 3 * 3 9 27
9.0 0.999 0.999 0.999 3 * 3 9 27
9.5 0.999 0.999 0.999 3 * 3 9 27
10.0 0.685 0.886 0.999 4 * 3 7 11 27
0.5 0.000 0.000 0.000 1 * 1
1.0 0.000 0.000 0.000 1 * 1
1.5 0.527 0.239 0.047 1 * 3
2.0 0.707 0.317 0.058 1 * 3
2.5 0.434 0.291 0.147 1 * 7
3.0 0.809 0.622 0.247 2 * 3 9
3.5 0.613 0.515 0.321 2 * 9 12
4.0 0.498 0.470 0.576 2 * 14 19
4.5 0.655 0.552 0.829 2 * 2 25
5.0 0.878 0.794 0.943 3 * 7 9 27
5.5 0.893 0.807 0.964 3 * 7 9 27
6.0 0.985 0.985 0.977 3 * 3 9 27
6.5 0.991 0.991 0.985 3 * 3 9 27
7.0 0.674 0.829 0.990 4 * 4 9 12 27
7.5 0.996 0.996 0.993 3 * 3 9 27
8.0 0.998 0.998 0.996 3 * 3 9 27
8.5 0.998 0.998 0.997 3 * 3 9 27
9.0 0.749 0.866 0.999 4 * 4 6 9 27
9.5 0.999 0.999 0.999 3 * 3 9 27
10.0 0.999 0.999 0.999 3 * 3 9 27
0.5 0.000 0.000 0.000 1 * 1
1.0 0.000 0.000 0.000 1 * 1
1.5 0.542 0.244 0.047 1 * 3
2.0 0.526 0.265 0.065 1 * 4
2.5 0.344 0.291 0.148 2 * 4 7
3.0 0.664 0.473 0.248 2 * 7 9
3.5 0.513 0.479 0.307 3 * 6 10 12
4.0 0.438 0.465 0.570 3 * 10 14 19
4.5 0.567 0.669 0.866 3 * 2 9 26
5.0 0.961 0.961 0.942 3 * 3 9 27
5.5 0.976 0.976 0.962 3 * 3 9 27
6.0 0.984 0.984 0.976 3 * 3 9 27
6.5 0.991 0.991 0.986 3 * 3 9 27
7.0 0.600 0.716 0.936 3 * 3 10 27
7.5 0.997 0.997 0.994 3 * 3 9 27
8.0 0.998 0.998 0.996 3 * 3 9 27
8.5 0.999 0.999 0.998 3 * 3 9 27
9.0 0.874 0.866 0.998 3 * 6 9 27
9.5 0.624 0.886 0.998 5 * 3 5 7 11 27
10.0 1.000 1.000 0.999 3 * 3 9 27
0.5 0.000 0.000 0.000 1 * 1
1.0 0.000 0.000 0.000 1 * 1
1.5 0.554 0.250 0.047 1 * 3
2.0 0.283 0.261 0.065 2 * 2 4
2.5 0.530 0.314 0.173 1 * 8
3.0 0.601 0.484 0.248 2 * 2 9
3.5 0.459 0.415 0.383 2 * 11 14
4.0 0.532 0.463 0.578 2 * 16 19
4.5 0.933 0.933 0.903 3 * 3 9 27
5.0 0.959 0.959 0.939 3 * 3 9 27
5.5 0.746 0.886 0.965 4 * 3 5 9 27
6.0 0.985 0.985 0.978 3 * 3 9 27
6.5 0.990 0.990 0.984 3 * 3 9 27
7.0 0.539 0.720 0.938 3 * 3 8 27
7.5 0.996 0.996 0.994 3 * 3 9 27
8.0 0.997 0.997 0.996 3 * 3 9 27
8.5 0.915 0.826 0.998 3 * 7 9 27
9.0 0.609 0.805 0.998 5 * 3 5 9 11 27
9.5 0.999 0.999 0.999 3 * 3 9 27
10.0 1.000 1.000 1.000 3 * 3 9 27
0.5 0.000 0.000 0.000 1 * 1
1.0 0.000 0.000 0.000 1 * 1
1.5 0.552 0.247 0.047 1 * 3
2.0 0.528 0.270 0.073 1 * 4
2.5 0.342 0.297 0.152 2 * 4 7
3.0 0.538 0.525 0.231 3 * 3 5 9
3.5 0.475 0.510 0.327 3 * 7 9 12
4.0 0.353 0.427 0.608 3 * 2 10 20
4.5 0.680 0.680 0.860 3 * 2 7 26
5.0 0.653 0.802 0.940 4 * 4 9 12 27
5.5 0.976 0.976 0.964 3 * 3 9 27
6.0 0.985 0.985 0.979 3 * 3 9 27
6.5 0.757 0.899 0.986 4 * 3 5 9 27
7.0 0.994 0.994 0.991 3 * 3 9 27
7.5 0.996 0.996 0.994 3 * 3 9 27
8.0 0.998 0.998 0.997 3 * 3 9 27
8.5 0.998 0.998 0.997 3 * 3 9 27
9.0 0.999 0.999 0.998 3 * 3 9 27
9.5 1.000 1.000 0.999 3 * 3 9 27
10.0 1.000 1.000 0.999 3 * 3 9 27
0.5 0.000 0.000 0.000 1 * 1
1.0 0.000 0.000 0.000 1 * 1
1.5 0.549 0.246 0.046 1 * 3
2.0 0.715 0.319 0.058 1 * 3
2.5 0.674 0.514 0.196 2 * 3 9
3.0 0.421 0.493 0.255 3 * 2 7 10
3.5 0.475 0.488 0.332 3 * 7 10 12
4.0 0.510 0.487 0.572 2 * 15 19
4.5 0.654 0.551 0.828 2 * 2 25
5.0 0.959 0.959 0.938 3 * 3 9 27
5.5 0.595 0.787 0.965 5 * 3 5 9 11 27
6.0 0.753 0.894 0.978 4 * 3 5 9 27
6.5 0.992 0.992 0.987 3 * 3 9 27
7.0 0.760 0.903 0.991 4 * 3 5 9 27
7.5 0.996 0.996 0.994 3 * 3 9 27
8.0 0.998 0.998 0.997 3 * 3 9 27
8.5 0.999 0.999 0.998 3 * 3 9 27
9.0 0.999 0.999 0.998 3 * 3 9 27
9.5 0.739 0.875 0.999 4 * 6 8 12 27
10.0 1.000 1.000 0.999 3 * 3 9 27
0.5 0.000 0.000 0.000 1 * 1
1.0 0.000 0.000 0.000 1 * 1
1.5 0.549 0.246 0.046 1 * 3
2.0 0.729 0.326 0.060 1 * 3
2.5 0.334 0.292 0.147 2 * 4 7
3.0 0.800 0.612 0.237 2 * 3 9
3.5 0.475 0.513 0.333 3 * 7 9 12
4.0 0.366 0.445 0.541 3 * 3 12 18
4.5 0.911 0.716 0.864 2 * 3 26
5.0 0.958 0.958 0.938 3 * 3 9 27
5.5 0.975 0.975 0.962 3 * 3 9 27
6.0 0.986 0.986 0.980 3 * 3 9 27
6.5 0.990 0.990 0.986 3 * 3 9 27
7.0 0.994 0.994 0.991 3 * 3 9 27
7.5 0.904 0.904 0.994 3 * 5 9 27
8.0 0.998 0.998 0.997 3 * 3 9 27
8.5 0.999 0.999 0.998 3 * 3 9 27
9.0 0.999 0.999 0.998 3 * 3 9 27
9.5 0.999 0.999 0.999 3 * 3 9 27
10.0 1.000 1.000 1.000 3 * 3 9 27
0.5 0.000 0.000 0.000 1 * 1
1.0 0.000 0.000 0.000 1 * 1
1.5 0.557 0.250 0.048 1 * 3
2.0 0.722 0.322 0.059 1 * 3
2.5 0.443 0.290 0.146 1 * 7
3.0 0.800 0.613 0.240 2 * 3 9
3.5 0.475 0.511 0.322 3 * 7 9 12
4.0 0.489 0.442 0.607 3 * 13 16 20
4.5 0.936 0.936 0.905 3 * 3 9 27
5.0 0.877 0.793 0.943 3 * 7 9 27
5.5 0.977 0.977 0.966 3 * 3 9 27
6.0 0.739 0.855 0.979 4 * 4 6 9 27
6.5 0.990 0.990 0.985 3 * 3 9 27
7.0 0.675 0.830 0.991 4 * 4 9 12 27
7.5 0.761 0.904 0.994 4 * 3 5 9 27
8.0 0.997 0.997 0.995 3 * 3 9 27
8.5 0.678 0.834 0.998 4 * 4 9 12 27
9.0 0.999 0.999 0.999 3 * 3 9 27
9.5 0.999 0.999 0.999 3 * 3 9 27
10.0 1.000 1.000 1.000 3 * 3 9 27
0.5 0.000 0.000 0.000 1 * 1
1.0 0.000 0.000 0.000 1 * 1
1.5 0.539 0.242 0.045 1 * 3
2.0 0.708 0.316 0.059 1 * 3
2.5 0.503 0.306 0.173 1 * 8
3.0 0.662 0.475 0.241 2 * 7 9
3.5 0.458 0.409 0.374 2 * 11 14
4.0 0.459 0.474 0.609 3 * 11 14 20
4.5 0.912 0.716 0.869 2 * 3 26
5.0 0.875 0.791 0.939 3 * 7 9 27
5.5 0.975 0.975 0.962 3 * 3 9 27
6.0 0.985 0.985 0.978 3 * 3 9 27
6.5 0.991 0.991 0.986 3 * 3 9 27
7.0 0.994 0.994 0.990 3 * 3 9 27
7.5 0.996 0.996 0.994 3 * 3 9 27
8.0 0.998 0.998 0.996 3 * 3 9 27
8.5 0.998 0.998 0.997 3 * 3 9 27
9.0 0.999 0.999 0.999 3 * 3 9 27
9.5 0.874 0.866 0.999 3 * 6 9 27
10.0 0.678 0.834 0.999 4 * 4 9 12 27
0.5 0.000 0.000 0.000 1 * 1
1.0 0.113 0.052 0.011 1 * 2
1.5 0.541 0.245 0.047 1 * 3
2.0 0.718 0.322 0.059 1 * 3
2.5 0.429 0.284 0.142 1 * 7
3.0 0.593 0.477 0.246 2 * 2 9
3.5 0.608 0.513 0.323 2 * 9 12
4.0 0.435 0.451 0.603 4 * 7 12 16 20
4.5 0.914 0.718 0.867 2 * 3 26
5.0 0.589 0.658 0.938 5 * 3 7 18 21 27
5.5 0.976 0.976 0.963 3 * 3 9 27
6.0 0.983 0.983 0.975 3 * 3 9 27
6.5 0.991 0.991 0.986 3 * 3 9 27
7.0 0.621 0.881 0.990 5 * 3 5 7 11 27
7.5 0.997 0.997 0.996 3 * 3 9 27
8.0 0.998 0.998 0.997 3 * 3 9 27
8.5 0.999 0.999 0.997 3 * 3 9 27
9.0 0.999 0.999 0.999 3 * 3 9 27
9.5 0.999 0.999 0.998 3 * 3 9 27
10.0 1.000 1.000 0.999 3 * 3 9 27
0.5 0.000 0.000 0.000 1 * 1
1.0 0.000 0.000 0.000 1 * 1
1.5 0.532 0.241 0.048 1 * 3
2.0 0.727 0.324 0.059 1 * 3
2.5 0.337 0.285 0.144 2 * 4 7
3.0 0.807 0.620 0.247 2 * 3 9
3.5 0.515 0.491 0.334 3 * 7 10 12
4.0 0.569 0.411 0.569 1 * 19
4.5 0.686 0.686 0.868 3 * 2 7 26
5.0 0.961 0.961 0.943 3 * 3 9 27
5.5 0.977 0.977 0.965 3 * 3 9 27
6.0 0.985 0.985 0.977 3 * 3 9 27
6.5 0.679 0.878 0.985 4 * 3 7 11 27
7.0 0.995 0.995 0.992 3 * 3 9 27
7.5 0.997 0.997 0.994 3 * 3 9 27
8.0 0.998 0.998 0.996 3 * 3 9 27
8.5 0.999 0.999 0.998 3 * 3 9 27
9.0 0.999 0.999 0.998 3 * 3 9 27
9.5 1.000 1.000 0.999 3 * 3 9 27
10.0 1.000 1.000 1.000 3 * 3 9 27
0.5 0.004 0.003 0.002 1 * 2
1.0 0.150 0.068 0.013 1 * 2
1.5 0.542 0.242 0.045 1 * 3
2.0 0.715 0.320 0.060 1 * 3
2.5 0.312 0.273 0.135 2 * 4 7
3.0 0.588 0.473 0.242 2 * 2 9
3.5 0.510 0.449 0.327 2 * 7 12
4.0 0.475 0.480 0.560 2 * 13 19
4.5 0.931 0.931 0.898 3 * 3 9 27
5.0 0.963 0.963 0.944 3 * 3 9 27
5.5 0.976 0.976 0.964 3 * 3 9 27
6.0 0.985 0.985 0.977 3 * 3 9 27
6.5 0.991 0.991 0.986 3 * 3 9 27
7.0 0.995 0.995 0.991 3 * 3 9 27
7.5 0.996 0.996 0.994 3 * 3 9 27
8.0 0.998 0.998 0.996 3 * 3 9 27
8.5 0.763 0.906 0.997 4 * 3 5 9 27
9.0 0.999 0.999 0.999 3 * 3 9 27
9.5 0.999 0.999 0.999 3 * 3 9 27
10.0 1.000 1.000 0.999 3 * 3 9 27
0.5 0.000 0.000 0.000 1 * 1
1.0 0.136 0.061 0.012 1 * 2
1.5 0.544 0.245 0.048 1 * 3
2.0 0.715 0.321 0.060 1 * 3
2.5 0.332 0.293 0.143 2 * 4 7
3.0 0.802 0.617 0.245 2 * 3 9
3.5 0.461 0.418 0.328 2 * 7 12
4.0 0.420 0.457 0.583 3 * 10 13 19
4.5 0.934 0.934 0.902 3 * 3 9 27
5.0 0.960 0.960 0.942 3 * 3 9 27
5.5 0.977 0.977 0.964 3 * 3 9 27
6.0 0.730 0.862 0.976 4 * 6 8 12 27
6.5 0.866 0.859 0.987 3 * 6 9 27
7.0 0.994 0.994 0.991 3 * 3 9 27
7.5 0.997 0.997 0.995 3 * 3 9 27
8.0 0.998 0.998 0.997 3 * 3 9 27
8.5 0.998 0.998 0.997 3 * 3 9 27
9.0 0.999 0.999 0.999 3 * 3 9 27
9.5 0.999 0.999 0.999 3 * 3 9 27
10.0 1.000 1.000 0.999 3 * 3 9 27
0.5 0.000 0.000 0.000 1 * 1
1.0 0.000 0.000 0.000 1 * 1
1.5 0.545 0.247 0.048 1 * 3
2.0 0.713 0.319 0.058 1 * 3
2.5 0.347 0.300 0.153 2 * 4 7
3.0 0.657 0.520 0.246 2 * 6 10
3.5 0.597 0.512 0.343 2 * 10 13
4.0 0.506 0.507 0.550 2 * 13 18
4.5 0.935 0.935 0.907 3 * 3 9 27
5.0 0.719 0.833 0.943 4 * 4 6 9 27
5.5 0.644 0.763 0.963 4 * 5 11 13 27
6.0 0.652 0.772 0.977 4 * 5 11 13 27
6.5 0.757 0.899 0.986 4 * 3 5 9 27
7.0 0.994 0.994 0.991 3 * 3 9 27
7.5 0.996 0.996 0.994 3 * 3 9 27
8.0 0.997 0.997 0.996 3 * 3 9 27
8.5 0.999 0.999 0.998 3 * 3 9 27
9.0 0.999 0.999 0.999 3 * 3 9 27
9.5 1.000 1.000 0.999 3 * 3 9 27
10.0 1.000 1.000 1.000 3 * 3 9 27
0.5 0.000 0.000 0.000 1 * 1
1.0 0.000 0.000 0.000 1 * 1
1.5 0.539 0.241 0.046 1 * 3
2.0 0.299 0.263 0.064 2 * 2 4
2.5 0.356 0.303 0.154 2 * 4 7
3.0 0.801 0.615 0.242 2 * 3 9
3.5 0.482 0.434 0.336 2 * 8 13
4.0 0.405 0.459 0.614 4 * 2 9 17 20
4.5 0.841 0.677 0.860 2 * 8 26
5.0 0.876 0.792 0.939 3 * 7 9 27
5.5 0.976 0.976 0.963 3 * 3 9 27
6.0 0.987 0.987 0.980 3 * 3 9 27
6.5 0.756 0.898 0.984 4 * 3 5 9 27
7.0 0.870 0.862 0.992 3 * 6 9 27
7.5 0.996 0.996 0.994 3 * 3 9 27
8.0 0.998 0.998 0.996 3 * 3 9 27
8.5 0.763 0.906 0.998 4 * 3 5 9 27
9.0 0.999 0.999 0.998 3 * 3 9 27
9.5 0.999 0.999 0.999 3 * 3 9 27
10.0 1.000 1.000 1.000 3 * 3 9 27
0.5 0.000 0.000 0.000 1 * 1
1.0 0.000 0.000 0.000 1 * 1
1.5 0.543 0.244 0.046 1 * 3
2.0 0.282 0.256 0.061 2 * 2 4
2.5 0.340 0.291 0.147 2 * 4 7
3.0 0.644 0.509 0.241 2 * 6 9
3.5 0.541 0.468 0.322 2 * 8 12
4.0 0.455 0.454 0.572 3 * 6 17 19
4.5 0.685 0.685 0.868 3 * 2 7 26
5.0 0.959 0.959 0.939 3 * 3 9 27
5.5 0.977 0.977 0.964 3 * 3 9 27
6.0 0.986 0.986 0.979 3 * 3 9 27
6.5 0.908 0.820 0.986 3 * 7 9 27
7.0 0.994 0.994 0.991 3 * 3 9 27
7.5 0.997 0.997 0.995 3 * 3 9 27
8.0 0.998 0.998 0.997 3 * 3 9 27
8.5 0.998 0.998 0.997 3 * 3 9 27
9.0 0.999 0.999 0.999 3 * 3 9 27
9.5 1.000 1.000 0.999 3 * 3 9 27
10.0 1.000 1.000 0.999 3 * 3 9 27
0.5 0.000 0.000 0.000 1 * 1
1.0 0.118 0.057 0.014 1 * 2
1.5 0.549 0.246 0.047 1 * 3
2.0 0.278 0.260 0.064 2 * 2 4
2.5 0.326 0.281 0.142 2 * 4 7
3.0 0.517 0.504 0.242 3 * 4 6 9
3.5 0.501 0.479 0.319 3 * 6 10 12
4.0 0.426 0.451 0.572 3 * 10 14 19
4.5 0.843 0.843 0.896 3 * 5 9 27
5.0 0.875 0.791 0.938 3 * 7 9 27
5.5 0.976 0.976 0.964 3 * 3 9 27
6.0 0.986 0.986 0.978 3 * 3 9 27
6.5 0.672 0.827 0.986 4 * 4 9 12 27
7.0 0.911 0.823 0.991 3 * 7 9 27
7.5 0.996 0.996 0.994 3 * 3 9 27
8.0 0.762 0.905 0.996 4 * 3 5 9 27
8.5 0.998 0.998 0.997 3 * 3 9 27
9.0 0.999 0.999 0.998 3 * 3 9 27
9.5 0.999 0.999 0.999 3 * 3 9 27
10.0 0.999 0.999 0.999 3 * 3 9 27
0.5 0.000 0.000 0.000 1 * 1
1.0 0.109 0.053 0.013 1 * 2
1.5 0.563 0.251 0.046 1 * 3
2.0 0.283 0.259 0.061 2 * 2 4
2.5 0.511 0.307 0.172 1 * 8
3.0 0.502 0.576 0.237 3 * 2 4 10
3.5 0.530 0.498 0.308 3 * 5 9 11
4.0 0.425 0.449 0.573 3 * 6 14 19
4.5 0.653 0.554 0.828 2 * 2 25
5.0 0.961 0.961 0.943 3 * 3 9 27
5.5 0.669 0.865 0.963 4 * 3 7 11 27
6.0 0.985 0.985 0.977 3 * 3 9 27
6.5 0.990 0.990 0.984 3 * 3 9 27
7.0 0.995 0.995 0.991 3 * 3 9 27
7.5 0.997 0.997 0.994 3 * 3 9 27
8.0 0.998 0.998 0.997 3 * 3 9 27
8.5 0.998 0.998 0.997 3 * 3 9 27
9.0 0.999 0.999 0.999 3 * 3 9 27
9.5 0.624 0.886 0.999 5 * 3 5 7 11 27
10.0 0.999 0.999 0.999 3 * 3 9 27
0.5 0.000 0.000 0.000 1 * 1
1.0 0.000 0.000 0.000 1 * 1
1.5 0.549 0.247 0.047 1 * 3
2.0 0.283 0.262 0.065 2 * 2 4
2.5 0.344 0.294 0.150 2 * 4 7
3.0 0.653 0.469 0.246 2 * 7 9
3.5 0.455 0.519 0.359 3 * 4 10 13
4.0 0.543 0.425 0.543 1 * 18
4.5 0.931 0.931 0.898 3 * 3 9 27
5.0 0.600 0.752 0.941 5 * 5 9 11 13 27
5.5 0.783 0.678 0.964 4 * 6 21 23 27
6.0 0.985 0.985 0.977 3 * 3 9 27
6.5 0.991 0.991 0.986 3 * 3 9 27
7.0 0.911 0.822 0.991 3 * 7 9 27
7.5 0.996 0.996 0.994 3 * 3 9 27
8.0 0.998 0.998 0.996 3 * 3 9 27
8.5 0.999 0.999 0.998 3 * 3 9 27
9.0 0.999 0.999 0.998 3 * 3 9 27
9.5 0.999 0.999 0.999 3 * 3 9 27
10.0 1.000 1.000 1.000 3 * 3 9 27
0.5 0.000 0.000 0.000 1 * 1
1.0 0.000 0.000 0.000 1 * 1
1.5 0.527 0.239 0.046 1 * 3
2.0 0.282 0.262 0.063 2 * 2 4
2.5 0.349 0.300 0.151 2 * 3 7
3.0 0.698 0.544 0.236 2 * 5 10
3.5 0.524 0.495 0.307 3 * 5 9 11
4.0 0.528 0.453 0.576 2 * 16 19
4.5 0.782 0.679 0.868 2 * 5 26
5.0 0.902 0.902 0.939 3 * 5 10 27
5.5 0.976 0.976 0.964 3 * 3 9 27
6.0 0.987 0.987 0.980 3 * 3 9 27
6.5 0.673 0.827 0.987 4 * 4 9 12 27
7.0 0.994 0.994 0.992 3 * 3 9 27
7.5 0.871 0.864 0.995 3 * 6 9 27
8.0 0.623 0.884 0.996 5 * 3 5 7 11 27
8.5 0.999 0.999 0.998 3 * 3 9 27
9.0 0.999 0.999 0.998 3 * 3 9 27
9.5 0.999 0.999 0.999 3 * 3 9 27
10.0 1.000 1.000 0.999 3 * 3 9 27
0.5 0.000 0.000 0.000 1 * 1
1.0 0.000 0.000 0.000 1 * 1
1.5 0.536 0.242 0.047 1 * 3
2.0 0.730 0.326 0.061 1 * 3
2.5 0.321 0.283 0.142 2 * 4 7
3.0 0.811 0.623 0.246 2 * 3 9
3.5 0.554 0.476 0.350 2 * 11 13
4.0 0.494 0.435 0.572 2 * 14 19
4.5 0.681 0.681 0.862 3 * 2 7 26
5.0 0.962 0.962 0.945 3 * 3 9 27
5.5 0.670 0.866 0.966 4 * 3 7 11 27
6.0 0.671 0.684 0.977 3 * 6 14 27
6.5 0.758 0.900 0.986 4 * 3 5 9 27
7.0 0.995 0.995 0.991 3 * 3 9 27
7.5 0.997 0.997 0.994 3 * 3 9 27
8.0 0.998 0.998 0.996 3 * 3 9 27
8.5 0.763 0.906 0.998 4 * 3 5 9 27
9.0 0.763 0.907 0.999 4 * 3 5 9 27
9.5 0.764 0.907 0.999 4 * 3 5 9 27
10.0 1.000 1.000 1.000 3 * 3 9 27
0.5 0.000 0.000 0.000 1 * 1
1.0 0.000 0.000 0.000 1 * 1
1.5 0.532 0.238 0.045 1 * 3
2.0 0.284 0.260 0.061 2 * 2 4
2.5 0.322 0.285 0.143 2 * 4 7
3.0 0.594 0.476 0.241 2 * 2 9
3.5 0.472 0.421 0.290 2 * 4 11
4.0 0.545 0.412 0.545 1 * 18
4.5 0.912 0.713 0.869 2 * 3 26
5.0 0.959 0.959 0.939 3 * 3 9 27
5.5 0.770 0.730 0.963 4 * 2 7 25 27
6.0 0.730 0.863 0.980 4 * 6 8 12 27
6.5 0.758 0.900 0.987 4 * 3 5 9 27
7.0 0.910 0.822 0.990 3 * 7 9 27
7.5 0.683 0.883 0.994 4 * 3 7 11 27
8.0 0.762 0.905 0.996 4 * 3 5 9 27
8.5 0.999 0.999 0.998 3 * 3 9 27
9.0 0.999 0.999 0.999 3 * 3 9 27
9.5 0.999 0.999 0.999 3 * 3 9 27
10.0 1.000 1.000 0.999 3 * 3 9 27
0.5 0.000 0.000 0.000 1 * 1
1.0 0.000 0.000 0.000 1 * 1
1.5 0.555 0.250 0.048 1 * 3
2.0 0.721 0.322 0.060 1 * 3
2.5 0.379 0.295 0.128 2 * 2 6
3.0 0.639 0.456 0.243 2 * 8 10
3.5 0.485 0.520 0.328 3 * 7 9 12
4.0 0.508 0.432 0.570 2 * 15 19
4.5 0.566 0.669 0.862 3 * 2 9 26
5.0 0.962 0.962 0.943 3 * 3 9 27
5.5 0.724 0.855 0.965 4 * 6 8 12 27
6.0 0.613 0.771 0.976 5 * 5 9 11 13 27
6.5 0.866 0.858 0.986 3 * 6 9 27
7.0 0.994 0.994 0.991 3 * 3 9 27
7.5 0.996 0.996 0.993 3 * 3 9 27
8.0 0.998 0.998 0.997 3 * 3 9 27
8.5 0.998 0.998 0.997 3 * 3 9 27
9.0 0.999 0.999 0.998 3 * 3 9 27
9.5 0.812 0.833 0.999 4 * 2 7 9 27
10.0 1.000 1.000 0.999 3 * 3 9 27
0.5 0.000 0.000 0.000 1 * 1
1.0 0.000 0.000 0.000 1 * 1
1.5 0.550 0.249 0.049 1 * 3
2.0 0.731 0.326 0.060 1 * 3
2.5 0.338 0.295 0.149 2 * 4 7
3.0 0.809 0.621 0.244 2 * 3 9
3.5 0.548 0.470 0.347 2 * 11 13
4.0 0.612 0.415 0.612 1 * 20
4.5 0.890 0.711 0.827 2 * 3 25
5.0 0.960 0.960 0.939 3 * 3 9 27
5.5 0.976 0.976 0.965 3 * 3 9 27
6.0 0.985 0.985 0.978 3 * 3 9 27
6.5 0.990 0.990 0.985 3 * 3 9 27
7.0 0.675 0.830 0.991 4 * 4 9 12 27
7.5 0.997 0.997 0.995 3 * 3 9 27
8.0 0.998 0.998 0.997 3 * 3 9 27
8.5 0.999 0.999 0.998 3 * 3 9 27
9.0 0.999 0.999 0.998 3 * 3 9 27
9.5 0.999 0.999 0.999 3 * 3 9 27
10.0 1.000 1.000 0.999 3 * 3 9 27
0.5 0.000 0.000 0.000 1 * 1
1.0 0.146 0.067 0.014 1 * 2
1.5 0.537 0.241 0.045 1 * 3
2.0 0.286 0.260 0.063 2 * 2 4
2.5 0.310 0.271 0.137 2 * 4 7
3.0 0.558 0.544 0.243 3 * 3 5 9
3.5 0.619 0.523 0.330 2 * 9 12
4.0 0.451 0.460 0.577 2 * 6 19
4.5 0.674 0.674 0.834 3 * 2 7 25
5.0 0.960 0.960 0.940 3 * 3 9 27
5.5 0.976 0.976 0.964 3 * 3 9 27
6.0 0.901 0.814 0.977 3 * 7 9 27
6.5 0.992 0.992 0.987 3 * 3 9 27
7.0 0.995 0.995 0.991 3 * 3 9 27
7.5 0.996 0.996 0.994 3 * 3 9 27
8.0 0.998 0.998 0.997 3 * 3 9 27
8.5 0.999 0.999 0.998 3 * 3 9 27
9.0 0.999 0.999 0.999 3 * 3 9 27
9.5 0.999 0.999 0.999 3 * 3 9 27
10.0 0.678 0.834 0.999 4 * 4 9 12 27
0.5 0.000 0.000 0.000 1 * 1
1.0 0.000 0.000 0.000 1 * 1
1.5 0.532 0.240 0.047 1 * 3
2.0 0.482 0.253 0.067 1 * 4
2.5 0.499 0.298 0.165 1 * 8
3.0 0.664 0.471 0.242 2 * 7 9
3.5 0.531 0.535 0.313 3 * 5 8 11
4.0 0.549 0.442 0.610 2 * 16 20
4.5 0.931 0.931 0.899 3 * 3 9 27
5.0 0.962 0.962 0.946 3 * 3 9 27
5.5 0.976 0.976 0.966 3 * 3 9 27
6.0 0.986 0.986 0.978 3 * 3 9 27
6.5 0.758 0.900 0.986 4 * 3 5 9 27
7.0 0.995 0.995 0.992 3 * 3 9 27
7.5 0.997 0.997 0.995 3 * 3 9 27
8.0 0.997 0.997 0.996 3 * 3 9 27
8.5 0.999 0.999 0.997 3 * 3 9 27
9.0 0.999 0.999 0.998 3 * 3 9 27
9.5 0.999 0.999 0.998 3 * 3 9 27
10.0 1.000 1.000 0.999 3 * 3 9 27
0.5 0.000 0.000 0.000 1 * 1
1.0 0.000 0.000 0.000 1 * 1
1.5 0.544 0.243 0.046 1 * 3
2.0 0.719 0.320 0.058 1 * 3
2.5 0.344 0.293 0.150 2 * 4 7
3.0 0.508 0.587 0.241 3 * 2 4 10
3.5 0.516 0.488 0.328 3 * 7 10 12
4.0 0.575 0.402 0.575 1 * 19
4.5 0.656 0.555 0.832 2 * 2 25
5.0 0.653 0.802 0.942 4 * 4 9 12 27
5.5 0.611 0.865 0.964 5 * 3 5 7 11 27
6.0 0.985 0.985 0.977 3 * 3 9 27
6.5 0.990 0.990 0.985 3 * 3 9 27
7.0 0.993 0.993 0.990 3 * 3 9 27
7.5 0.996 0.996 0.994 3 * 3 9 27
8.0 0.762 0.905 0.996 4 * 3 5 9 27
8.5 0.999 0.999 0.998 3 * 3 9 27
9.0 0.763 0.907 0.999 4 * 3 5 9 27
9.5 1.000 1.000 0.999 3 * 3 9 27
10.0 1.000 1.000 0.999 3 * 3 9 27
0.5 0.000 0.000 0.000 1 * 1
1.0 0.000 0.000 0.000 1 * 1
1.5 0.552 0.247 0.047 1 * 3
2.0 0.728 0.325 0.060 1 * 3
2.5 0.345 0.298 0.148 2 * 4 7
3.0 0.688 0.538 0.239 2 * 5 9
3.5 0.608 0.516 0.332 2 * 9 12
4.0 0.502 0.433 0.578 2 * 14 19
4.5 0.654 0.554 0.828 2 * 2 25
5.0 0.961 0.961 0.942 3 * 3 9 27
5.5 0.976 0.976 0.964 3 * 3 9 27
6.0 0.985 0.985 0.977 3 * 3 9 27
6.5 0.989 0.989 0.984 3 * 3 9 27
7.0 0.995 0.995 0.991 3 * 3 9 27
7.5 0.996 0.996 0.994 3 * 3 9 27
8.0 0.997 0.997 0.995 3 * 3 9 27
8.5 0.998 0.998 0.997 3 * 3 9 27
9.0 0.907 0.907 0.999 3 * 5 9 27
9.5 1.000 1.000 0.999 3 * 3 9 27
10.0 1.000 1.000 1.000 3 * 3 9 27
