0.5 0.018 0.019 0.014 3 * 0.006 0.011 0.014
1.0 0.038 0.038 0.020 3 * 0.026 0.023 0.020
1.5 0.064 0.066 0.036 3 * 0.033 0.049 0.036
2.0 0.150 0.144 0.066 3 * 0.122 0.132 0.066
2.5 0.192 0.236 0.141 3 * 0.008 0.230 0.141
3.0 0.347 0.362 0.314 3 * 0.276 0.322 0.314
3.5 0.434 0.538 0.579 3 * 0.062 0.660 0.579
4.0 0.875 0.875 0.802 3 * 0.928 0.896 0.802
4.5 0.935 0.935 0.904 3 * 0.958 0.943 0.904
5.0 0.960 0.960 0.942 3 * 0.976 0.963 0.942
5.5 0.979 0.979 0.969 3 * 0.986 0.981 0.969
6.0 0.985 0.985 0.976 3 * 0.991 0.987 0.976
6.5 0.992 0.992 0.988 3 * 0.996 0.993 0.988
7.0 0.994 0.994 0.991 3 * 0.997 0.995 0.991
7.5 0.997 0.997 0.995 3 * 0.998 0.997 0.995
8.0 0.998 0.998 0.996 3 * 0.999 0.999 0.996
8.5 0.999 0.999 0.997 3 * 0.999 0.999 0.997
9.0 0.999 0.999 0.999 3 * 1.000 0.999 0.999
9.5 0.999 0.999 0.999 3 * 1.000 1.000 0.999
10.0 1.000 1.000 0.999 3 * 1.000 1.000 0.999
0.5 0.029 0.029 0.014 3 * 0.007 0.010 0.014
1.0 0.043 0.038 0.021 3 * 0.045 0.031 0.021
1.5 0.074 0.071 0.037 3 * 0.044 0.046 0.037
2.0 0.129 0.156 0.079 3 * 0.016 0.143 0.079
2.5 0.213 0.228 0.165 3 * 0.089 0.260 0.165
3.0 0.237 0.326 0.302 3 * 0.044 0.320 0.302
3.5 0.374 0.490 0.553 3 * 0.044 0.525 0.553
4.0 0.883 0.883 0.812 3 * 0.934 0.902 0.812
4.5 0.934 0.934 0.900 3 * 0.960 0.941 0.900
5.0 0.959 0.959 0.939 3 * 0.975 0.963 0.939
5.5 0.977 0.977 0.965 3 * 0.987 0.980 0.965
6.0 0.985 0.985 0.978 3 * 0.991 0.987 0.978
6.5 0.991 0.991 0.986 3 * 0.994 0.992 0.986
7.0 0.993 0.993 0.990 3 * 0.996 0.995 0.990
7.5 0.996 0.996 0.995 3 * 0.998 0.997 0.995
8.0 0.997 0.997 0.995 3 * 0.999 0.998 0.995
8.5 0.999 0.999 0.998 3 * 1.000 0.999 0.998
9.0 0.999 0.999 0.998 3 * 0.999 0.999 0.998
9.5 0.999 0.999 0.999 3 * 1.000 0.999 0.999
10.0 1.000 1.000 0.999 3 * 1.000 1.000 0.999
0.5 0.014 0.016 0.015 3 * 0.008 0.011 0.015
1.0 0.037 0.040 0.021 3 * 0.016 0.026 0.021
1.5 0.078 0.076 0.037 3 * 0.058 0.064 0.037
2.0 0.153 0.147 0.076 3 * 0.100 0.123 0.076
2.5 0.197 0.214 0.161 3 * 0.110 0.219 0.161
3.0 0.237 0.309 0.297 3 * 0.082 0.299 0.297
3.5 0.567 0.567 0.578 3 * 0.425 0.697 0.578
4.0 0.874 0.874 0.800 3 * 0.927 0.897 0.800
4.5 0.933 0.933 0.899 3 * 0.959 0.940 0.899
5.0 0.961 0.961 0.943 3 * 0.975 0.966 0.943
5.5 0.976 0.976 0.964 3 * 0.987 0.979 0.964
6.0 0.985 0.985 0.977 3 * 0.992 0.987 0.977
6.5 0.990 0.990 0.986 3 * 0.994 0.991 0.986
7.0 0.994 0.994 0.991 3 * 0.997 0.995 0.991
7.5 0.996 0.996 0.993 3 * 0.998 0.997 0.993
8.0 0.998 0.998 0.996 3 * 0.999 0.998 0.996
8.5 0.998 0.998 0.997 3 * 1.000 0.999 0.997
9.0 0.999 0.999 0.998 3 * 1.000 0.999 0.998
9.5 0.999 0.999 0.999 3 * 1.000 1.000 0.999
10.0 1.000 1.000 0.999 3 * 1.000 1.000 0.999
0.5 0.024 0.025 0.015 3 * 0.008 0.010 0.015
1.0 0.040 0.040 0.020 3 * 0.026 0.027 0.020
1.5 0.079 0.061 0.036 3 * 0.093 0.047 0.036
2.0 0.105 0.138 0.074 3 * 0.021 0.151 0.074
2.5 0.206 0.229 0.149 3 * 0.081 0.223 0.149
3.0 0.284 0.364 0.283 3 * 0.044 0.240 0.283
3.5 0.408 0.548 0.597 3 * 0.006 0.621 0.597
4.0 0.878 0.878 0.804 3 * 0.930 0.898 0.804
4.5 0.933 0.933 0.898 3 * 0.959 0.941 0.898
5.0 0.960 0.960 0.939 3 * 0.976 0.966 0.939
5.5 0.976 0.976 0.963 3 * 0.985 0.979 0.963
6.0 0.985 0.985 0.976 3 * 0.991 0.986 0.976
6.5 0.991 0.991 0.985 3 * 0.996 0.992 0.985
7.0 0.995 0.995 0.991 3 * 0.997 0.996 0.991
7.5 0.996 0.996 0.993 3 * 0.998 0.996 0.993
8.0 0.998 0.998 0.997 3 * 0.999 0.998 0.997
8.5 0.999 0.999 0.998 3 * 0.999 0.999 0.998
9.0 0.999 0.999 0.999 3 * 1.000 0.999 0.999
9.5 0.999 0.999 0.999 3 * 1.000 1.000 0.999
10.0 1.000 1.000 0.999 3 * 1.000 1.000 0.999
0.5 0.030 0.032 0.015 3 * 0.010 0.016 0.015
1.0 0.038 0.042 0.021 3 * 0.013 0.026 0.021
1.5 0.074 0.077 0.038 3 * 0.050 0.062 0.038
2.0 0.108 0.127 0.080 3 * 0.036 0.126 0.080
2.5 0.202 0.255 0.163 3 * 0.002 0.231 0.163
3.0 0.345 0.330 0.286 3 * 0.333 0.277 0.286
3.5 0.436 0.505 0.547 3 * 0.101 0.660 0.547
4.0 0.876 0.876 0.804 3 * 0.926 0.896 0.804
4.5 0.931 0.931 0.898 3 * 0.957 0.939 0.898
5.0 0.960 0.960 0.938 3 * 0.977 0.965 0.938
5.5 0.976 0.976 0.964 3 * 0.985 0.978 0.964
6.0 0.985 0.985 0.977 3 * 0.992 0.986 0.977
6.5 0.991 0.991 0.985 3 * 0.995 0.992 0.985
7.0 0.994 0.994 0.991 3 * 0.996 0.995 0.991
7.5 0.997 0.997 0.994 3 * 0.999 0.997 0.994
8.0 0.998 0.998 0.996 3 * 0.999 0.998 0.996
8.5 0.998 0.998 0.997 3 * 0.999 0.998 0.997
9.0 0.999 0.999 0.998 3 * 1.000 0.999 0.998
9.5 1.000 1.000 0.999 3 * 1.000 1.000 0.999
10.0 1.000 1.000 1.000 3 * 1.000 1.000 1.000
0.5 0.027 0.029 0.015 3 * 0.005 0.012 0.015
1.0 0.034 0.031 0.018 3 * 0.028 0.020 0.018
1.5 0.083 0.083 0.038 3 * 0.064 0.075 0.038
2.0 0.132 0.118 0.066 3 * 0.164 0.122 0.066
2.5 0.234 0.230 0.141 3 * 0.155 0.227 0.141
3.0 0.390 0.380 0.296 3 * 0.325 0.237 0.296
3.5 0.368 0.485 0.534 3 * 0.045 0.525 0.534
4.0 0.662 0.662 0.752 3 * 0.459 0.775 0.752
4.5 0.930 0.930 0.897 3 * 0.954 0.938 0.897
5.0 0.960 0.960 0.941 3 * 0.975 0.965 0.941
5.5 0.974 0.974 0.962 3 * 0.984 0.977 0.962
6.0 0.985 0.985 0.976 3 * 0.992 0.987 0.976
6.5 0.991 0.991 0.986 3 * 0.995 0.993 0.986
7.0 0.994 0.994 0.991 3 * 0.997 0.995 0.991
7.5 0.997 0.997 0.994 3 * 0.998 0.997 0.994
8.0 0.997 0.997 0.996 3 * 0.999 0.998 0.996
8.5 0.998 0.998 0.998 3 * 0.999 0.999 0.998
9.0 0.999 0.999 0.999 3 * 1.000 0.999 0.999
9.5 0.999 0.999 0.998 3 * 1.000 0.999 0.998
10.0 1.000 1.000 0.999 3 * 1.000 1.000 0.999
0.5 0.024 0.024 0.014 3 * 0.011 0.011 0.014
1.0 0.042 0.045 0.020 3 * 0.010 0.017 0.020
1.5 0.074 0.079 0.037 3 * 0.035 0.059 0.037
2.0 0.125 0.148 0.072 3 * 0.031 0.132 0.072
2.5 0.217 0.225 0.139 3 * 0.115 0.248 0.139
3.0 0.270 0.364 0.300 3 * 0.041 0.322 0.300
3.5 0.351 0.515 0.537 3 * 0.011 0.504 0.537
4.0 0.876 0.876 0.805 3 * 0.929 0.896 0.805
4.5 0.936 0.936 0.905 3 * 0.961 0.943 0.905
5.0 0.961 0.961 0.942 3 * 0.977 0.966 0.942
5.5 0.977 0.977 0.964 3 * 0.987 0.979 0.964
6.0 0.986 0.986 0.978 3 * 0.991 0.988 0.978
6.5 0.991 0.991 0.986 3 * 0.995 0.992 0.986
7.0 0.994 0.994 0.990 3 * 0.997 0.994 0.990
7.5 0.996 0.996 0.994 3 * 0.998 0.997 0.994
8.0 0.998 0.998 0.996 3 * 0.999 0.998 0.996
8.5 0.998 0.998 0.997 3 * 0.999 0.998 0.997
9.0 0.999 0.999 0.998 3 * 1.000 0.999 0.998
9.5 0.999 0.999 0.999 3 * 0.999 0.999 0.999
10.0 1.000 1.000 0.999 3 * 1.000 1.000 0.999
0.5 0.024 0.026 0.015 3 * 0.008 0.013 0.015
1.0 0.044 0.045 0.020 3 * 0.026 0.027 0.020
1.5 0.064 0.071 0.036 3 * 0.027 0.061 0.036
2.0 0.099 0.129 0.069 3 * 0.028 0.143 0.069
2.5 0.183 0.227 0.143 3 * 0.009 0.244 0.143
3.0 0.233 0.325 0.309 3 * 0.047 0.343 0.309
3.5 0.358 0.479 0.526 3 * 0.040 0.506 0.526
4.0 0.873 0.873 0.798 3 * 0.929 0.893 0.798
4.5 0.934 0.934 0.901 3 * 0.959 0.941 0.901
5.0 0.959 0.959 0.939 3 * 0.973 0.963 0.939
5.5 0.976 0.976 0.964 3 * 0.986 0.978 0.964
6.0 0.986 0.986 0.979 3 * 0.992 0.988 0.979
6.5 0.990 0.990 0.985 3 * 0.994 0.991 0.985
7.0 0.995 0.995 0.992 3 * 0.997 0.996 0.992
7.5 0.996 0.996 0.994 3 * 0.998 0.997 0.994
8.0 0.998 0.998 0.996 3 * 0.999 0.998 0.996
8.5 0.998 0.998 0.997 3 * 0.999 0.999 0.997
9.0 0.999 0.999 0.998 3 * 1.000 0.999 0.998
9.5 0.999 0.999 0.999 3 * 1.000 1.000 0.999
10.0 1.000 1.000 0.999 3 * 1.000 1.000 0.999
0.5 0.033 0.035 0.015 3 * 0.005 0.011 0.015
1.0 0.032 0.037 0.023 3 * 0.013 0.027 0.023
1.5 0.073 0.081 0.035 3 * 0.025 0.062 0.035
2.0 0.107 0.126 0.077 3 * 0.067 0.146 0.077
2.5 0.275 0.234 0.142 3 * 0.271 0.254 0.142
3.0 0.230 0.315 0.272 3 * 0.018 0.313 0.272
3.5 0.396 0.518 0.575 3 * 0.045 0.567 0.575
4.0 0.877 0.877 0.806 3 * 0.927 0.898 0.806
4.5 0.930 0.930 0.897 3 * 0.957 0.937 0.897
5.0 0.961 0.961 0.942 3 * 0.975 0.965 0.942
5.5 0.974 0.974 0.962 3 * 0.984 0.978 0.962
6.0 0.987 0.987 0.979 3 * 0.993 0.989 0.979
6.5 0.991 0.991 0.986 3 * 0.995 0.993 0.986
7.0 0.994 0.994 0.990 3 * 0.997 0.995 0.990
7.5 0.996 0.996 0.993 3 * 0.998 0.997 0.993
8.0 0.998 0.998 0.996 3 * 0.999 0.998 0.996
8.5 0.999 0.999 0.998 3 * 0.999 0.999 0.998
9.0 0.999 0.999 0.998 3 * 0.999 0.999 0.998
9.5 1.000 1.000 0.999 3 * 1.000 1.000 0.999
10.0 1.000 1.000 0.999 3 * 1.000 1.000 0.999
0.5 0.026 0.028 0.015 3 * 0.002 0.009 0.015
1.0 0.039 0.038 0.021 3 * 0.027 0.023 0.021
1.5 0.071 0.071 0.036 3 * 0.046 0.059 0.036
2.0 0.142 0.137 0.070 3 * 0.102 0.137 0.070
2.5 0.207 0.239 0.141 3 * 0.045 0.180 0.141
3.0 0.396 0.380 0.293 3 * 0.340 0.240 0.293
3.5 0.591 0.591 0.602 3 * 0.477 0.694 0.602
4.0 0.878 0.878 0.806 3 * 0.929 0.898 0.806
4.5 0.930 0.930 0.897 3 * 0.956 0.938 0.897
5.0 0.962 0.962 0.942 3 * 0.978 0.965 0.942
5.5 0.976 0.976 0.964 3 * 0.985 0.977 0.964
6.0 0.986 0.986 0.977 3 * 0.993 0.987 0.977
6.5 0.991 0.991 0.986 3 * 0.994 0.992 0.986
7.0 0.994 0.994 0.990 3 * 0.997 0.995 0.990
7.5 0.997 0.997 0.994 3 * 0.998 0.997 0.994
8.0 0.999 0.999 0.998 3 * 1.000 0.999 0.998
8.5 0.998 0.998 0.997 3 * 0.998 0.998 0.997
9.0 0.999 0.999 0.998 3 * 1.000 0.999 0.998
9.5 0.999 0.999 0.999 3 * 1.000 1.000 0.999
10.0 1.000 1.000 0.999 3 * 1.000 1.000 0.999
0.5 0.026 0.025 0.016 3 * 0.015 0.012 0.016
1.0 0.035 0.035 0.021 3 * 0.020 0.022 0.021
1.5 0.074 0.072 0.034 3 * 0.036 0.043 0.034
2.0 0.154 0.138 0.068 3 * 0.157 0.141 0.068
2.5 0.204 0.237 0.133 3 * 0.034 0.184 0.133
3.0 0.268 0.355 0.304 3 * 0.064 0.332 0.304
3.5 0.365 0.504 0.547 3 * 0.004 0.542 0.547
4.0 0.882 0.882 0.813 3 * 0.932 0.901 0.813
4.5 0.934 0.934 0.903 3 * 0.958 0.940 0.903
5.0 0.959 0.959 0.938 3 * 0.976 0.963 0.938
5.5 0.976 0.976 0.965 3 * 0.985 0.978 0.965
6.0 0.987 0.987 0.979 3 * 0.993 0.988 0.979
6.5 0.991 0.991 0.986 3 * 0.995 0.991 0.986
7.0 0.994 0.994 0.990 3 * 0.997 0.995 0.990
7.5 0.996 0.996 0.994 3 * 0.998 0.997 0.994
8.0 0.998 0.998 0.996 3 * 0.999 0.998 0.996
8.5 0.998 0.998 0.997 3 * 0.999 0.999 0.997
9.0 0.999 0.999 0.998 3 * 0.999 0.999 0.998
9.5 0.999 0.999 0.999 3 * 1.000 0.999 0.999
10.0 1.000 1.000 0.999 3 * 1.000 1.000 0.999
0.5 0.029 0.031 0.015 3 * 0.008 0.014 0.015
1.0 0.030 0.033 0.020 3 * 0.012 0.023 0.020
1.5 0.067 0.071 0.034 3 * 0.023 0.050 0.034
2.0 0.138 0.143 0.070 3 * 0.070 0.122 0.070
2.5 0.202 0.245 0.153 3 * 0.024 0.175 0.153
3.0 0.234 0.289 0.244 3 * 0.039 0.323 0.244
3.5 0.594 0.594 0.622 3 * 0.436 0.724 0.622
4.0 0.878 0.878 0.801 3 * 0.932 0.900 0.801
4.5 0.933 0.933 0.903 3 * 0.956 0.941 0.903
5.0 0.959 0.959 0.941 3 * 0.973 0.963 0.941
5.5 0.975 0.975 0.963 3 * 0.985 0.977 0.963
6.0 0.985 0.985 0.978 3 * 0.991 0.987 0.978
6.5 0.990 0.990 0.984 3 * 0.994 0.991 0.984
7.0 0.994 0.994 0.991 3 * 0.997 0.995 0.991
7.5 0.997 0.997 0.995 3 * 0.998 0.997 0.995
8.0 0.998 0.998 0.997 3 * 0.999 0.998 0.997
8.5 0.998 0.998 0.997 3 * 0.999 0.999 0.997
9.0 0.999 0.999 0.998 3 * 0.999 0.999 0.998
9.5 0.999 0.999 0.999 3 * 1.000 0.999 0.999
10.0 1.000 1.000 0.999 3 * 1.000 1.000 0.999
0.5 0.029 0.029 0.014 3 * 0.011 0.010 0.014
1.0 0.039 0.039 0.021 3 * 0.026 0.026 0.021
1.5 0.105 0.084 0.036 3 * 0.110 0.060 0.036
2.0 0.097 0.107 0.075 3 * 0.048 0.110 0.075
2.5 0.225 0.218 0.146 3 * 0.087 0.295 0.146
3.0 0.305 0.376 0.318 3 * 0.078 0.237 0.318
3.5 0.405 0.541 0.593 3 * 0.011 0.610 0.593
4.0 0.877 0.877 0.806 3 * 0.929 0.895 0.806
4.5 0.932 0.932 0.899 3 * 0.959 0.939 0.899
5.0 0.962 0.962 0.943 3 * 0.978 0.966 0.943
5.5 0.975 0.975 0.963 3 * 0.985 0.978 0.963
6.0 0.985 0.985 0.977 3 * 0.991 0.986 0.977
6.5 0.991 0.991 0.987 3 * 0.995 0.993 0.987
7.0 0.994 0.994 0.991 3 * 0.997 0.995 0.991
7.5 0.996 0.996 0.994 3 * 0.998 0.997 0.994
8.0 0.997 0.997 0.995 3 * 0.998 0.997 0.995
8.5 0.998 0.998 0.996 3 * 0.999 0.998 0.996
9.0 0.999 0.999 0.998 3 * 1.000 0.999 0.998
9.5 1.000 1.000 0.999 3 * 1.000 1.000 0.999
10.0 1.000 1.000 0.999 3 * 1.000 1.000 0.999
0.5 0.030 0.031 0.016 3 * 0.009 0.014 0.016
1.0 0.052 0.045 0.021 3 * 0.044 0.023 0.021
1.5 0.066 0.072 0.039 3 * 0.039 0.061 0.039
2.0 0.123 0.137 0.064 3 * 0.062 0.128 0.064
2.5 0.290 0.253 0.138 3 * 0.250 0.173 0.138
3.0 0.266 0.354 0.307 3 * 0.086 0.357 0.307
3.5 0.511 0.511 0.577 3 * 0.382 0.575 0.577
4.0 0.873 0.873 0.802 3 * 0.924 0.894 0.802
4.5 0.930 0.930 0.896 3 * 0.955 0.938 0.896
5.0 0.958 0.958 0.939 3 * 0.973 0.961 0.939
5.5 0.977 0.977 0.965 3 * 0.986 0.979 0.965
6.0 0.985 0.985 0.978 3 * 0.992 0.986 0.978
6.5 0.990 0.990 0.984 3 * 0.994 0.992 0.984
7.0 0.995 0.995 0.991 3 * 0.998 0.996 0.991
7.5 0.996 0.996 0.994 3 * 0.998 0.997 0.994
8.0 0.998 0.998 0.996 3 * 0.999 0.998 0.996
8.5 0.999 0.999 0.998 3 * 1.000 0.999 0.998
9.0 0.999 0.999 0.999 3 * 1.000 0.999 0.999
9.5 0.999 0.999 0.999 3 * 1.000 0.999 0.999
10.0 1.000 1.000 0.999 3 * 1.000 1.000 0.999
0.5 0.041 0.044 0.015 3 * 0.002 0.010 0.015
1.0 0.039 0.043 0.022 3 * 0.014 0.024 0.022
1.5 0.076 0.070 0.038 3 * 0.068 0.067 0.038
2.0 0.158 0.137 0.076 3 * 0.161 0.151 0.076
2.5 0.208 0.254 0.147 3 * 0.007 0.243 0.147
3.0 0.273 0.369 0.323 3 * 0.024 0.312 0.323
3.5 0.378 0.500 0.561 3 * 0.052 0.522 0.561
4.0 0.875 0.875 0.799 3 * 0.928 0.897 0.799
4.5 0.932 0.932 0.898 3 * 0.959 0.939 0.898
5.0 0.959 0.959 0.942 3 * 0.973 0.963 0.942
5.5 0.976 0.976 0.965 3 * 0.985 0.978 0.965
6.0 0.986 0.986 0.978 3 * 0.991 0.988 0.978
6.5 0.990 0.990 0.986 3 * 0.994 0.991 0.986
7.0 0.993 0.993 0.990 3 * 0.996 0.994 0.990
7.5 0.998 0.998 0.995 3 * 0.999 0.998 0.995
8.0 0.998 0.998 0.997 3 * 0.999 0.998 0.997
8.5 0.999 0.999 0.998 3 * 1.000 0.999 0.998
9.0 0.999 0.999 0.998 3 * 1.000 0.999 0.998
9.5 0.999 0.999 0.999 3 * 1.000 0.999 0.999
10.0 1.000 1.000 0.999 3 * 1.000 1.000 0.999
0.5 0.023 0.024 0.015 3 * 0.005 0.010 0.015
1.0 0.031 0.031 0.020 3 * 0.022 0.023 0.020
1.5 0.080 0.067 0.034 3 * 0.088 0.058 0.034
2.0 0.129 0.139 0.077 3 * 0.075 0.131 0.077
2.5 0.267 0.221 0.139 3 * 0.246 0.275 0.139
3.0 0.256 0.345 0.280 3 * 0.014 0.222 0.280
3.5 0.421 0.522 0.554 3 * 0.144 0.502 0.554
4.0 0.873 0.873 0.803 3 * 0.925 0.892 0.803
4.5 0.929 0.929 0.895 3 * 0.955 0.936 0.895
5.0 0.961 0.961 0.941 3 * 0.977 0.965 0.941
5.5 0.976 0.976 0.965 3 * 0.986 0.979 0.965
6.0 0.986 0.986 0.980 3 * 0.992 0.987 0.980
6.5 0.991 0.991 0.986 3 * 0.996 0.993 0.986
7.0 0.995 0.995 0.991 3 * 0.997 0.995 0.991
7.5 0.996 0.996 0.994 3 * 0.998 0.997 0.994
8.0 0.998 0.998 0.996 3 * 0.999 0.998 0.996
8.5 0.998 0.998 0.997 3 * 0.999 0.999 0.997
9.0 0.999 0.999 0.998 3 * 1.000 0.999 0.998
9.5 0.999 0.999 0.999 3 * 1.000 0.999 0.999
10.0 1.000 1.000 1.000 3 * 1.000 1.000 1.000
0.5 0.039 0.041 0.014 3 * 0.004 0.012 0.014
1.0 0.037 0.038 0.022 3 * 0.023 0.026 0.022
1.5 0.073 0.074 0.036 3 * 0.039 0.052 0.036
2.0 0.115 0.104 0.069 3 * 0.133 0.111 0.069
2.5 0.182 0.229 0.153 3 * 0.014 0.241 0.153
3.0 0.240 0.347 0.258 3 * 0.012 0.387 0.258
3.5 0.394 0.509 0.558 3 * 0.068 0.556 0.558
4.0 0.873 0.873 0.801 3 * 0.926 0.892 0.801
4.5 0.934 0.934 0.901 3 * 0.959 0.942 0.901
5.0 0.959 0.959 0.940 3 * 0.974 0.964 0.940
5.5 0.976 0.976 0.963 3 * 0.986 0.978 0.963
6.0 0.985 0.985 0.978 3 * 0.991 0.987 0.978
6.5 0.990 0.990 0.985 3 * 0.994 0.991 0.985
7.0 0.994 0.994 0.990 3 * 0.997 0.995 0.990
7.5 0.997 0.997 0.995 3 * 0.999 0.997 0.995
8.0 0.998 0.998 0.997 3 * 0.999 0.999 0.997
8.5 0.998 0.998 0.997 3 * 0.999 0.998 0.997
9.0 0.999 0.999 0.998 3 * 1.000 0.999 0.998
9.5 1.000 1.000 0.999 3 * 1.000 1.000 0.999
10.0 1.000 1.000 0.999 3 * 1.000 1.000 0.999
0.5 0.024 0.026 0.016 3 * 0.006 0.011 0.016
1.0 0.025 0.029 0.021 3 * 0.013 0.025 0.021
1.5 0.079 0.074 0.035 3 * 0.069 0.059 0.035
2.0 0.132 0.136 0.070 3 * 0.078 0.121 0.070
2.5 0.195 0.231 0.140 3 * 0.012 0.282 0.140
3.0 0.369 0.352 0.289 3 * 0.340 0.308 0.289
3.5 0.356 0.515 0.557 3 * 0.010 0.485 0.557
4.0 0.878 0.878 0.805 3 * 0.931 0.899 0.805
4.5 0.938 0.938 0.907 3 * 0.961 0.945 0.907
5.0 0.961 0.961 0.941 3 * 0.977 0.964 0.941
5.5 0.976 0.976 0.964 3 * 0.986 0.978 0.964
6.0 0.986 0.986 0.979 3 * 0.992 0.987 0.979
6.5 0.991 0.991 0.986 3 * 0.995 0.992 0.986
7.0 0.995 0.995 0.991 3 * 0.997 0.996 0.991
7.5 0.996 0.996 0.994 3 * 0.998 0.996 0.994
8.0 0.998 0.998 0.996 3 * 0.999 0.998 0.996
8.5 0.999 0.999 0.998 3 * 1.000 0.999 0.998
9.0 0.999 0.999 0.998 3 * 0.999 0.999 0.998
9.5 1.000 1.000 0.999 3 * 1.000 1.000 0.999
10.0 1.000 1.000 1.000 3 * 1.000 1.000 1.000
0.5 0.023 0.026 0.016 3 * 0.004 0.014 0.016
1.0 0.037 0.038 0.023 3 * 0.027 0.029 0.023
1.5 0.066 0.068 0.035 3 * 0.038 0.055 0.035
2.0 0.122 0.116 0.066 3 * 0.094 0.107 0.066
2.5 0.217 0.234 0.141 3 * 0.093 0.256 0.141
3.0 0.380 0.357 0.294 3 * 0.470 0.272 0.294
3.5 0.386 0.464 0.548 3 * 0.052 0.559 0.548
4.0 0.879 0.879 0.813 3 * 0.927 0.897 0.813
4.5 0.935 0.935 0.902 3 * 0.961 0.942 0.902
5.0 0.960 0.960 0.942 3 * 0.975 0.964 0.942
5.5 0.977 0.977 0.966 3 * 0.987 0.980 0.966
6.0 0.986 0.986 0.978 3 * 0.992 0.988 0.978
6.5 0.991 0.991 0.986 3 * 0.995 0.993 0.986
7.0 0.995 0.995 0.991 3 * 0.998 0.995 0.991
7.5 0.996 0.996 0.993 3 * 0.998 0.997 0.993
8.0 0.998 0.998 0.996 3 * 0.999 0.998 0.996
8.5 0.999 0.999 0.998 3 * 1.000 0.999 0.998
9.0 0.999 0.999 0.998 3 * 1.000 0.999 0.998
9.5 0.999 0.999 0.999 3 * 1.000 0.999 0.999
10.0 1.000 1.000 0.999 3 * 1.000 1.000 0.999
0.5 0.027 0.029 0.014 3 * 0.007 0.010 0.014
1.0 0.037 0.038 0.022 3 * 0.021 0.024 0.022
1.5 0.069 0.066 0.033 3 * 0.028 0.045 0.033
2.0 0.145 0.131 0.073 3 * 0.130 0.129 0.073
2.5 0.270 0.263 0.149 3 * 0.172 0.193 0.149
3.0 0.294 0.377 0.312 3 * 0.042 0.257 0.312
3.5 0.381 0.514 0.568 3 * 0.014 0.561 0.568
4.0 0.882 0.882 0.817 3 * 0.930 0.900 0.817
4.5 0.932 0.932 0.898 3 * 0.958 0.940 0.898
5.0 0.960 0.960 0.941 3 * 0.975 0.965 0.941
5.5 0.977 0.977 0.966 3 * 0.985 0.979 0.966
6.0 0.986 0.986 0.979 3 * 0.991 0.987 0.979
6.5 0.992 0.992 0.986 3 * 0.996 0.993 0.986
7.0 0.995 0.995 0.992 3 * 0.997 0.995 0.992
7.5 0.996 0.996 0.994 3 * 0.998 0.997 0.994
8.0 0.998 0.998 0.996 3 * 0.999 0.998 0.996
8.5 0.999 0.999 0.998 3 * 0.999 0.999 0.998
9.0 0.999 0.999 0.998 3 * 0.999 0.999 0.998
9.5 0.999 0.999 0.999 3 * 1.000 1.000 0.999
10.0 1.000 1.000 1.000 3 * 1.000 1.000 1.000
0.5 0.031 0.030 0.015 3 * 0.014 0.012 0.015
1.0 0.051 0.042 0.020 3 * 0.046 0.019 0.020
1.5 0.075 0.059 0.039 3 * 0.086 0.046 0.039
2.0 0.146 0.123 0.075 3 * 0.146 0.114 0.075
2.5 0.269 0.229 0.145 3 * 0.255 0.283 0.145
3.0 0.266 0.357 0.302 3 * 0.034 0.307 0.302
3.5 0.569 0.569 0.574 3 * 0.428 0.705 0.574
4.0 0.877 0.877 0.807 3 * 0.927 0.895 0.807
4.5 0.934 0.934 0.902 3 * 0.959 0.941 0.902
5.0 0.960 0.960 0.942 3 * 0.974 0.964 0.942
5.5 0.975 0.975 0.964 3 * 0.984 0.978 0.964
6.0 0.985 0.985 0.977 3 * 0.991 0.986 0.977
6.5 0.991 0.991 0.987 3 * 0.995 0.993 0.987
7.0 0.994 0.994 0.991 3 * 0.998 0.995 0.991
7.5 0.996 0.996 0.994 3 * 0.998 0.997 0.994
8.0 0.998 0.998 0.996 3 * 0.999 0.998 0.996
8.5 0.999 0.999 0.998 3 * 0.999 0.999 0.998
9.0 0.999 0.999 0.998 3 * 0.999 0.999 0.998
9.5 0.999 0.999 0.999 3 * 1.000 0.999 0.999
10.0 1.000 1.000 0.999 3 * 1.000 1.000 0.999
0.5 0.022 0.024 0.015 3 * 0.005 0.011 0.015
1.0 0.053 0.046 0.021 3 * 0.051 0.031 0.021
1.5 0.054 0.056 0.035 3 * 0.026 0.051 0.035
2.0 0.124 0.126 0.068 3 * 0.109 0.146 0.068
2.5 0.201 0.243 0.144 3 * 0.018 0.218 0.144
3.0 0.246 0.341 0.297 3 * 0.016 0.307 0.297
3.5 0.585 0.585 0.604 3 * 0.438 0.714 0.604
4.0 0.879 0.879 0.817 3 * 0.925 0.894 0.817
4.5 0.934 0.934 0.902 3 * 0.957 0.942 0.902
5.0 0.959 0.959 0.940 3 * 0.975 0.962 0.940
5.5 0.977 0.977 0.964 3 * 0.987 0.980 0.964
6.0 0.987 0.987 0.980 3 * 0.993 0.989 0.980
6.5 0.991 0.991 0.986 3 * 0.995 0.992 0.986
7.0 0.994 0.994 0.990 3 * 0.996 0.995 0.990
7.5 0.996 0.996 0.994 3 * 0.998 0.997 0.994
8.0 0.997 0.997 0.996 3 * 0.998 0.997 0.996
8.5 0.999 0.999 0.997 3 * 0.999 0.999 0.997
9.0 0.999 0.999 0.999 3 * 1.000 0.999 0.999
9.5 0.999 0.999 0.999 3 * 1.000 1.000 0.999
10.0 1.000 1.000 0.999 3 * 1.000 1.000 0.999
0.5 0.035 0.034 0.017 3 * 0.019 0.016 0.017
1.0 0.038 0.040 0.019 3 * 0.009 0.016 0.019
1.5 0.061 0.070 0.037 3 * 0.019 0.060 0.037
2.0 0.112 0.113 0.068 3 * 0.096 0.124 0.068
2.5 0.274 0.231 0.141 3 * 0.233 0.299 0.141
3.0 0.362 0.341 0.292 3 * 0.356 0.309 0.292
3.5 0.544 0.544 0.533 3 * 0.411 0.688 0.533
4.0 0.881 0.881 0.807 3 * 0.935 0.902 0.807
4.5 0.934 0.934 0.901 3 * 0.960 0.940 0.901
5.0 0.959 0.959 0.938 3 * 0.974 0.963 0.938
5.5 0.975 0.975 0.962 3 * 0.986 0.977 0.962
6.0 0.984 0.984 0.976 3 * 0.990 0.986 0.976
6.5 0.990 0.990 0.984 3 * 0.994 0.991 0.984
7.0 0.994 0.994 0.991 3 * 0.997 0.995 0.991
7.5 0.997 0.997 0.995 3 * 0.999 0.997 0.995
8.0 0.998 0.998 0.996 3 * 0.999 0.998 0.996
8.5 0.999 0.999 0.998 3 * 0.999 0.999 0.998
9.0 0.999 0.999 0.998 3 * 0.999 0.999 0.998
9.5 1.000 1.000 0.999 3 * 1.000 1.000 0.999
10.0 1.000 1.000 0.999 3 * 1.000 1.000 0.999
0.5 0.027 0.030 0.014 3 * 0.004 0.014 0.014
1.0 0.045 0.050 0.022 3 * 0.008 0.021 0.022
1.5 0.072 0.076 0.042 3 * 0.044 0.067 0.042
2.0 0.114 0.139 0.074 3 * 0.020 0.141 0.074
2.5 0.221 0.240 0.154 3 * 0.095 0.262 0.154
3.0 0.266 0.360 0.289 3 * 0.003 0.246 0.289
3.5 0.629 0.629 0.621 3 * 0.505 0.760 0.621
4.0 0.876 0.876 0.806 3 * 0.926 0.896 0.806
4.5 0.933 0.933 0.904 3 * 0.955 0.942 0.904
5.0 0.962 0.962 0.943 3 * 0.977 0.966 0.943
5.5 0.976 0.976 0.965 3 * 0.984 0.978 0.965
6.0 0.984 0.984 0.976 3 * 0.989 0.986 0.976
6.5 0.991 0.991 0.986 3 * 0.995 0.992 0.986
7.0 0.995 0.995 0.992 3 * 0.997 0.996 0.992
7.5 0.997 0.997 0.995 3 * 0.999 0.997 0.995
8.0 0.997 0.997 0.996 3 * 0.999 0.998 0.996
8.5 0.998 0.998 0.997 3 * 0.999 0.998 0.997
9.0 0.999 0.999 0.998 3 * 0.999 0.999 0.998
9.5 1.000 1.000 0.999 3 * 1.000 1.000 0.999
10.0 1.000 1.000 1.000 3 * 1.000 1.000 1.000
0.5 0.025 0.025 0.015 3 * 0.011 0.012 0.015
1.0 0.038 0.041 0.021 3 * 0.016 0.025 0.021
1.5 0.065 0.060 0.038 3 * 0.050 0.041 0.038
2.0 0.092 0.120 0.066 3 * 0.013 0.125 0.066
2.5 0.211 0.227 0.135 3 * 0.085 0.228 0.135
3.0 0.349 0.351 0.273 3 * 0.328 0.342 0.273
3.5 0.398 0.533 0.576 3 * 0.007 0.611 0.576
4.0 0.872 0.872 0.795 3 * 0.926 0.894 0.795
4.5 0.932 0.932 0.895 3 * 0.959 0.942 0.895
5.0 0.962 0.962 0.942 3 * 0.977 0.965 0.942
5.5 0.977 0.977 0.965 3 * 0.986 0.980 0.965
6.0 0.985 0.985 0.977 3 * 0.992 0.987 0.977
6.5 0.991 0.991 0.985 3 * 0.995 0.993 0.985
7.0 0.994 0.994 0.991 3 * 0.997 0.995 0.991
7.5 0.996 0.996 0.994 3 * 0.998 0.997 0.994
8.0 0.998 0.998 0.996 3 * 0.999 0.998 0.996
8.5 0.999 0.999 0.998 3 * 0.999 0.999 0.998
9.0 0.999 0.999 0.998 3 * 1.000 0.999 0.998
9.5 0.999 0.999 0.999 3 * 1.000 0.999 0.999
10.0 1.000 1.000 1.000 3 * 1.000 1.000 1.000
0.5 0.033 0.037 0.016 3 * 0.005 0.014 0.016
1.0 0.044 0.042 0.019 3 * 0.031 0.025 0.019
1.5 0.118 0.085 0.035 3 * 0.155 0.064 0.035
2.0 0.098 0.116 0.068 3 * 0.035 0.121 0.068
2.5 0.202 0.239 0.135 3 * 0.024 0.159 0.135
3.0 0.241 0.341 0.284 3 * 0.012 0.345 0.284
3.5 0.579 0.579 0.595 3 * 0.438 0.705 0.595
4.0 0.873 0.873 0.797 3 * 0.928 0.893 0.797
4.5 0.932 0.932 0.897 3 * 0.960 0.940 0.897
5.0 0.960 0.960 0.943 3 * 0.974 0.963 0.943
5.5 0.975 0.975 0.963 3 * 0.985 0.977 0.963
6.0 0.988 0.988 0.981 3 * 0.993 0.989 0.981
6.5 0.991 0.991 0.985 3 * 0.995 0.992 0.985
7.0 0.994 0.994 0.990 3 * 0.997 0.994 0.990
7.5 0.996 0.996 0.994 3 * 0.998 0.997 0.994
8.0 0.997 0.997 0.996 3 * 0.998 0.998 0.996
8.5 0.999 0.999 0.998 3 * 0.999 0.999 0.998
9.0 0.999 0.999 0.999 3 * 1.000 0.999 0.999
9.5 0.999 0.999 0.999 3 * 0.999 0.999 0.999
10.0 1.000 1.000 0.999 3 * 1.000 1.000 0.999
0.5 0.024 0.025 0.015 3 * 0.009 0.012 0.015
1.0 0.037 0.032 0.021 3 * 0.035 0.021 0.021
1.5 0.106 0.093 0.036 3 * 0.102 0.069 0.036
2.0 0.108 0.131 0.067 3 * 0.021 0.124 0.067
2.5 0.211 0.258 0.149 3 * 0.005 0.216 0.149
3.0 0.258 0.354 0.286 3 * 0.015 0.336 0.286
3.5 0.580 0.580 0.592 3 * 0.434 0.715 0.592
4.0 0.883 0.883 0.818 3 * 0.930 0.900 0.818
4.5 0.937 0.937 0.907 3 * 0.960 0.945 0.907
5.0 0.961 0.961 0.942 3 * 0.975 0.964 0.942
5.5 0.977 0.977 0.966 3 * 0.986 0.979 0.966
6.0 0.986 0.986 0.979 3 * 0.992 0.987 0.979
6.5 0.990 0.990 0.984 3 * 0.994 0.991 0.984
7.0 0.994 0.994 0.991 3 * 0.997 0.995 0.991
7.5 0.997 0.997 0.995 3 * 0.998 0.997 0.995
8.0 0.997 0.997 0.996 3 * 0.998 0.997 0.996
8.5 0.999 0.999 0.998 3 * 0.999 0.999 0.998
9.0 0.999 0.999 0.999 3 * 1.000 1.000 0.999
9.5 0.999 0.999 0.999 3 * 1.000 0.999 0.999
10.0 0.999 0.999 0.999 3 * 1.000 0.999 0.999
0.5 0.033 0.035 0.016 3 * 0.004 0.012 0.016
1.0 0.042 0.048 0.023 3 * 0.012 0.031 0.023
1.5 0.068 0.057 0.037 3 * 0.070 0.046 0.037
2.0 0.121 0.131 0.069 3 * 0.065 0.119 0.069
2.5 0.231 0.221 0.153 3 * 0.177 0.265 0.153
3.0 0.230 0.347 0.296 3 * 0.006 0.370 0.296
3.5 0.560 0.560 0.562 3 * 0.423 0.695 0.562
4.0 0.879 0.879 0.812 3 * 0.929 0.897 0.812
4.5 0.932 0.932 0.898 3 * 0.960 0.939 0.898
5.0 0.959 0.959 0.940 3 * 0.975 0.963 0.940
5.5 0.978 0.978 0.968 3 * 0.987 0.981 0.968
6.0 0.985 0.985 0.977 3 * 0.991 0.986 0.977
6.5 0.992 0.992 0.987 3 * 0.996 0.993 0.987
7.0 0.995 0.995 0.992 3 * 0.997 0.996 0.992
7.5 0.997 0.997 0.995 3 * 0.998 0.997 0.995
8.0 0.997 0.997 0.996 3 * 0.999 0.998 0.996
8.5 0.998 0.998 0.997 3 * 0.999 0.998 0.997
9.0 0.999 0.999 0.998 3 * 0.999 0.999 0.998
9.5 0.999 0.999 0.999 3 * 1.000 1.000 0.999
10.0 1.000 1.000 0.999 3 * 1.000 1.000 0.999
0.5 0.028 0.029 0.016 3 * 0.008 0.011 0.016
1.0 0.036 0.039 0.021 3 * 0.020 0.031 0.021
1.5 0.087 0.075 0.037 3 * 0.089 0.062 0.037
2.0 0.121 0.138 0.077 3 * 0.060 0.150 0.077
2.5 0.348 0.322 0.151 3 * 0.504 0.310 0.151
3.0 0.257 0.326 0.304 3 * 0.084 0.383 0.304
3.5 0.565 0.565 0.580 3 * 0.478 0.637 0.580
4.0 0.881 0.881 0.812 3 * 0.932 0.898 0.812
4.5 0.938 0.938 0.908 3 * 0.962 0.945 0.908
5.0 0.962 0.962 0.944 3 * 0.977 0.964 0.944
5.5 0.975 0.975 0.962 3 * 0.985 0.977 0.962
6.0 0.985 0.985 0.978 3 * 0.991 0.986 0.978
6.5 0.991 0.991 0.986 3 * 0.995 0.993 0.986
7.0 0.994 0.994 0.991 3 * 0.997 0.995 0.991
7.5 0.996 0.996 0.993 3 * 0.998 0.996 0.993
8.0 0.997 0.997 0.995 3 * 0.999 0.998 0.995
8.5 0.998 0.998 0.997 3 * 0.999 0.998 0.997
9.0 0.999 0.999 0.999 3 * 0.999 0.999 0.999
9.5 0.999 0.999 0.999 3 * 1.000 0.999 0.999
10.0 1.000 1.000 0.999 3 * 1.000 1.000 0.999
0.5 0.023 0.024 0.016 3 * 0.008 0.011 0.016
1.0 0.030 0.031 0.021 3 * 0.022 0.026 0.021
1.5 0.060 0.066 0.035 3 * 0.035 0.060 0.035
2.0 0.141 0.120 0.065 3 * 0.167 0.128 0.065
2.5 0.266 0.232 0.146 3 * 0.246 0.258 0.146
3.0 0.317 0.315 0.292 3 * 0.309 0.340 0.292
3.5 0.405 0.541 0.600 3 * 0.008 0.608 0.600
4.0 0.873 0.873 0.795 3 * 0.929 0.894 0.795
4.5 0.930 0.930 0.891 3 * 0.959 0.939 0.891
5.0 0.960 0.960 0.942 3 * 0.973 0.964 0.942
5.5 0.977 0.977 0.965 3 * 0.987 0.979 0.965
6.0 0.987 0.987 0.980 3 * 0.992 0.988 0.980
6.5 0.990 0.990 0.985 3 * 0.994 0.992 0.985
7.0 0.995 0.995 0.992 3 * 0.996 0.995 0.992
7.5 0.997 0.997 0.995 3 * 0.999 0.998 0.995
8.0 0.998 0.998 0.997 3 * 0.999 0.998 0.997
8.5 0.999 0.999 0.998 3 * 0.999 0.999 0.998
9.0 0.999 0.999 0.998 3 * 0.999 0.999 0.998
9.5 1.000 1.000 0.999 3 * 1.000 1.000 0.999
10.0 0.999 0.999 0.999 3 * 1.000 1.000 0.999
0.5 0.038 0.037 0.015 3 * 0.016 0.013 0.015
1.0 0.024 0.027 0.020 3 * 0.011 0.018 0.020
1.5 0.065 0.060 0.035 3 * 0.056 0.048 0.035
2.0 0.109 0.102 0.060 3 * 0.097 0.098 0.060
2.5 0.197 0.222 0.162 3 * 0.083 0.227 0.162
3.0 0.310 0.379 0.290 3 * 0.085 0.243 0.290
3.5 0.363 0.513 0.564 3 * 0.007 0.517 0.564
4.0 0.871 0.871 0.795 3 * 0.926 0.892 0.795
4.5 0.935 0.935 0.903 3 * 0.960 0.942 0.903
5.0 0.962 0.962 0.944 3 * 0.976 0.966 0.944
5.5 0.976 0.976 0.965 3 * 0.985 0.979 0.965
6.0 0.986 0.986 0.979 3 * 0.992 0.987 0.979
6.5 0.991 0.991 0.985 3 * 0.995 0.992 0.985
7.0 0.995 0.995 0.992 3 * 0.997 0.995 0.992
7.5 0.997 0.997 0.995 3 * 0.998 0.997 0.995
8.0 0.998 0.998 0.996 3 * 0.999 0.998 0.996
8.5 0.999 0.999 0.998 3 * 0.999 0.999 0.998
9.0 0.999 0.999 0.998 3 * 0.999 0.999 0.998
9.5 0.999 0.999 0.999 3 * 1.000 0.999 0.999
10.0 1.000 1.000 0.999 3 * 1.000 1.000 0.999
0.5 0.032 0.033 0.015 3 * 0.006 0.010 0.015
1.0 0.055 0.045 0.021 3 * 0.057 0.027 0.021
1.5 0.077 0.075 0.035 3 * 0.048 0.055 0.035
2.0 0.158 0.128 0.071 3 * 0.173 0.128 0.071
2.5 0.214 0.241 0.152 3 * 0.070 0.247 0.152
3.0 0.278 0.391 0.327 3 * 0.041 0.380 0.327
3.5 0.402 0.535 0.578 3 * 0.017 0.611 0.578
4.0 0.879 0.879 0.807 3 * 0.930 0.899 0.807
4.5 0.927 0.927 0.893 3 * 0.953 0.933 0.893
5.0 0.962 0.962 0.943 3 * 0.977 0.966 0.943
5.5 0.977 0.977 0.964 3 * 0.987 0.980 0.964
6.0 0.986 0.986 0.979 3 * 0.991 0.987 0.979
6.5 0.991 0.991 0.986 3 * 0.995 0.992 0.986
7.0 0.994 0.994 0.991 3 * 0.997 0.995 0.991
7.5 0.997 0.997 0.994 3 * 0.999 0.997 0.994
8.0 0.998 0.998 0.996 3 * 0.999 0.998 0.996
8.5 0.999 0.999 0.997 3 * 1.000 0.999 0.997
9.0 0.999 0.999 0.998 3 * 0.999 0.999 0.998
9.5 1.000 1.000 0.999 3 * 1.000 1.000 0.999
10.0 1.000 1.000 0.999 3 * 1.000 1.000 0.999
0.5 0.022 0.025 0.015 3 * 0.002 0.011 0.015
1.0 0.045 0.047 0.022 3 * 0.025 0.031 0.022
1.5 0.077 0.066 0.035 3 * 0.075 0.058 0.035
2.0 0.192 0.151 0.068 3 * 0.266 0.120 0.068
2.5 0.207 0.197 0.159 3 * 0.100 0.253 0.159
3.0 0.257 0.329 0.254 3 * 0.049 0.388 0.254
3.5 0.402 0.539 0.588 3 * 0.004 0.612 0.588
4.0 0.878 0.878 0.803 3 * 0.931 0.899 0.803
4.5 0.930 0.930 0.898 3 * 0.955 0.937 0.898
5.0 0.961 0.961 0.941 3 * 0.976 0.967 0.941
5.5 0.976 0.976 0.964 3 * 0.985 0.978 0.964
6.0 0.987 0.987 0.980 3 * 0.992 0.988 0.980
6.5 0.991 0.991 0.986 3 * 0.995 0.992 0.986
7.0 0.994 0.994 0.991 3 * 0.997 0.994 0.991
7.5 0.997 0.997 0.994 3 * 0.999 0.997 0.994
8.0 0.998 0.998 0.996 3 * 0.999 0.998 0.996
8.5 0.999 0.999 0.998 3 * 1.000 0.999 0.998
9.0 0.999 0.999 0.998 3 * 1.000 0.999 0.998
9.5 0.999 0.999 0.999 3 * 1.000 0.999 0.999
10.0 1.000 1.000 0.999 3 * 1.000 1.000 0.999
0.5 0.028 0.030 0.015 3 * 0.008 0.014 0.015
1.0 0.030 0.029 0.020 3 * 0.019 0.017 0.020
1.5 0.070 0.079 0.037 3 * 0.029 0.067 0.037
2.0 0.108 0.116 0.070 3 * 0.073 0.115 0.070
2.5 0.226 0.208 0.141 3 * 0.079 0.309 0.141
3.0 0.359 0.372 0.281 3 * 0.244 0.275 0.281
3.5 0.529 0.529 0.557 3 * 0.420 0.611 0.557
4.0 0.874 0.874 0.804 3 * 0.925 0.894 0.804
4.5 0.932 0.932 0.899 3 * 0.958 0.940 0.899
5.0 0.957 0.957 0.938 3 * 0.973 0.961 0.938
5.5 0.977 0.977 0.966 3 * 0.986 0.980 0.966
6.0 0.985 0.985 0.978 3 * 0.991 0.987 0.978
6.5 0.990 0.990 0.985 3 * 0.994 0.991 0.985
7.0 0.994 0.994 0.992 3 * 0.996 0.995 0.992
7.5 0.996 0.996 0.994 3 * 0.998 0.997 0.994
8.0 0.998 0.998 0.996 3 * 0.999 0.998 0.996
8.5 0.999 0.999 0.998 3 * 0.999 0.999 0.998
9.0 0.999 0.999 0.998 3 * 0.999 0.999 0.998
9.5 0.999 0.999 0.999 3 * 1.000 0.999 0.999
10.0 0.999 0.999 0.999 3 * 1.000 1.000 0.999
0.5 0.033 0.035 0.015 3 * 0.004 0.012 0.015
1.0 0.032 0.033 0.020 3 * 0.022 0.024 0.020
1.5 0.101 0.084 0.039 3 * 0.109 0.066 0.039
2.0 0.150 0.127 0.061 3 * 0.160 0.111 0.061
2.5 0.267 0.228 0.136 3 * 0.254 0.255 0.136
3.0 0.306 0.402 0.301 3 * 0.013 0.207 0.301
3.5 0.369 0.462 0.519 3 * 0.141 0.448 0.519
4.0 0.873 0.873 0.795 3 * 0.928 0.896 0.795
4.5 0.933 0.933 0.901 3 * 0.958 0.941 0.901
5.0 0.958 0.958 0.937 3 * 0.974 0.961 0.937
5.5 0.976 0.976 0.965 3 * 0.986 0.978 0.965
6.0 0.986 0.986 0.979 3 * 0.992 0.988 0.979
6.5 0.992 0.992 0.987 3 * 0.996 0.993 0.987
7.0 0.994 0.994 0.991 3 * 0.997 0.995 0.991
7.5 0.996 0.996 0.994 3 * 0.998 0.997 0.994
8.0 0.998 0.998 0.997 3 * 0.999 0.998 0.997
8.5 0.998 0.998 0.997 3 * 0.999 0.999 0.997
9.0 0.999 0.999 0.998 3 * 1.000 0.999 0.998
9.5 0.999 0.999 0.998 3 * 0.999 0.999 0.998
10.0 1.000 1.000 1.000 3 * 1.000 1.000 1.000
0.5 0.030 0.031 0.015 3 * 0.010 0.013 0.015
1.0 0.029 0.031 0.019 3 * 0.014 0.019 0.019
1.5 0.078 0.075 0.038 3 * 0.058 0.057 0.038
2.0 0.143 0.133 0.071 3 * 0.140 0.139 0.071
2.5 0.183 0.230 0.157 3 * 0.007 0.276 0.157
3.0 0.295 0.382 0.303 3 * 0.040 0.268 0.303
3.5 0.409 0.515 0.601 3 * 0.047 0.579 0.601
4.0 0.880 0.880 0.808 3 * 0.930 0.902 0.808
4.5 0.926 0.926 0.893 3 * 0.952 0.934 0.893
5.0 0.961 0.961 0.941 3 * 0.978 0.965 0.941
5.5 0.977 0.977 0.966 3 * 0.986 0.980 0.966
6.0 0.986 0.986 0.978 3 * 0.993 0.988 0.978
6.5 0.991 0.991 0.986 3 * 0.995 0.992 0.986
7.0 0.996 0.996 0.992 3 * 0.998 0.996 0.992
7.5 0.996 0.996 0.994 3 * 0.998 0.996 0.994
8.0 0.997 0.997 0.996 3 * 0.998 0.998 0.996
8.5 0.999 0.999 0.997 3 * 0.999 0.999 0.997
9.0 0.999 0.999 0.998 3 * 1.000 0.999 0.998
9.5 0.999 0.999 0.999 3 * 1.000 0.999 0.999
10.0 1.000 1.000 1.000 3 * 1.000 1.000 1.000
0.5 0.028 0.028 0.015 3 * 0.016 0.016 0.015
1.0 0.029 0.032 0.022 3 * 0.014 0.023 0.022
1.5 0.058 0.063 0.036 3 * 0.033 0.062 0.036
2.0 0.142 0.122 0.069 3 * 0.161 0.125 0.069
2.5 0.206 0.225 0.138 3 * 0.079 0.223 0.138
3.0 0.334 0.384 0.319 3 * 0.144 0.236 0.319
3.5 0.602 0.557 0.519 3 * 0.739 0.415 0.519
4.0 0.874 0.874 0.796 3 * 0.929 0.898 0.796
4.5 0.930 0.930 0.895 3 * 0.956 0.938 0.895
5.0 0.960 0.960 0.941 3 * 0.975 0.964 0.941
5.5 0.977 0.977 0.965 3 * 0.986 0.979 0.965
6.0 0.986 0.986 0.978 3 * 0.992 0.988 0.978
6.5 0.992 0.992 0.986 3 * 0.996 0.993 0.986
7.0 0.994 0.994 0.991 3 * 0.996 0.995 0.991
7.5 0.997 0.997 0.994 3 * 0.999 0.997 0.994
8.0 0.998 0.998 0.996 3 * 0.999 0.998 0.996
8.5 0.998 0.998 0.997 3 * 0.999 0.999 0.997
9.0 0.999 0.999 0.998 3 * 1.000 0.999 0.998
9.5 0.999 0.999 0.999 3 * 1.000 0.999 0.999
10.0 0.999 0.999 0.999 3 * 1.000 1.000 0.999
0.5 0.029 0.030 0.016 3 * 0.012 0.013 0.016
1.0 0.039 0.040 0.022 3 * 0.023 0.026 0.022
1.5 0.058 0.062 0.035 3 * 0.027 0.051 0.035
2.0 0.069 0.087 0.057 3 * 0.012 0.092 0.057
2.5 0.202 0.246 0.145 3 * 0.010 0.215 0.145
3.0 0.400 0.386 0.288 3 * 0.331 0.236 0.288
3.5 0.388 0.508 0.557 3 * 0.005 0.600 0.557
4.0 0.880 0.880 0.816 3 * 0.929 0.896 0.816
4.5 0.933 0.933 0.900 3 * 0.957 0.941 0.900
5.0 0.962 0.962 0.945 3 * 0.976 0.966 0.945
5.5 0.977 0.977 0.964 3 * 0.986 0.980 0.964
6.0 0.983 0.983 0.974 3 * 0.991 0.985 0.974
6.5 0.990 0.990 0.984 3 * 0.994 0.991 0.984
7.0 0.994 0.994 0.991 3 * 0.996 0.995 0.991
7.5 0.997 0.997 0.994 3 * 0.999 0.997 0.994
8.0 0.998 0.998 0.996 3 * 0.999 0.998 0.996
8.5 0.999 0.999 0.998 3 * 0.999 0.999 0.998
9.0 0.999 0.999 0.998 3 * 1.000 0.999 0.998
9.5 0.999 0.999 0.999 3 * 0.999 0.999 0.999
10.0 1.000 1.000 0.999 3 * 1.000 1.000 0.999
0.5 0.025 0.026 0.014 3 * 0.010 0.013 0.014
1.0 0.040 0.044 0.021 3 * 0.015 0.027 0.021
1.5 0.059 0.057 0.035 3 * 0.047 0.052 0.035
2.0 0.103 0.132 0.068 3 * 0.017 0.132 0.068
2.5 0.253 0.217 0.139 3 * 0.147 0.319 0.139
3.0 0.275 0.329 0.323 3 * 0.118 0.272 0.323
3.5 0.584 0.584 0.607 3 * 0.431 0.716 0.607
4.0 0.874 0.874 0.800 3 * 0.927 0.895 0.800
4.5 0.933 0.933 0.903 3 * 0.958 0.938 0.903
5.0 0.959 0.959 0.941 3 * 0.973 0.964 0.941
5.5 0.978 0.978 0.967 3 * 0.987 0.980 0.967
6.0 0.986 0.986 0.978 3 * 0.992 0.988 0.978
6.5 0.991 0.991 0.986 3 * 0.995 0.992 0.986
7.0 0.994 0.994 0.991 3 * 0.996 0.994 0.991
7.5 0.996 0.996 0.994 3 * 0.998 0.997 0.994
8.0 0.998 0.998 0.997 3 * 0.999 0.998 0.997
8.5 0.999 0.999 0.998 3 * 1.000 0.999 0.998
9.0 0.999 0.999 0.998 3 * 0.999 0.999 0.998
9.5 1.000 1.000 0.999 3 * 1.000 1.000 0.999
10.0 1.000 1.000 0.999 3 * 1.000 1.000 0.999
0.5 0.028 0.031 0.016 3 * 0.008 0.016 0.016
1.0 0.053 0.056 0.022 3 * 0.021 0.027 0.022
1.5 0.081 0.063 0.033 3 * 0.089 0.055 0.033
2.0 0.119 0.119 0.064 3 * 0.077 0.102 0.064
2.5 0.195 0.239 0.142 3 * 0.009 0.191 0.142
3.0 0.294 0.396 0.313 3 * 0.008 0.211 0.313
3.5 0.378 0.485 0.529 3 * 0.046 0.559 0.529
4.0 0.878 0.878 0.808 3 * 0.929 0.898 0.808
4.5 0.936 0.936 0.904 3 * 0.960 0.942 0.904
5.0 0.962 0.962 0.943 3 * 0.977 0.967 0.943
5.5 0.976 0.976 0.964 3 * 0.986 0.979 0.964
6.0 0.984 0.984 0.977 3 * 0.990 0.987 0.977
6.5 0.991 0.991 0.986 3 * 0.995 0.992 0.986
7.0 0.994 0.994 0.991 3 * 0.996 0.995 0.991
7.5 0.996 0.996 0.993 3 * 0.998 0.996 0.993
8.0 0.998 0.998 0.997 3 * 0.999 0.998 0.997
8.5 0.999 0.999 0.998 3 * 0.999 0.999 0.998
9.0 0.999 0.999 0.998 3 * 1.000 0.999 0.998
9.5 0.999 0.999 0.999 3 * 1.000 0.999 0.999
10.0 1.000 1.000 0.999 3 * 1.000 1.000 0.999
0.5 0.028 0.030 0.015 3 * 0.004 0.011 0.015
1.0 0.028 0.032 0.022 3 * 0.017 0.029 0.022
1.5 0.083 0.068 0.036 3 * 0.116 0.051 0.036
2.0 0.172 0.148 0.079 3 * 0.151 0.118 0.079
2.5 0.210 0.233 0.154 3 * 0.085 0.267 0.154
3.0 0.274 0.362 0.278 3 * 0.013 0.203 0.278
3.5 0.499 0.526 0.555 3 * 0.283 0.660 0.555
4.0 0.872 0.872 0.799 3 * 0.925 0.892 0.799
4.5 0.932 0.932 0.900 3 * 0.958 0.938 0.900
5.0 0.961 0.961 0.942 3 * 0.975 0.964 0.942
5.5 0.976 0.976 0.965 3 * 0.985 0.978 0.965
6.0 0.986 0.986 0.979 3 * 0.992 0.988 0.979
6.5 0.990 0.990 0.985 3 * 0.995 0.992 0.985
7.0 0.994 0.994 0.990 3 * 0.997 0.995 0.990
7.5 0.997 0.997 0.996 3 * 0.998 0.998 0.996
8.0 0.998 0.998 0.996 3 * 0.999 0.998 0.996
8.5 0.999 0.999 0.998 3 * 0.999 0.999 0.998
9.0 0.999 0.999 0.998 3 * 1.000 0.999 0.998
9.5 0.999 0.999 0.998 3 * 0.999 0.999 0.998
10.0 0.999 0.999 0.999 3 * 1.000 1.000 0.999
0.5 0.032 0.036 0.015 3 * 0.004 0.014 0.015
1.0 0.044 0.045 0.021 3 * 0.017 0.022 0.021
1.5 0.102 0.091 0.037 3 * 0.093 0.071 0.037
2.0 0.121 0.126 0.066 3 * 0.085 0.130 0.066
2.5 0.185 0.224 0.130 3 * 0.012 0.216 0.130
3.0 0.292 0.318 0.304 3 * 0.216 0.355 0.304
3.5 0.402 0.509 0.574 3 * 0.048 0.584 0.574
4.0 0.668 0.668 0.766 3 * 0.461 0.776 0.766
4.5 0.933 0.933 0.902 3 * 0.957 0.940 0.902
5.0 0.959 0.959 0.938 3 * 0.975 0.963 0.938
5.5 0.975 0.975 0.964 3 * 0.984 0.977 0.964
6.0 0.984 0.984 0.976 3 * 0.991 0.986 0.976
6.5 0.992 0.992 0.987 3 * 0.995 0.993 0.987
7.0 0.995 0.995 0.991 3 * 0.998 0.995 0.991
7.5 0.997 0.997 0.995 3 * 0.998 0.997 0.995
8.0 0.998 0.998 0.996 3 * 0.999 0.998 0.996
8.5 0.999 0.999 0.998 3 * 0.999 0.999 0.998
9.0 0.999 0.999 0.999 3 * 1.000 0.999 0.999
9.5 0.999 0.999 0.999 3 * 1.000 1.000 0.999
10.0 1.000 1.000 0.999 3 * 1.000 1.000 0.999
0.5 0.027 0.030 0.016 3 * 0.003 0.015 0.016
1.0 0.052 0.058 0.020 3 * 0.004 0.022 0.020
1.5 0.065 0.076 0.036 3 * 0.013 0.058 0.036
2.0 0.173 0.139 0.074 3 * 0.179 0.125 0.074
2.5 0.269 0.234 0.149 3 * 0.254 0.198 0.149
3.0 0.338 0.371 0.279 3 * 0.179 0.217 0.279
3.5 0.469 0.490 0.543 3 * 0.339 0.525 0.543
4.0 0.882 0.882 0.813 3 * 0.933 0.900 0.813
4.5 0.929 0.929 0.896 3 * 0.955 0.935 0.896
5.0 0.959 0.959 0.941 3 * 0.974 0.963 0.941
5.5 0.978 0.978 0.967 3 * 0.986 0.980 0.967
6.0 0.985 0.985 0.977 3 * 0.991 0.987 0.977
6.5 0.991 0.991 0.986 3 * 0.995 0.992 0.986
7.0 0.994 0.994 0.990 3 * 0.997 0.995 0.990
7.5 0.997 0.997 0.994 3 * 0.999 0.997 0.994
8.0 0.998 0.998 0.997 3 * 0.999 0.998 0.997
8.5 0.999 0.999 0.998 3 * 0.999 0.999 0.998
9.0 0.999 0.999 0.998 3 * 1.000 0.999 0.998
9.5 0.999 0.999 0.999 3 * 1.000 1.000 0.999
10.0 0.999 0.999 0.999 3 * 1.000 1.000 0.999
0.5 0.036 0.034 0.015 3 * 0.018 0.012 0.015
1.0 0.032 0.035 0.019 3 * 0.011 0.020 0.019
1.5 0.081 0.067 0.037 3 * 0.095 0.059 0.037
2.0 0.179 0.142 0.066 3 * 0.235 0.124 0.066
2.5 0.262 0.220 0.143 3 * 0.246 0.271 0.143
3.0 0.285 0.295 0.279 3 * 0.199 0.358 0.279
3.5 0.407 0.524 0.565 3 * 0.061 0.596 0.565
4.0 0.879 0.879 0.810 3 * 0.930 0.896 0.810
4.5 0.931 0.931 0.896 3 * 0.958 0.938 0.896
5.0 0.961 0.961 0.942 3 * 0.976 0.965 0.942
5.5 0.974 0.974 0.962 3 * 0.984 0.977 0.962
6.0 0.986 0.986 0.978 3 * 0.992 0.987 0.978
6.5 0.991 0.991 0.986 3 * 0.995 0.992 0.986
7.0 0.995 0.995 0.992 3 * 0.997 0.995 0.992
7.5 0.996 0.996 0.994 3 * 0.997 0.997 0.994
8.0 0.998 0.998 0.996 3 * 0.999 0.998 0.996
8.5 0.999 0.999 0.998 3 * 0.999 0.999 0.998
9.0 0.999 0.999 0.998 3 * 1.000 0.999 0.998
9.5 0.999 0.999 0.998 3 * 1.000 0.999 0.998
10.0 0.999 0.999 0.999 3 * 1.000 1.000 0.999
0.5 0.025 0.024 0.014 3 * 0.013 0.010 0.014
1.0 0.034 0.038 0.022 3 * 0.012 0.024 0.022
1.5 0.060 0.076 0.038 3 * 0.009 0.064 0.038
2.0 0.156 0.151 0.078 3 * 0.107 0.140 0.078
2.5 0.184 0.226 0.151 3 * 0.009 0.265 0.151
3.0 0.416 0.391 0.287 3 * 0.360 0.203 0.287
3.5 0.428 0.522 0.561 3 * 0.122 0.601 0.561
4.0 0.880 0.880 0.814 3 * 0.930 0.895 0.814
4.5 0.927 0.927 0.896 3 * 0.953 0.934 0.896
5.0 0.960 0.960 0.940 3 * 0.976 0.963 0.940
5.5 0.975 0.975 0.964 3 * 0.984 0.977 0.964
6.0 0.984 0.984 0.975 3 * 0.991 0.986 0.975
6.5 0.991 0.991 0.986 3 * 0.996 0.992 0.986
7.0 0.994 0.994 0.990 3 * 0.997 0.995 0.990
7.5 0.996 0.996 0.994 3 * 0.998 0.997 0.994
8.0 0.998 0.998 0.996 3 * 0.999 0.998 0.996
8.5 0.998 0.998 0.998 3 * 0.999 0.999 0.998
9.0 0.999 0.999 0.999 3 * 1.000 0.999 0.999
9.5 1.000 1.000 0.999 3 * 1.000 1.000 0.999
10.0 1.000 1.000 0.999 3 * 1.000 1.000 0.999
0.5 0.033 0.036 0.015 3 * 0.006 0.013 0.015
1.0 0.035 0.040 0.021 3 * 0.015 0.028 0.021
1.5 0.066 0.081 0.038 3 * 0.007 0.060 0.038
2.0 0.116 0.129 0.068 3 * 0.027 0.098 0.068
2.5 0.190 0.227 0.136 3 * 0.026 0.242 0.136
3.0 0.243 0.310 0.306 3 * 0.090 0.332 0.306
3.5 0.586 0.586 0.611 3 * 0.433 0.713 0.611
4.0 0.871 0.871 0.790 3 * 0.931 0.894 0.790
4.5 0.927 0.927 0.889 3 * 0.956 0.937 0.889
5.0 0.961 0.961 0.944 3 * 0.974 0.965 0.944
5.5 0.976 0.976 0.965 3 * 0.986 0.978 0.965
6.0 0.986 0.986 0.978 3 * 0.991 0.988 0.978
6.5 0.992 0.992 0.988 3 * 0.995 0.993 0.988
7.0 0.994 0.994 0.991 3 * 0.997 0.995 0.991
7.5 0.997 0.997 0.995 3 * 0.999 0.998 0.995
8.0 0.998 0.998 0.997 3 * 1.000 0.998 0.997
8.5 0.999 0.999 0.998 3 * 1.000 0.999 0.998
9.0 0.999 0.999 0.999 3 * 0.999 0.999 0.999
9.5 0.999 0.999 0.999 3 * 1.000 0.999 0.999
10.0 1.000 1.000 0.999 3 * 1.000 1.000 0.999
0.5 0.030 0.031 0.014 3 * 0.012 0.013 0.014
1.0 0.038 0.042 0.019 3 * 0.009 0.020 0.019
1.5 0.077 0.063 0.035 3 * 0.078 0.053 0.035
2.0 0.136 0.144 0.081 3 * 0.061 0.131 0.081
2.5 0.165 0.190 0.137 3 * 0.014 0.217 0.137
3.0 0.268 0.357 0.285 3 * 0.019 0.306 0.285
3.5 0.441 0.535 0.582 3 * 0.081 0.661 0.582
4.0 0.877 0.877 0.799 3 * 0.931 0.900 0.799
4.5 0.933 0.933 0.901 3 * 0.958 0.939 0.901
5.0 0.962 0.962 0.943 3 * 0.978 0.966 0.943
5.5 0.974 0.974 0.961 3 * 0.984 0.976 0.961
6.0 0.984 0.984 0.976 3 * 0.990 0.985 0.976
6.5 0.991 0.991 0.987 3 * 0.995 0.992 0.987
7.0 0.994 0.994 0.991 3 * 0.997 0.995 0.991
7.5 0.996 0.996 0.994 3 * 0.998 0.997 0.994
8.0 0.998 0.998 0.996 3 * 0.999 0.998 0.996
8.5 0.998 0.998 0.997 3 * 0.999 0.999 0.997
9.0 0.999 0.999 0.999 3 * 1.000 0.999 0.999
9.5 0.999 0.999 0.999 3 * 1.000 1.000 0.999
10.0 1.000 1.000 0.999 3 * 1.000 1.000 0.999
0.5 0.020 0.022 0.015 3 * 0.006 0.013 0.015
1.0 0.027 0.031 0.019 3 * 0.009 0.021 0.019
1.5 0.072 0.073 0.036 3 * 0.045 0.060 0.036
2.0 0.127 0.130 0.076 3 * 0.085 0.129 0.076
2.5 0.236 0.240 0.154 3 * 0.140 0.261 0.154
3.0 0.298 0.374 0.268 3 * 0.039 0.234 0.268
3.5 0.563 0.563 0.595 3 * 0.428 0.667 0.595
4.0 0.871 0.871 0.793 3 * 0.927 0.892 0.793
4.5 0.932 0.932 0.900 3 * 0.957 0.940 0.900
5.0 0.960 0.960 0.939 3 * 0.976 0.964 0.939
5.5 0.975 0.975 0.963 3 * 0.985 0.978 0.963
6.0 0.986 0.986 0.978 3 * 0.993 0.987 0.978
6.5 0.990 0.990 0.985 3 * 0.994 0.992 0.985
7.0 0.995 0.995 0.992 3 * 0.997 0.995 0.992
7.5 0.996 0.996 0.994 3 * 0.998 0.996 0.994
8.0 0.998 0.998 0.997 3 * 0.999 0.998 0.997
8.5 0.998 0.998 0.998 3 * 0.999 0.999 0.998
9.0 0.999 0.999 0.998 3 * 0.999 0.999 0.998
9.5 1.000 1.000 0.999 3 * 1.000 1.000 0.999
10.0 0.999 0.999 0.999 3 * 1.000 1.000 0.999
0.5 0.026 0.027 0.015 3 * 0.012 0.015 0.015
1.0 0.036 0.037 0.023 3 * 0.020 0.025 0.023
1.5 0.108 0.081 0.038 3 * 0.144 0.059 0.038
2.0 0.077 0.099 0.063 3 * 0.009 0.101 0.063
2.5 0.210 0.230 0.147 3 * 0.086 0.242 0.147
3.0 0.233 0.321 0.276 3 * 0.011 0.300 0.276
3.5 0.549 0.549 0.557 3 * 0.432 0.657 0.557
4.0 0.869 0.869 0.787 3 * 0.926 0.894 0.787
4.5 0.930 0.930 0.899 3 * 0.953 0.936 0.899
5.0 0.960 0.960 0.941 3 * 0.975 0.965 0.941
5.5 0.977 0.977 0.965 3 * 0.987 0.979 0.965
6.0 0.984 0.984 0.976 3 * 0.991 0.985 0.976
6.5 0.992 0.992 0.987 3 * 0.996 0.993 0.987
7.0 0.994 0.994 0.990 3 * 0.996 0.995 0.990
7.5 0.997 0.997 0.994 3 * 0.999 0.997 0.994
8.0 0.998 0.998 0.996 3 * 0.999 0.999 0.996
8.5 0.998 0.998 0.997 3 * 0.999 0.998 0.997
9.0 0.999 0.999 0.998 3 * 1.000 0.999 0.998
9.5 0.999 0.999 0.999 3 * 1.000 1.000 0.999
10.0 1.000 1.000 0.999 3 * 1.000 1.000 0.999
0.5 0.024 0.025 0.015 3 * 0.008 0.011 0.015
1.0 0.037 0.033 0.023 3 * 0.036 0.026 0.023
1.5 0.071 0.063 0.036 3 * 0.107 0.044 0.036
2.0 0.126 0.133 0.080 3 * 0.092 0.138 0.080
2.5 0.213 0.218 0.162 3 * 0.095 0.278 0.162
3.0 0.224 0.334 0.291 3 * 0.010 0.348 0.291
3.5 0.776 0.776 0.627 3 * 0.880 0.822 0.627
4.0 0.670 0.670 0.764 3 * 0.466 0.781 0.764
4.5 0.935 0.935 0.902 3 * 0.960 0.942 0.902
5.0 0.960 0.960 0.940 3 * 0.976 0.965 0.940
5.5 0.976 0.976 0.965 3 * 0.985 0.979 0.965
6.0 0.984 0.984 0.976 3 * 0.991 0.986 0.976
6.5 0.990 0.990 0.985 3 * 0.995 0.992 0.985
7.0 0.995 0.995 0.991 3 * 0.997 0.995 0.991
7.5 0.996 0.996 0.994 3 * 0.998 0.996 0.994
8.0 0.998 0.998 0.996 3 * 0.999 0.998 0.996
8.5 0.999 0.999 0.998 3 * 0.999 0.999 0.998
9.0 0.999 0.999 0.998 3 * 1.000 0.999 0.998
9.5 1.000 1.000 0.999 3 * 1.000 1.000 0.999
10.0 1.000 1.000 0.999 3 * 1.000 1.000 0.999
