0.5 0.000 0.000 0.000 1 * 1
1.0 0.000 0.000 0.000 1 * 1
1.5 0.553 0.249 0.048 1 * 3
2.0 0.524 0.266 0.067 1 * 4
2.5 0.371 0.289 0.125 2 * 2 6
3.0 0.799 0.614 0.243 2 * 3 9
3.5 0.662 0.548 0.320 2 * 5 12
4.0 0.685 0.626 0.583 2 * 4 19
4.5 0.931 0.931 0.898 3 * 3 9 27
5.0 0.835 0.830 0.939 3 * 6 9 27
5.5 0.977 0.977 0.965 3 * 3 9 27
6.0 0.987 0.987 0.979 3 * 3 9 27
6.5 0.992 0.992 0.987 3 * 3 9 27
7.0 0.995 0.995 0.992 3 * 3 9 27
7.5 0.996 0.996 0.994 3 * 3 9 27
8.0 0.998 0.998 0.996 3 * 3 9 27
8.5 0.998 0.998 0.997 3 * 3 9 27
9.0 0.999 0.999 0.998 3 * 3 9 27
9.5 0.999 0.999 0.999 3 * 3 9 27
10.0 1.000 1.000 0.999 3 * 3 9 27
0.5 0.000 0.000 0.000 1 * 1
1.0 0.000 0.000 0.000 1 * 1
1.5 0.545 0.244 0.047 1 * 3
2.0 0.533 0.267 0.066 1 * 4
2.5 0.482 0.370 0.146 2 * 5 7
3.0 0.592 0.476 0.245 2 * 2 9
3.5 0.795 0.678 0.331 3 * 3 9 12
4.0 0.608 0.710 0.546 4 * 3 5 9 18
4.5 0.712 0.712 0.831 3 * 2 8 25
5.0 0.961 0.961 0.943 3 * 3 9 27
5.5 0.746 0.886 0.964 4 * 3 5 9 27
6.0 0.985 0.985 0.978 3 * 3 9 27
6.5 0.991 0.991 0.986 3 * 3 9 27
7.0 0.994 0.994 0.991 3 * 3 9 27
7.5 0.858 0.803 0.993 3 * 9 11 27
8.0 0.998 0.998 0.997 3 * 3 9 27
8.5 0.999 0.999 0.998 3 * 3 9 27
9.0 0.999 0.999 0.998 3 * 3 9 27
9.5 1.000 1.000 0.999 3 * 3 9 27
10.0 1.000 1.000 0.999 3 * 3 9 27
0.5 0.000 0.000 0.000 1 * 1
1.0 0.125 0.057 0.012 1 * 2
1.5 0.523 0.235 0.046 1 * 3
2.0 0.714 0.319 0.058 1 * 3
2.5 0.588 0.441 0.147 2 * 3 7
3.0 0.790 0.606 0.239 2 * 3 9
3.5 0.755 0.658 0.348 3 * 3 8 13
4.0 0.615 0.615 0.545 3 * 5 10 18
4.5 0.671 0.671 0.826 3 * 2 7 25
5.0 0.958 0.958 0.939 3 * 3 9 27
5.5 0.974 0.974 0.962 3 * 3 9 27
6.0 0.986 0.986 0.979 3 * 3 9 27
6.5 0.992 0.992 0.987 3 * 3 9 27
7.0 0.808 0.829 0.991 4 * 2 7 9 27
7.5 0.997 0.997 0.994 3 * 3 9 27
8.0 0.997 0.997 0.996 3 * 3 9 27
8.5 0.999 0.999 0.997 3 * 3 9 27
9.0 0.861 0.805 0.999 3 * 9 11 27
9.5 1.000 1.000 0.999 3 * 3 9 27
10.0 0.999 0.999 0.999 3 * 3 9 27
0.5 0.000 0.000 0.000 1 * 1
1.0 0.000 0.000 0.000 1 * 1
1.5 0.506 0.229 0.044 1 * 3
2.0 0.725 0.323 0.058 1 * 3
2.5 0.602 0.454 0.157 2 * 3 8
3.0 0.799 0.613 0.241 2 * 3 9
3.5 0.806 0.686 0.329 3 * 3 9 12
4.0 0.556 0.724 0.544 4 * 2 4 9 18
4.5 0.693 0.670 0.828 4 * 2 7 23 25
5.0 0.957 0.957 0.936 3 * 3 9 27
5.5 0.976 0.976 0.964 3 * 3 9 27
6.0 0.986 0.986 0.977 3 * 3 9 27
6.5 0.990 0.990 0.984 3 * 3 9 27
7.0 0.994 0.994 0.991 3 * 3 9 27
7.5 0.996 0.996 0.994 3 * 3 9 27
8.0 0.998 0.998 0.996 3 * 3 9 27
8.5 0.998 0.998 0.997 3 * 3 9 27
9.0 0.999 0.999 0.998 3 * 3 9 27
9.5 0.999 0.999 0.999 3 * 3 9 27
10.0 1.000 1.000 0.999 3 * 3 9 27
0.5 0.000 0.000 0.000 1 * 1
1.0 0.000 0.000 0.000 1 * 1
1.5 0.548 0.247 0.047 1 * 3
2.0 0.532 0.266 0.067 1 * 4
2.5 0.617 0.467 0.166 2 * 3 8
3.0 0.772 0.595 0.240 2 * 3 10
3.5 0.722 0.632 0.364 3 * 4 10 13
4.0 0.550 0.595 0.546 4 * 5 10 12 18
4.5 0.936 0.936 0.906 3 * 3 9 27
5.0 0.963 0.963 0.945 3 * 3 9 27
5.5 0.977 0.977 0.964 3 * 3 9 27
6.0 0.985 0.985 0.977 3 * 3 9 27
6.5 0.990 0.990 0.985 3 * 3 9 27
7.0 0.993 0.993 0.989 3 * 3 9 27
7.5 0.996 0.996 0.994 3 * 3 9 27
8.0 0.998 0.998 0.996 3 * 3 9 27
8.5 0.999 0.999 0.998 3 * 3 9 27
9.0 0.999 0.999 0.998 3 * 3 9 27
9.5 0.740 0.860 0.999 4 * 6 8 12 27
10.0 1.000 1.000 0.999 3 * 3 9 27
0.5 0.000 0.000 0.000 1 * 1
1.0 0.000 0.000 0.000 1 * 1
1.5 0.566 0.254 0.048 1 * 3
2.0 0.718 0.321 0.059 1 * 3
2.5 0.413 0.326 0.150 2 * 2 7
3.0 0.691 0.542 0.245 2 * 5 9
3.5 0.687 0.596 0.362 3 * 4 7 13
4.0 0.664 0.617 0.540 2 * 4 18
4.5 0.921 0.921 0.867 3 * 3 9 26
5.0 0.963 0.963 0.946 3 * 3 9 27
5.5 0.975 0.975 0.963 3 * 3 9 27
6.0 0.986 0.986 0.979 3 * 3 9 27
6.5 0.991 0.991 0.985 3 * 3 9 27
7.0 0.994 0.994 0.991 3 * 3 9 27
7.5 0.920 0.920 0.943 3 * 5 10 27
8.0 0.998 0.998 0.996 3 * 3 9 27
8.5 0.998 0.998 0.997 3 * 3 9 27
9.0 0.999 0.999 0.998 3 * 3 9 27
9.5 0.999 0.999 0.999 3 * 3 9 27
10.0 1.000 1.000 0.999 3 * 3 9 27
0.5 0.000 0.000 0.000 1 * 1
1.0 0.000 0.000 0.000 1 * 1
1.5 0.524 0.236 0.046 1 * 3
2.0 0.731 0.326 0.061 1 * 3
2.5 0.476 0.376 0.174 2 * 6 8
3.0 0.790 0.606 0.237 2 * 3 9
3.5 0.805 0.679 0.316 3 * 3 9 12
4.0 0.734 0.667 0.543 2 * 3 18
4.5 0.917 0.917 0.861 3 * 3 9 26
5.0 0.960 0.960 0.941 3 * 3 9 27
5.5 0.976 0.976 0.965 3 * 3 9 27
6.0 0.984 0.984 0.977 3 * 3 9 27
6.5 0.992 0.992 0.987 3 * 3 9 27
7.0 0.995 0.995 0.993 3 * 3 9 27
7.5 0.996 0.996 0.994 3 * 3 9 27
8.0 0.998 0.998 0.996 3 * 3 9 27
8.5 0.999 0.999 0.998 3 * 3 9 27
9.0 0.999 0.999 0.999 3 * 3 9 27
9.5 0.999 0.999 0.999 3 * 3 9 27
10.0 1.000 1.000 0.999 3 * 3 9 27
0.5 0.000 0.000 0.000 1 * 1
1.0 0.000 0.000 0.000 1 * 1
1.5 0.558 0.250 0.047 1 * 3
2.0 0.720 0.322 0.060 1 * 3
2.5 0.592 0.444 0.148 2 * 3 7
3.0 0.804 0.616 0.241 2 * 3 9
3.5 0.655 0.533 0.326 3 * 2 9 12
4.0 0.498 0.611 0.549 4 * 4 8 10 18
4.5 0.934 0.934 0.904 3 * 3 9 27
5.0 0.733 0.870 0.941 4 * 3 5 9 27
5.5 0.976 0.976 0.964 3 * 3 9 27
6.0 0.985 0.985 0.977 3 * 3 9 27
6.5 0.991 0.991 0.987 3 * 3 9 27
7.0 0.994 0.994 0.991 3 * 3 9 27
7.5 0.997 0.997 0.994 3 * 3 9 27
8.0 0.998 0.998 0.996 3 * 3 9 27
8.5 0.999 0.999 0.998 3 * 3 9 27
9.0 0.749 0.866 0.998 4 * 4 6 9 27
9.5 0.999 0.999 0.999 3 * 3 9 27
10.0 1.000 1.000 0.999 3 * 3 9 27
0.5 0.000 0.000 0.000 1 * 1
1.0 0.000 0.000 0.000 1 * 1
1.5 0.538 0.242 0.047 1 * 3
2.0 0.518 0.259 0.066 1 * 4
2.5 0.636 0.481 0.172 2 * 3 8
3.0 0.801 0.616 0.244 2 * 3 9
3.5 0.745 0.593 0.287 2 * 4 11
4.0 0.761 0.761 0.579 3 * 3 8 19
4.5 0.918 0.918 0.862 3 * 3 9 26
5.0 0.959 0.959 0.940 3 * 3 9 27
5.5 0.975 0.975 0.965 3 * 3 9 27
6.0 0.985 0.985 0.978 3 * 3 9 27
6.5 0.991 0.991 0.986 3 * 3 9 27
7.0 0.994 0.994 0.991 3 * 3 9 27
7.5 0.996 0.996 0.994 3 * 3 9 27
8.0 0.997 0.997 0.995 3 * 3 9 27
8.5 0.999 0.999 0.998 3 * 3 9 27
9.0 0.999 0.999 0.999 3 * 3 9 27
9.5 1.000 1.000 0.999 3 * 3 9 27
10.0 1.000 1.000 0.999 3 * 3 9 27
0.5 0.000 0.000 0.000 1 * 1
1.0 0.000 0.000 0.000 1 * 1
1.5 0.545 0.244 0.047 1 * 3
2.0 0.721 0.322 0.059 1 * 3
2.5 0.644 0.487 0.174 2 * 3 8
3.0 0.798 0.614 0.244 2 * 3 9
3.5 0.804 0.686 0.338 3 * 3 9 12
4.0 0.681 0.681 0.605 3 * 9 13 20
4.5 0.916 0.916 0.861 3 * 3 9 26
5.0 0.962 0.962 0.943 3 * 3 9 27
5.5 0.974 0.974 0.962 3 * 3 9 27
6.0 0.984 0.984 0.976 3 * 3 9 27
6.5 0.990 0.990 0.985 3 * 3 9 27
7.0 0.994 0.994 0.990 3 * 3 9 27
7.5 0.996 0.996 0.994 3 * 3 9 27
8.0 0.998 0.998 0.996 3 * 3 9 27
8.5 0.749 0.865 0.997 4 * 4 6 9 27
9.0 0.999 0.999 0.999 3 * 3 9 27
9.5 1.000 1.000 0.999 3 * 3 9 27
10.0 1.000 1.000 1.000 3 * 3 9 27
0.5 0.000 0.000 0.000 1 * 1
1.0 0.000 0.000 0.000 1 * 1
1.5 0.542 0.244 0.048 1 * 3
2.0 0.515 0.263 0.069 1 * 4
2.5 0.627 0.475 0.171 2 * 3 8
3.0 0.803 0.617 0.243 2 * 3 9
3.5 0.744 0.593 0.291 2 * 4 11
4.0 0.642 0.642 0.586 3 * 9 12 19
4.5 0.920 0.920 0.865 3 * 3 9 26
5.0 0.961 0.961 0.941 3 * 3 9 27
5.5 0.980 0.980 0.970 3 * 3 9 27
6.0 0.985 0.985 0.977 3 * 3 9 27
6.5 0.990 0.990 0.986 3 * 3 9 27
7.0 0.995 0.995 0.991 3 * 3 9 27
7.5 0.996 0.996 0.994 3 * 3 9 27
8.0 0.998 0.998 0.996 3 * 3 9 27
8.5 0.999 0.999 0.997 3 * 3 9 27
9.0 0.999 0.999 0.998 3 * 3 9 27
9.5 0.999 0.999 0.999 3 * 3 9 27
10.0 0.999 0.999 0.999 3 * 3 9 27
0.5 0.000 0.000 0.000 1 * 1
1.0 0.135 0.063 0.015 1 * 2
1.5 0.541 0.242 0.045 1 * 3
2.0 0.709 0.317 0.059 1 * 3
2.5 0.594 0.446 0.149 2 * 3 7
3.0 0.792 0.608 0.241 2 * 3 9
3.5 0.800 0.680 0.328 3 * 3 9 12
4.0 0.451 0.601 0.512 5 * 2 8 10 13 17
4.5 0.759 0.759 0.863 3 * 2 9 26
5.0 0.961 0.961 0.941 3 * 3 9 27
5.5 0.976 0.976 0.964 3 * 3 9 27
6.0 0.985 0.985 0.977 3 * 3 9 27
6.5 0.992 0.992 0.987 3 * 3 9 27
7.0 0.996 0.996 0.993 3 * 3 9 27
7.5 0.996 0.996 0.994 3 * 3 9 27
8.0 0.998 0.998 0.997 3 * 3 9 27
8.5 0.763 0.906 0.997 4 * 3 5 9 27
9.0 0.999 0.999 0.998 3 * 3 9 27
9.5 0.999 0.999 0.999 3 * 3 9 27
10.0 1.000 1.000 0.999 3 * 3 9 27
0.5 0.000 0.000 0.000 1 * 1
1.0 0.000 0.000 0.000 1 * 1
1.5 0.528 0.238 0.045 1 * 3
2.0 0.719 0.321 0.060 1 * 3
2.5 0.579 0.440 0.162 2 * 3 9
3.0 0.798 0.612 0.241 2 * 3 9
3.5 0.803 0.685 0.334 3 * 3 9 12
4.0 0.594 0.686 0.584 4 * 6 8 12 19
4.5 0.922 0.922 0.872 3 * 3 9 26
5.0 0.959 0.959 0.939 3 * 3 9 27
5.5 0.976 0.976 0.964 3 * 3 9 27
6.0 0.743 0.874 0.978 4 * 5 7 11 27
6.5 0.990 0.990 0.985 3 * 3 9 27
7.0 0.994 0.994 0.991 3 * 3 9 27
7.5 0.997 0.997 0.994 3 * 3 9 27
8.0 0.998 0.998 0.997 3 * 3 9 27
8.5 0.999 0.999 0.998 3 * 3 9 27
9.0 0.999 0.999 0.998 3 * 3 9 27
9.5 0.999 0.999 0.999 3 * 3 9 27
10.0 1.000 1.000 0.999 3 * 3 9 27
0.5 0.000 0.000 0.000 1 * 1
1.0 0.000 0.000 0.000 1 * 1
1.5 0.547 0.247 0.048 1 * 3
2.0 0.712 0.318 0.058 1 * 3
2.5 0.588 0.441 0.149 2 * 3 7
3.0 0.801 0.616 0.244 2 * 3 9
3.5 0.767 0.470 0.338 2 * 9 12
4.0 0.459 0.608 0.603 5 * 2 7 11 13 20
4.5 0.831 0.754 0.860 3 * 7 9 26
5.0 0.962 0.962 0.943 3 * 3 9 27
5.5 0.977 0.977 0.964 3 * 3 9 27
6.0 0.984 0.984 0.977 3 * 3 9 27
6.5 0.990 0.990 0.985 3 * 3 9 27
7.0 0.994 0.994 0.991 3 * 3 9 27
7.5 0.996 0.996 0.994 3 * 3 9 27
8.0 0.998 0.998 0.996 3 * 3 9 27
8.5 0.999 0.999 0.998 3 * 3 9 27
9.0 0.999 0.999 0.999 3 * 3 9 27
9.5 0.999 0.999 0.999 3 * 3 9 27
10.0 1.000 1.000 1.000 3 * 3 9 27
0.5 0.000 0.000 0.000 1 * 1
1.0 0.000 0.000 0.000 1 * 1
1.5 0.550 0.247 0.047 1 * 3
2.0 0.368 0.237 0.077 2 * 2 5
2.5 0.432 0.344 0.169 2 * 2 9
3.0 0.692 0.542 0.241 2 * 5 9
3.5 0.650 0.526 0.323 3 * 2 9 12
4.0 0.602 0.695 0.613 4 * 6 8 12 20
4.5 0.918 0.918 0.865 3 * 3 9 26
5.0 0.961 0.961 0.942 3 * 3 9 27
5.5 0.975 0.975 0.964 3 * 3 9 27
6.0 0.985 0.985 0.977 3 * 3 9 27
6.5 0.991 0.991 0.986 3 * 3 9 27
7.0 0.995 0.995 0.991 3 * 3 9 27
7.5 0.997 0.997 0.994 3 * 3 9 27
8.0 0.998 0.998 0.996 3 * 3 9 27
8.5 0.998 0.998 0.997 3 * 3 9 27
9.0 0.999 0.999 0.998 3 * 3 9 27
9.5 0.999 0.999 0.998 3 * 3 9 27
10.0 1.000 1.000 0.999 3 * 3 9 27
0.5 0.000 0.000 0.000 1 * 1
1.0 0.077 0.036 0.009 1 * 2
1.5 0.535 0.240 0.045 1 * 3
2.0 0.525 0.264 0.066 1 * 4
2.5 0.416 0.326 0.148 2 * 2 7
3.0 0.808 0.619 0.242 2 * 3 9
3.5 0.803 0.686 0.332 3 * 3 9 12
4.0 0.680 0.616 0.575 2 * 4 19
4.5 0.916 0.916 0.859 3 * 3 9 26
5.0 0.961 0.961 0.940 3 * 3 9 27
5.5 0.975 0.975 0.963 3 * 3 9 27
6.0 0.986 0.986 0.978 3 * 3 9 27
6.5 0.990 0.990 0.985 3 * 3 9 27
7.0 0.994 0.994 0.991 3 * 3 9 27
7.5 0.996 0.996 0.994 3 * 3 9 27
8.0 0.998 0.998 0.996 3 * 3 9 27
8.5 0.999 0.999 0.998 3 * 3 9 27
9.0 0.999 0.999 0.998 3 * 3 9 27
9.5 0.999 0.999 0.999 3 * 3 9 27
10.0 1.000 1.000 1.000 3 * 3 9 27
0.5 0.000 0.000 0.000 1 * 1
1.0 0.040 0.024 0.008 1 * 2
1.5 0.540 0.242 0.046 1 * 3
2.0 0.712 0.319 0.060 1 * 3
2.5 0.597 0.448 0.150 2 * 3 7
3.0 0.800 0.614 0.242 2 * 3 9
3.5 0.681 0.536 0.314 3 * 2 9 11
4.0 0.731 0.731 0.572 3 * 6 11 19
4.5 0.885 0.885 0.869 3 * 3 8 26
5.0 0.962 0.962 0.943 3 * 3 9 27
5.5 0.976 0.976 0.962 3 * 3 9 27
6.0 0.985 0.985 0.976 3 * 3 9 27
6.5 0.992 0.992 0.987 3 * 3 9 27
7.0 0.995 0.995 0.992 3 * 3 9 27
7.5 0.996 0.996 0.993 3 * 3 9 27
8.0 0.998 0.998 0.996 3 * 3 9 27
8.5 0.998 0.998 0.997 3 * 3 9 27
9.0 0.999 0.999 0.998 3 * 3 9 27
9.5 0.999 0.999 0.998 3 * 3 9 27
10.0 0.793 0.749 0.999 4 * 2 7 25 27
0.5 0.000 0.000 0.000 1 * 1
1.0 0.092 0.044 0.011 1 * 2
1.5 0.529 0.238 0.047 1 * 3
2.0 0.709 0.317 0.058 1 * 3
2.5 0.413 0.324 0.147 2 * 2 7
3.0 0.800 0.614 0.241 2 * 3 9
3.5 0.595 0.486 0.267 2 * 2 11
4.0 0.757 0.669 0.584 2 * 3 19
4.5 0.921 0.921 0.868 3 * 3 9 26
5.0 0.962 0.962 0.943 3 * 3 9 27
5.5 0.974 0.974 0.961 3 * 3 9 27
6.0 0.987 0.987 0.981 3 * 3 9 27
6.5 0.991 0.991 0.984 3 * 3 9 27
7.0 0.994 0.994 0.991 3 * 3 9 27
7.5 0.996 0.996 0.993 3 * 3 9 27
8.0 0.997 0.997 0.995 3 * 3 9 27
8.5 0.998 0.998 0.997 3 * 3 9 27
9.0 0.999 0.999 0.998 3 * 3 9 27
9.5 0.861 0.806 0.999 3 * 9 11 27
10.0 1.000 1.000 0.999 3 * 3 9 27
0.5 0.000 0.000 0.000 1 * 1
1.0 0.000 0.000 0.000 1 * 1
1.5 0.561 0.252 0.048 1 * 3
2.0 0.540 0.267 0.065 1 * 4
2.5 0.482 0.378 0.171 2 * 6 8
3.0 0.812 0.624 0.247 2 * 3 9
3.5 0.802 0.683 0.331 3 * 3 9 12
4.0 0.660 0.614 0.537 2 * 4 18
4.5 0.746 0.760 0.863 4 * 2 7 9 26
5.0 0.962 0.962 0.941 3 * 3 9 27
5.5 0.976 0.976 0.965 3 * 3 9 27
6.0 0.986 0.986 0.979 3 * 3 9 27
6.5 0.990 0.990 0.985 3 * 3 9 27
7.0 0.994 0.994 0.991 3 * 3 9 27
7.5 0.996 0.996 0.993 3 * 3 9 27
8.0 0.998 0.998 0.997 3 * 3 9 27
8.5 0.998 0.998 0.997 3 * 3 9 27
9.0 0.999 0.999 0.999 3 * 3 9 27
9.5 0.999 0.999 0.999 3 * 3 9 27
10.0 1.000 1.000 0.999 3 * 3 9 27
0.5 0.000 0.000 0.000 1 * 1
1.0 0.000 0.000 0.000 1 * 1
1.5 0.550 0.249 0.048 1 * 3
2.0 0.417 0.255 0.060 2 * 2 4
2.5 0.614 0.465 0.165 2 * 3 8
3.0 0.810 0.622 0.247 2 * 3 9
3.5 0.805 0.683 0.328 3 * 3 9 12
4.0 0.771 0.669 0.610 2 * 3 20
4.5 0.920 0.920 0.864 3 * 3 9 26
5.0 0.959 0.959 0.940 3 * 3 9 27
5.5 0.978 0.978 0.967 3 * 3 9 27
6.0 0.985 0.985 0.977 3 * 3 9 27
6.5 0.991 0.991 0.986 3 * 3 9 27
7.0 0.994 0.994 0.991 3 * 3 9 27
7.5 0.996 0.996 0.994 3 * 3 9 27
8.0 0.811 0.831 0.996 4 * 2 7 9 27
8.5 0.999 0.999 0.998 3 * 3 9 27
9.0 0.999 0.999 0.998 3 * 3 9 27
9.5 1.000 1.000 0.999 3 * 3 9 27
10.0 0.763 0.907 0.999 4 * 3 5 9 27
0.5 0.000 0.000 0.000 1 * 1
1.0 0.000 0.000 0.000 1 * 1
1.5 0.549 0.247 0.047 1 * 3
2.0 0.503 0.268 0.073 1 * 4
2.5 0.416 0.327 0.150 2 * 2 7
3.0 0.554 0.449 0.238 2 * 2 10
3.5 0.645 0.550 0.348 3 * 6 8 13
4.0 0.624 0.582 0.578 2 * 5 19
4.5 0.921 0.921 0.868 3 * 3 9 26
5.0 0.962 0.962 0.943 3 * 3 9 27
5.5 0.976 0.976 0.963 3 * 3 9 27
6.0 0.985 0.985 0.977 3 * 3 9 27
6.5 0.989 0.989 0.985 3 * 3 9 27
7.0 0.994 0.994 0.991 3 * 3 9 27
7.5 0.996 0.996 0.994 3 * 3 9 27
8.0 0.997 0.997 0.995 3 * 3 9 27
8.5 0.999 0.999 0.998 3 * 3 9 27
9.0 0.749 0.866 0.998 4 * 4 6 9 27
9.5 0.874 0.866 0.999 3 * 6 9 27
10.0 1.000 1.000 0.999 3 * 3 9 27
0.5 0.000 0.000 0.000 1 * 1
1.0 0.000 0.000 0.000 1 * 1
1.5 0.539 0.243 0.048 1 * 3
2.0 0.725 0.324 0.060 1 * 3
2.5 0.568 0.421 0.126 2 * 3 6
3.0 0.797 0.611 0.240 2 * 3 9
3.5 0.668 0.524 0.304 3 * 2 9 11
4.0 0.805 0.805 0.606 3 * 3 9 20
4.5 0.919 0.919 0.865 3 * 3 9 26
5.0 0.960 0.960 0.941 3 * 3 9 27
5.5 0.976 0.976 0.963 3 * 3 9 27
6.0 0.986 0.986 0.978 3 * 3 9 27
6.5 0.990 0.990 0.984 3 * 3 9 27
7.0 0.995 0.995 0.992 3 * 3 9 27
7.5 0.921 0.921 0.948 3 * 5 10 27
8.0 0.998 0.998 0.997 3 * 3 9 27
8.5 0.999 0.999 0.998 3 * 3 9 27
9.0 0.999 0.999 0.998 3 * 3 9 27
9.5 0.999 0.999 0.999 3 * 3 9 27
10.0 1.000 1.000 0.999 3 * 3 9 27
0.5 0.000 0.000 0.000 1 * 1
1.0 0.000 0.000 0.000 1 * 1
1.5 0.539 0.243 0.047 1 * 3
2.0 0.721 0.322 0.060 1 * 3
2.5 0.411 0.324 0.149 2 * 2 7
3.0 0.799 0.613 0.241 2 * 3 9
3.5 0.802 0.677 0.326 3 * 3 9 12
4.0 0.633 0.540 0.586 2 * 11 19
4.5 0.936 0.936 0.905 3 * 3 9 27
5.0 0.962 0.962 0.943 3 * 3 9 27
5.5 0.976 0.976 0.963 3 * 3 9 27
6.0 0.984 0.984 0.976 3 * 3 9 27
6.5 0.992 0.992 0.986 3 * 3 9 27
7.0 0.870 0.862 0.991 3 * 6 9 27
7.5 0.997 0.997 0.995 3 * 3 9 27
8.0 0.997 0.997 0.995 3 * 3 9 27
8.5 0.998 0.998 0.997 3 * 3 9 27
9.0 0.999 0.999 0.998 3 * 3 9 27
9.5 0.999 0.999 0.999 3 * 3 9 27
10.0 1.000 1.000 0.999 3 * 3 9 27
0.5 0.000 0.000 0.000 1 * 1
1.0 0.000 0.000 0.000 1 * 1
1.5 0.544 0.245 0.047 1 * 3
2.0 0.525 0.256 0.061 1 * 4
2.5 0.437 0.344 0.160 2 * 2 8
3.0 0.803 0.615 0.241 2 * 3 9
3.5 0.785 0.689 0.346 3 * 3 9 13
4.0 0.586 0.586 0.611 3 * 13 15 20
4.5 0.917 0.917 0.861 3 * 3 9 26
5.0 0.961 0.961 0.942 3 * 3 9 27
5.5 0.975 0.975 0.963 3 * 3 9 27
6.0 0.986 0.986 0.978 3 * 3 9 27
6.5 0.992 0.992 0.987 3 * 3 9 27
7.0 0.994 0.994 0.991 3 * 3 9 27
7.5 0.996 0.996 0.994 3 * 3 9 27
8.0 0.998 0.998 0.996 3 * 3 9 27
8.5 0.999 0.999 0.997 3 * 3 9 27
9.0 0.999 0.999 0.998 3 * 3 9 27
9.5 0.999 0.999 0.999 3 * 3 9 27
10.0 1.000 1.000 1.000 3 * 3 9 27
0.5 0.000 0.000 0.000 1 * 1
1.0 0.147 0.067 0.016 1 * 2
1.5 0.532 0.240 0.047 1 * 3
2.0 0.729 0.325 0.060 1 * 3
2.5 0.499 0.383 0.151 2 * 5 7
3.0 0.798 0.613 0.242 2 * 3 9
3.5 0.657 0.525 0.315 3 * 2 9 12
4.0 0.682 0.621 0.577 2 * 4 19
4.5 0.921 0.921 0.867 3 * 3 9 26
5.0 0.962 0.962 0.943 3 * 3 9 27
5.5 0.794 0.813 0.966 4 * 2 7 9 27
6.0 0.985 0.985 0.976 3 * 3 9 27
6.5 0.990 0.990 0.985 3 * 3 9 27
7.0 0.994 0.994 0.991 3 * 3 9 27
7.5 0.996 0.996 0.994 3 * 3 9 27
8.0 0.997 0.997 0.996 3 * 3 9 27
8.5 0.998 0.998 0.997 3 * 3 9 27
9.0 0.999 0.999 0.999 3 * 3 9 27
9.5 0.999 0.999 0.999 3 * 3 9 27
10.0 0.999 0.999 0.999 3 * 3 9 27
0.5 0.000 0.000 0.000 1 * 1
1.0 0.000 0.000 0.000 1 * 1
1.5 0.550 0.246 0.047 1 * 3
2.0 0.521 0.262 0.066 1 * 4
2.5 0.637 0.483 0.175 2 * 3 8
3.0 0.552 0.540 0.246 3 * 3 5 9
3.5 0.649 0.533 0.333 3 * 2 9 12
4.0 0.725 0.655 0.533 2 * 3 18
4.5 0.882 0.882 0.864 3 * 3 8 26
5.0 0.734 0.871 0.943 4 * 3 5 9 27
5.5 0.975 0.975 0.963 3 * 3 9 27
6.0 0.985 0.985 0.978 3 * 3 9 27
6.5 0.991 0.991 0.986 3 * 3 9 27
7.0 0.994 0.994 0.991 3 * 3 9 27
7.5 0.996 0.996 0.994 3 * 3 9 27
8.0 0.998 0.998 0.997 3 * 3 9 27
8.5 0.998 0.998 0.997 3 * 3 9 27
9.0 0.999 0.999 0.998 3 * 3 9 27
9.5 0.999 0.999 0.999 3 * 3 9 27
10.0 1.000 1.000 0.999 3 * 3 9 27
0.5 0.000 0.000 0.000 1 * 1
1.0 0.000 0.000 0.000 1 * 1
1.5 0.553 0.250 0.048 1 * 3
2.0 0.518 0.253 0.060 1 * 4
2.5 0.503 0.386 0.152 2 * 5 7
3.0 0.798 0.612 0.241 2 * 3 9
3.5 0.739 0.668 0.383 3 * 3 8 14
4.0 0.633 0.633 0.538 3 * 8 11 18
4.5 0.785 0.738 0.867 3 * 9 11 26
5.0 0.960 0.960 0.940 3 * 3 9 27
5.5 0.976 0.976 0.964 3 * 3 9 27
6.0 0.985 0.985 0.978 3 * 3 9 27
6.5 0.734 0.853 0.985 4 * 6 8 12 27
7.0 0.994 0.994 0.990 3 * 3 9 27
7.5 0.996 0.996 0.993 3 * 3 9 27
8.0 0.997 0.997 0.996 3 * 3 9 27
8.5 0.998 0.998 0.997 3 * 3 9 27
9.0 0.999 0.999 0.999 3 * 3 9 27
9.5 0.999 0.999 0.999 3 * 3 9 27
10.0 1.000 1.000 0.999 3 * 3 9 27
0.5 0.000 0.000 0.000 1 * 1
1.0 0.000 0.000 0.000 1 * 1
1.5 0.527 0.238 0.046 1 * 3
2.0 0.716 0.319 0.059 1 * 3
2.5 0.582 0.436 0.143 2 * 3 7
3.0 0.805 0.618 0.244 2 * 3 9
3.5 0.798 0.665 0.311 3 * 3 9 12
4.0 0.802 0.802 0.582 3 * 3 9 19
4.5 0.920 0.920 0.864 3 * 3 9 26
5.0 0.960 0.960 0.941 3 * 3 9 27
5.5 0.977 0.977 0.964 3 * 3 9 27
6.0 0.986 0.986 0.979 3 * 3 9 27
6.5 0.991 0.991 0.986 3 * 3 9 27
7.0 0.759 0.902 0.990 4 * 3 5 9 27
7.5 0.997 0.997 0.995 3 * 3 9 27
8.0 0.997 0.997 0.996 3 * 3 9 27
8.5 0.998 0.998 0.997 3 * 3 9 27
9.0 0.999 0.999 0.998 3 * 3 9 27
9.5 1.000 1.000 0.999 3 * 3 9 27
10.0 1.000 1.000 0.999 3 * 3 9 27
0.5 0.000 0.000 0.000 1 * 1
1.0 0.000 0.000 0.000 1 * 1
1.5 0.533 0.240 0.046 1 * 3
2.0 0.735 0.329 0.060 1 * 3
2.5 0.489 0.383 0.172 2 * 6 8
3.0 0.760 0.586 0.238 2 * 3 10
3.5 0.806 0.685 0.332 3 * 3 9 12
4.0 0.583 0.571 0.603 2 * 6 20
4.5 0.701 0.831 0.861 4 * 3 5 9 26
5.0 0.736 0.872 0.944 4 * 3 5 9 27
5.5 0.976 0.976 0.964 3 * 3 9 27
6.0 0.984 0.984 0.976 3 * 3 9 27
6.5 0.854 0.799 0.986 3 * 9 11 27
7.0 0.995 0.995 0.991 3 * 3 9 27
7.5 0.997 0.997 0.994 3 * 3 9 27
8.0 0.998 0.998 0.997 3 * 3 9 27
8.5 0.999 0.999 0.997 3 * 3 9 27
9.0 0.999 0.999 0.998 3 * 3 9 27
9.5 0.999 0.999 0.999 3 * 3 9 27
10.0 1.000 1.000 1.000 3 * 3 9 27
0.5 0.000 0.000 0.000 1 * 1
1.0 0.000 0.000 0.000 1 * 1
1.5 0.540 0.244 0.047 1 * 3
2.0 0.527 0.267 0.068 1 * 4
2.5 0.570 0.428 0.145 2 * 3 7
3.0 0.799 0.613 0.242 2 * 3 9
3.5 0.549 0.596 0.363 4 * 2 4 7 13
4.0 0.735 0.735 0.579 3 * 6 11 19
4.5 0.905 0.905 0.825 3 * 3 9 25
5.0 0.961 0.961 0.942 3 * 3 9 27
5.5 0.975 0.975 0.963 3 * 3 9 27
6.0 0.984 0.984 0.975 3 * 3 9 27
6.5 0.992 0.992 0.988 3 * 3 9 27
7.0 0.994 0.994 0.991 3 * 3 9 27
7.5 0.996 0.996 0.994 3 * 3 9 27
8.0 0.997 0.997 0.996 3 * 3 9 27
8.5 0.998 0.998 0.997 3 * 3 9 27
9.0 0.999 0.999 0.998 3 * 3 9 27
9.5 1.000 1.000 0.999 3 * 3 9 27
10.0 1.000 1.000 1.000 3 * 3 9 27
0.5 0.000 0.000 0.000 1 * 1
1.0 0.000 0.000 0.000 1 * 1
1.5 0.544 0.245 0.047 1 * 3
2.0 0.532 0.260 0.063 1 * 4
2.5 0.573 0.429 0.141 2 * 3 7
3.0 0.804 0.617 0.241 2 * 3 9
3.5 0.619 0.525 0.339 2 * 6 12
4.0 0.591 0.683 0.569 4 * 6 8 12 19
4.5 0.935 0.935 0.906 3 * 3 9 27
5.0 0.961 0.961 0.942 3 * 3 9 27
5.5 0.975 0.975 0.964 3 * 3 9 27
6.0 0.802 0.822 0.980 4 * 2 7 9 27
6.5 0.992 0.992 0.987 3 * 3 9 27
7.0 0.994 0.994 0.991 3 * 3 9 27
7.5 0.996 0.996 0.993 3 * 3 9 27
8.0 0.998 0.998 0.997 3 * 3 9 27
8.5 0.999 0.999 0.998 3 * 3 9 27
9.0 0.999 0.999 0.998 3 * 3 9 27
9.5 0.999 0.999 0.999 3 * 3 9 27
10.0 0.999 0.999 0.999 3 * 3 9 27
0.5 0.000 0.000 0.000 1 * 1
1.0 0.158 0.072 0.015 1 * 2
1.5 0.300 0.178 0.039 2 * 2 4
2.0 0.538 0.261 0.061 1 * 4
2.5 0.576 0.432 0.143 2 * 3 7
3.0 0.796 0.611 0.239 2 * 3 9
3.5 0.683 0.555 0.300 2 * 5 11
4.0 0.667 0.667 0.550 3 * 6 9 18
4.5 0.916 0.916 0.862 3 * 3 9 26
5.0 0.961 0.961 0.945 3 * 3 9 27
5.5 0.975 0.975 0.962 3 * 3 9 27
6.0 0.987 0.987 0.979 3 * 3 9 27
6.5 0.991 0.991 0.986 3 * 3 9 27
7.0 0.994 0.994 0.991 3 * 3 9 27
7.5 0.996 0.996 0.994 3 * 3 9 27
8.0 0.998 0.998 0.997 3 * 3 9 27
8.5 0.999 0.999 0.998 3 * 3 9 27
9.0 0.999 0.999 0.998 3 * 3 9 27
9.5 0.999 0.999 0.999 3 * 3 9 27
10.0 1.000 1.000 0.999 3 * 3 9 27
0.5 0.000 0.000 0.000 1 * 1
1.0 0.000 0.000 0.000 1 * 1
1.5 0.533 0.239 0.045 1 * 3
2.0 0.709 0.317 0.059 1 * 3
2.5 0.392 0.311 0.148 2 * 2 7
3.0 0.798 0.613 0.244 2 * 3 9
3.5 0.660 0.545 0.314 2 * 5 12
4.0 0.571 0.571 0.541 3 * 2 10 18
4.5 0.931 0.931 0.898 3 * 3 9 27
5.0 0.723 0.849 0.938 4 * 5 7 11 27
5.5 0.977 0.977 0.965 3 * 3 9 27
6.0 0.985 0.985 0.978 3 * 3 9 27
6.5 0.992 0.992 0.986 3 * 3 9 27
7.0 0.994 0.994 0.991 3 * 3 9 27
7.5 0.997 0.997 0.994 3 * 3 9 27
8.0 0.998 0.998 0.996 3 * 3 9 27
8.5 0.998 0.998 0.997 3 * 3 9 27
9.0 0.999 0.999 0.998 3 * 3 9 27
9.5 0.999 0.999 0.999 3 * 3 9 27
10.0 1.000 1.000 0.999 3 * 3 9 27
0.5 0.000 0.000 0.000 1 * 1
1.0 0.000 0.000 0.000 1 * 1
1.5 0.554 0.249 0.048 1 * 3
2.0 0.707 0.315 0.058 1 * 3
2.5 0.563 0.421 0.137 2 * 3 7
3.0 0.693 0.543 0.245 2 * 5 9
3.5 0.788 0.689 0.350 3 * 3 9 13
4.0 0.540 0.621 0.575 4 * 2 9 11 19
4.5 0.934 0.934 0.901 3 * 3 9 27
5.0 0.958 0.958 0.938 3 * 3 9 27
5.5 0.978 0.978 0.966 3 * 3 9 27
6.0 0.986 0.986 0.978 3 * 3 9 27
6.5 0.991 0.991 0.986 3 * 3 9 27
7.0 0.994 0.994 0.990 3 * 3 9 27
7.5 0.997 0.997 0.995 3 * 3 9 27
8.0 0.998 0.998 0.997 3 * 3 9 27
8.5 0.999 0.999 0.998 3 * 3 9 27
9.0 0.999 0.999 0.998 3 * 3 9 27
9.5 0.999 0.999 0.999 3 * 3 9 27
10.0 0.999 0.999 0.999 3 * 3 9 27
0.5 0.000 0.000 0.000 1 * 1
1.0 0.000 0.000 0.000 1 * 1
1.5 0.554 0.248 0.046 1 * 3
2.0 0.425 0.264 0.065 2 * 2 4
2.5 0.586 0.440 0.148 2 * 3 7
3.0 0.800 0.614 0.241 2 * 3 9
3.5 0.819 0.680 0.313 3 * 3 9 11
4.0 0.759 0.759 0.570 3 * 3 8 19
4.5 0.918 0.918 0.861 3 * 3 9 26
5.0 0.957 0.957 0.937 3 * 3 9 27
5.5 0.975 0.975 0.962 3 * 3 9 27
6.0 0.986 0.986 0.978 3 * 3 9 27
6.5 0.991 0.991 0.986 3 * 3 9 27
7.0 0.994 0.994 0.991 3 * 3 9 27
7.5 0.996 0.996 0.993 3 * 3 9 27
8.0 0.998 0.998 0.997 3 * 3 9 27
8.5 0.999 0.999 0.998 3 * 3 9 27
9.0 0.999 0.999 0.998 3 * 3 9 27
9.5 0.999 0.999 0.999 3 * 3 9 27
10.0 1.000 1.000 0.999 3 * 3 9 27
0.5 0.000 0.000 0.000 1 * 1
1.0 0.096 0.047 0.012 1 * 2
1.5 0.541 0.244 0.047 1 * 3
2.0 0.713 0.318 0.058 1 * 3
2.5 0.627 0.476 0.173 2 * 3 8
3.0 0.805 0.618 0.243 2 * 3 9
3.5 0.653 0.535 0.331 3 * 2 9 12
4.0 0.763 0.763 0.579 3 * 3 8 19
4.5 0.710 0.710 0.831 3 * 2 8 25
5.0 0.960 0.960 0.939 3 * 3 9 27
5.5 0.977 0.977 0.965 3 * 3 9 27
6.0 0.985 0.985 0.978 3 * 3 9 27
6.5 0.992 0.992 0.987 3 * 3 9 27
7.0 0.995 0.995 0.992 3 * 3 9 27
7.5 0.997 0.997 0.994 3 * 3 9 27
8.0 0.998 0.998 0.996 3 * 3 9 27
8.5 0.998 0.998 0.997 3 * 3 9 27
9.0 0.999 0.999 0.999 3 * 3 9 27
9.5 1.000 1.000 0.999 3 * 3 9 27
10.0 1.000 1.000 1.000 3 * 3 9 27
0.5 0.000 0.000 0.000 1 * 1
1.0 0.000 0.000 0.000 1 * 1
1.5 0.545 0.246 0.048 1 * 3
2.0 0.728 0.326 0.060 1 * 3
2.5 0.670 0.512 0.195 2 * 3 9
3.0 0.796 0.612 0.242 2 * 3 9
3.5 0.810 0.686 0.330 3 * 3 9 12
4.0 0.762 0.762 0.577 3 * 3 8 19
4.5 0.934 0.934 0.900 3 * 3 9 27
5.0 0.959 0.959 0.940 3 * 3 9 27
5.5 0.975 0.975 0.962 3 * 3 9 27
6.0 0.985 0.985 0.977 3 * 3 9 27
6.5 0.990 0.990 0.985 3 * 3 9 27
7.0 0.995 0.995 0.991 3 * 3 9 27
7.5 0.997 0.997 0.995 3 * 3 9 27
8.0 0.998 0.998 0.997 3 * 3 9 27
8.5 0.999 0.999 0.998 3 * 3 9 27
9.0 0.999 0.999 0.998 3 * 3 9 27
9.5 1.000 1.000 0.999 3 * 3 9 27
10.0 1.000 1.000 0.999 3 * 3 9 27
0.5 0.000 0.000 0.000 1 * 1
1.0 0.000 0.000 0.000 1 * 1
1.5 0.564 0.253 0.049 1 * 3
2.0 0.530 0.259 0.061 1 * 4
2.5 0.666 0.508 0.190 2 * 3 9
3.0 0.583 0.469 0.240 2 * 2 9
3.5 0.806 0.682 0.328 3 * 3 9 12
4.0 0.733 0.733 0.580 3 * 6 11 19
4.5 0.691 0.820 0.828 4 * 3 5 9 25
5.0 0.960 0.960 0.941 3 * 3 9 27
5.5 0.974 0.974 0.962 3 * 3 9 27
6.0 0.987 0.987 0.979 3 * 3 9 27
6.5 0.991 0.991 0.986 3 * 3 9 27
7.0 0.995 0.995 0.991 3 * 3 9 27
7.5 0.996 0.996 0.994 3 * 3 9 27
8.0 0.998 0.998 0.996 3 * 3 9 27
8.5 0.998 0.998 0.997 3 * 3 9 27
9.0 0.999 0.999 0.998 3 * 3 9 27
9.5 0.999 0.999 0.998 3 * 3 9 27
10.0 0.764 0.907 0.999 4 * 3 5 9 27
0.5 0.000 0.000 0.000 1 * 1
1.0 0.000 0.000 0.000 1 * 1
1.5 0.540 0.242 0.045 1 * 3
2.0 0.534 0.264 0.064 1 * 4
2.5 0.626 0.474 0.172 2 * 3 8
3.0 0.799 0.613 0.242 2 * 3 9
3.5 0.805 0.681 0.325 3 * 3 9 12
4.0 0.646 0.646 0.548 3 * 8 11 18
4.5 0.918 0.918 0.863 3 * 3 9 26
5.0 0.960 0.960 0.940 3 * 3 9 27
5.5 0.713 0.923 0.967 4 * 3 5 11 27
6.0 0.984 0.984 0.975 3 * 3 9 27
6.5 0.991 0.991 0.986 3 * 3 9 27
7.0 0.994 0.994 0.990 3 * 3 9 27
7.5 0.996 0.996 0.994 3 * 3 9 27
8.0 0.998 0.998 0.997 3 * 3 9 27
8.5 0.999 0.999 0.998 3 * 3 9 27
9.0 0.999 0.999 0.999 3 * 3 9 27
9.5 0.999 0.999 0.999 3 * 3 9 27
10.0 1.000 1.000 0.999 3 * 3 9 27
0.5 0.000 0.000 0.000 1 * 1
1.0 0.000 0.000 0.000 1 * 1
1.5 0.554 0.247 0.046 1 * 3
2.0 0.526 0.266 0.067 1 * 4
2.5 0.593 0.445 0.150 2 * 3 7
3.0 0.813 0.624 0.247 2 * 3 9
3.5 0.635 0.540 0.353 3 * 2 9 13
4.0 0.761 0.761 0.570 3 * 3 8 19
4.5 0.885 0.885 0.870 3 * 3 8 26
5.0 0.959 0.959 0.938 3 * 3 9 27
5.5 0.975 0.975 0.963 3 * 3 9 27
6.0 0.985 0.985 0.978 3 * 3 9 27
6.5 0.756 0.898 0.985 4 * 3 5 9 27
7.0 0.994 0.994 0.990 3 * 3 9 27
7.5 0.996 0.996 0.994 3 * 3 9 27
8.0 0.998 0.998 0.996 3 * 3 9 27
8.5 0.999 0.999 0.997 3 * 3 9 27
9.0 0.999 0.999 0.998 3 * 3 9 27
9.5 0.999 0.999 0.999 3 * 3 9 27
10.0 1.000 1.000 0.999 3 * 3 9 27
0.5 0.000 0.000 0.000 1 * 1
1.0 0.000 0.000 0.000 1 * 1
1.5 0.551 0.246 0.046 1 * 3
2.0 0.724 0.323 0.060 1 * 3
2.5 0.632 0.480 0.176 2 * 3 8
3.0 0.589 0.477 0.243 3 * 2 7 9
3.5 0.652 0.535 0.301 2 * 5 12
4.0 0.695 0.695 0.544 3 * 3 16 18
4.5 0.920 0.920 0.865 3 * 3 9 26
5.0 0.800 0.800 0.945 3 * 2 9 27
5.5 0.976 0.976 0.964 3 * 3 9 27
6.0 0.742 0.873 0.977 4 * 5 7 11 27
6.5 0.991 0.991 0.986 3 * 3 9 27
7.0 0.994 0.994 0.991 3 * 3 9 27
7.5 0.997 0.997 0.995 3 * 3 9 27
8.0 0.998 0.998 0.997 3 * 3 9 27
8.5 0.999 0.999 0.997 3 * 3 9 27
9.0 0.999 0.999 0.998 3 * 3 9 27
9.5 0.999 0.999 0.999 3 * 3 9 27
10.0 1.000 1.000 0.999 3 * 3 9 27
0.5 0.000 0.000 0.000 1 * 1
1.0 0.000 0.000 0.000 1 * 1
1.5 0.548 0.247 0.048 1 * 3
2.0 0.724 0.322 0.058 1 * 3
2.5 0.639 0.484 0.175 2 * 3 8
3.0 0.802 0.617 0.245 2 * 3 9
3.5 0.658 0.530 0.323 3 * 2 9 12
4.0 0.798 0.798 0.575 3 * 3 9 19
4.5 0.755 0.772 0.899 4 * 2 7 9 27
5.0 0.732 0.868 0.938 4 * 3 5 9 27
5.5 0.975 0.975 0.963 3 * 3 9 27
6.0 0.894 0.894 0.976 3 * 5 9 27
6.5 0.991 0.991 0.986 3 * 3 9 27
7.0 0.994 0.994 0.991 3 * 3 9 27
7.5 0.996 0.996 0.994 3 * 3 9 27
8.0 0.997 0.997 0.996 3 * 3 9 27
8.5 0.999 0.999 0.998 3 * 3 9 27
9.0 0.999 0.999 0.999 3 * 3 9 27
9.5 1.000 1.000 0.999 3 * 3 9 27
10.0 1.000 1.000 0.999 3 * 3 9 27
0.5 0.000 0.000 0.000 1 * 1
1.0 0.000 0.000 0.000 1 * 1
1.5 0.554 0.250 0.049 1 * 3
2.0 0.537 0.265 0.064 1 * 4
2.5 0.425 0.334 0.153 2 * 2 7
3.0 0.808 0.619 0.243 2 * 3 9
3.5 0.654 0.533 0.326 3 * 2 9 12
4.0 0.793 0.793 0.550 3 * 3 9 18
4.5 0.670 0.670 0.826 3 * 2 7 25
5.0 0.779 0.797 0.941 4 * 2 7 9 27
5.5 0.977 0.977 0.964 3 * 3 9 27
6.0 0.985 0.985 0.978 3 * 3 9 27
6.5 0.991 0.991 0.985 3 * 3 9 27
7.0 0.994 0.994 0.990 3 * 3 9 27
7.5 0.997 0.997 0.995 3 * 3 9 27
8.0 0.998 0.998 0.997 3 * 3 9 27
8.5 0.998 0.998 0.997 3 * 3 9 27
9.0 0.999 0.999 0.998 3 * 3 9 27
9.5 0.999 0.999 0.999 3 * 3 9 27
10.0 0.764 0.907 1.000 4 * 3 5 9 27
0.5 0.000 0.000 0.000 1 * 1
1.0 0.097 0.046 0.011 1 * 2
1.5 0.565 0.255 0.048 1 * 3
2.0 0.536 0.259 0.061 1 * 4
2.5 0.531 0.395 0.125 2 * 3 6
3.0 0.794 0.611 0.244 2 * 3 9
3.5 0.642 0.542 0.357 3 * 2 9 13
4.0 0.559 0.559 0.536 3 * 2 7 18
4.5 0.883 0.883 0.865 3 * 3 8 26
5.0 0.960 0.960 0.940 3 * 3 9 27
5.5 0.977 0.977 0.965 3 * 3 9 27
6.0 0.985 0.985 0.977 3 * 3 9 27
6.5 0.992 0.992 0.987 3 * 3 9 27
7.0 0.994 0.994 0.991 3 * 3 9 27
7.5 0.996 0.996 0.994 3 * 3 9 27
8.0 0.998 0.998 0.996 3 * 3 9 27
8.5 0.832 0.832 0.997 3 * 2 9 27
9.0 0.999 0.999 0.998 3 * 3 9 27
9.5 1.000 1.000 0.999 3 * 3 9 27
10.0 1.000 1.000 1.000 3 * 3 9 27
0.5 0.000 0.000 0.000 1 * 1
1.0 0.000 0.000 0.000 1 * 1
1.5 0.554 0.248 0.046 1 * 3
2.0 0.708 0.317 0.059 1 * 3
2.5 0.624 0.473 0.172 2 * 3 8
3.0 0.605 0.485 0.247 2 * 2 9
3.5 0.783 0.688 0.350 3 * 3 9 13
4.0 0.731 0.731 0.571 3 * 6 11 19
4.5 0.737 0.748 0.832 4 * 2 7 9 25
5.0 0.874 0.874 0.945 3 * 5 9 27
5.5 0.976 0.976 0.963 3 * 3 9 27
6.0 0.985 0.985 0.977 3 * 3 9 27
6.5 0.991 0.991 0.986 3 * 3 9 27
7.0 0.993 0.993 0.989 3 * 3 9 27
7.5 0.996 0.996 0.994 3 * 3 9 27
8.0 0.998 0.998 0.996 3 * 3 9 27
8.5 0.999 0.999 0.998 3 * 3 9 27
9.0 0.999 0.999 0.998 3 * 3 9 27
9.5 1.000 1.000 0.999 3 * 3 9 27
10.0 1.000 1.000 0.999 3 * 3 9 27
0.5 0.000 0.000 0.000 1 * 1
1.0 0.000 0.000 0.000 1 * 1
1.5 0.554 0.250 0.049 1 * 3
2.0 0.526 0.257 0.062 1 * 4
2.5 0.615 0.465 0.165 2 * 3 8
3.0 0.805 0.618 0.244 2 * 3 9
3.5 0.808 0.686 0.334 3 * 3 9 12
4.0 0.697 0.621 0.606 2 * 4 20
4.5 0.916 0.916 0.860 3 * 3 9 26
5.0 0.958 0.958 0.938 3 * 3 9 27
5.5 0.976 0.976 0.964 3 * 3 9 27
6.0 0.985 0.985 0.978 3 * 3 9 27
6.5 0.992 0.992 0.986 3 * 3 9 27
7.0 0.995 0.995 0.991 3 * 3 9 27
7.5 0.996 0.996 0.994 3 * 3 9 27
8.0 0.997 0.997 0.996 3 * 3 9 27
8.5 0.998 0.998 0.998 3 * 3 9 27
9.0 0.999 0.999 0.998 3 * 3 9 27
9.5 1.000 1.000 0.999 3 * 3 9 27
10.0 1.000 1.000 1.000 3 * 3 9 27
0.5 0.000 0.000 0.000 1 * 1
1.0 0.000 0.000 0.000 1 * 1
1.5 0.539 0.242 0.046 1 * 3
2.0 0.715 0.320 0.059 1 * 3
2.5 0.619 0.468 0.165 2 * 3 8
3.0 0.800 0.614 0.241 2 * 3 9
3.5 0.803 0.679 0.322 3 * 3 9 12
4.0 0.741 0.661 0.559 2 * 3 18
4.5 0.885 0.885 0.868 3 * 3 8 26
5.0 0.960 0.960 0.940 3 * 3 9 27
5.5 0.976 0.976 0.964 3 * 3 9 27
6.0 0.985 0.985 0.977 3 * 3 9 27
6.5 0.991 0.991 0.986 3 * 3 9 27
7.0 0.994 0.994 0.991 3 * 3 9 27
7.5 0.996 0.996 0.994 3 * 3 9 27
8.0 0.997 0.997 0.996 3 * 3 9 27
8.5 0.999 0.999 0.998 3 * 3 9 27
9.0 0.999 0.999 0.999 3 * 3 9 27
9.5 1.000 1.000 0.999 3 * 3 9 27
10.0 1.000 1.000 0.999 3 * 3 9 27
0.5 0.000 0.000 0.000 1 * 1
1.0 0.000 0.000 0.000 1 * 1
1.5 0.396 0.192 0.047 1 * 4
2.0 0.527 0.259 0.065 1 * 4
2.5 0.628 0.475 0.169 2 * 3 8
3.0 0.799 0.613 0.242 2 * 3 9
3.5 0.639 0.548 0.356 4 * 2 7 9 13
4.0 0.725 0.725 0.607 3 * 5 9 20
4.5 0.683 0.683 0.864 3 * 2 7 26
5.0 0.961 0.961 0.941 3 * 3 9 27
5.5 0.976 0.976 0.964 3 * 3 9 27
6.0 0.985 0.985 0.977 3 * 3 9 27
6.5 0.991 0.991 0.986 3 * 3 9 27
7.0 0.995 0.995 0.992 3 * 3 9 27
7.5 0.810 0.830 0.995 4 * 2 7 9 27
8.0 0.998 0.998 0.997 3 * 3 9 27
8.5 0.998 0.998 0.998 3 * 3 9 27
9.0 0.999 0.999 0.998 3 * 3 9 27
9.5 0.999 0.999 0.999 3 * 3 9 27
10.0 1.000 1.000 0.999 3 * 3 9 27
0.5 0.000 0.000 0.000 1 * 1
1.0 0.000 0.000 0.000 1 * 1
1.5 0.564 0.254 0.049 1 * 3
2.0 0.723 0.324 0.060 1 * 3
2.5 0.618 0.470 0.176 2 * 3 8
3.0 0.803 0.616 0.243 2 * 3 9
3.5 0.700 0.550 0.349 3 * 7 9 13
4.0 0.750 0.750 0.541 3 * 3 8 18
4.5 0.920 0.920 0.863 3 * 3 9 26
5.0 0.962 0.962 0.943 3 * 3 9 27
5.5 0.979 0.979 0.967 3 * 3 9 27
6.0 0.986 0.986 0.978 3 * 3 9 27
6.5 0.806 0.826 0.986 4 * 2 7 9 27
7.0 0.994 0.994 0.990 3 * 3 9 27
7.5 0.996 0.996 0.993 3 * 3 9 27
8.0 0.997 0.997 0.996 3 * 3 9 27
8.5 0.998 0.998 0.997 3 * 3 9 27
9.0 0.999 0.999 0.998 3 * 3 9 27
9.5 0.999 0.999 0.999 3 * 3 9 27
10.0 1.000 1.000 0.999 3 * 3 9 27
0.5 0.000 0.000 0.000 1 * 1
1.0 0.100 0.049 0.013 1 * 3
1.5 0.549 0.246 0.046 1 * 3
2.0 0.718 0.322 0.060 1 * 3
2.5 0.603 0.452 0.152 2 * 3 7
3.0 0.642 0.510 0.247 2 * 6 9
3.5 0.802 0.685 0.332 3 * 3 9 12
4.0 0.750 0.740 0.510 3 * 3 8 17
4.5 0.916 0.916 0.862 3 * 3 9 26
5.0 0.736 0.873 0.944 4 * 3 5 9 27
5.5 0.975 0.975 0.962 3 * 3 9 27
6.0 0.985 0.985 0.977 3 * 3 9 27
6.5 0.989 0.989 0.984 3 * 3 9 27
7.0 0.994 0.994 0.990 3 * 3 9 27
7.5 0.996 0.996 0.994 3 * 3 9 27
8.0 0.998 0.998 0.996 3 * 3 9 27
8.5 0.998 0.998 0.997 3 * 3 9 27
9.0 0.999 0.999 0.999 3 * 3 9 27
9.5 0.999 0.999 0.998 3 * 3 9 27
10.0 0.999 0.999 0.999 3 * 3 9 27
