0.5 0.020 0.020 0.016 3 * 0.013 0.010 0.016
1.0 0.037 0.034 0.020 3 * 0.026 0.019 0.020
1.5 0.123 0.098 0.037 3 * 0.180 0.078 0.037
2.0 0.194 0.183 0.063 3 * 0.333 0.153 0.063
2.5 0.351 0.307 0.141 3 * 0.403 0.377 0.141
3.0 0.521 0.498 0.244 3 * 0.660 0.591 0.244
3.5 0.718 0.718 0.553 3 * 0.823 0.778 0.553
4.0 0.883 0.883 0.816 3 * 0.932 0.902 0.816
4.5 0.933 0.933 0.903 3 * 0.957 0.938 0.903
5.0 0.960 0.960 0.940 3 * 0.975 0.965 0.940
5.5 0.977 0.977 0.966 3 * 0.987 0.979 0.966
6.0 0.984 0.984 0.977 3 * 0.990 0.986 0.977
6.5 0.991 0.991 0.986 3 * 0.994 0.992 0.986
7.0 0.994 0.994 0.990 3 * 0.997 0.995 0.990
7.5 0.996 0.996 0.994 3 * 0.998 0.997 0.994
8.0 0.998 0.998 0.996 3 * 0.999 0.998 0.996
8.5 0.999 0.999 0.998 3 * 0.999 0.999 0.998
9.0 0.999 0.999 0.999 3 * 1.000 1.000 0.999
9.5 0.999 0.999 0.999 3 * 1.000 0.999 0.999
10.0 1.000 1.000 0.999 3 * 1.000 1.000 0.999
0.5 0.022 0.024 0.014 3 * 0.005 0.010 0.014
1.0 0.034 0.030 0.021 3 * 0.035 0.023 0.021
1.5 0.073 0.059 0.037 3 * 0.080 0.049 0.037
2.0 0.202 0.186 0.069 3 * 0.328 0.160 0.069
2.5 0.302 0.258 0.157 3 * 0.223 0.393 0.157
3.0 0.537 0.537 0.315 3 * 0.682 0.614 0.315
3.5 0.729 0.729 0.571 3 * 0.832 0.783 0.571
4.0 0.872 0.872 0.793 3 * 0.927 0.894 0.793
4.5 0.935 0.935 0.902 3 * 0.961 0.941 0.902
5.0 0.960 0.960 0.941 3 * 0.975 0.964 0.941
5.5 0.975 0.975 0.963 3 * 0.985 0.978 0.963
6.0 0.986 0.986 0.978 3 * 0.993 0.987 0.978
6.5 0.991 0.991 0.986 3 * 0.995 0.992 0.986
7.0 0.995 0.995 0.992 3 * 0.997 0.995 0.992
7.5 0.996 0.996 0.994 3 * 0.998 0.997 0.994
8.0 0.998 0.998 0.996 3 * 0.999 0.998 0.996
8.5 0.999 0.999 0.998 3 * 1.000 0.999 0.998
9.0 0.999 0.999 0.998 3 * 0.999 0.999 0.998
9.5 0.999 0.999 0.999 3 * 1.000 1.000 0.999
10.0 0.999 0.999 0.999 3 * 1.000 0.999 0.999
0.5 0.023 0.024 0.015 3 * 0.006 0.010 0.015
1.0 0.045 0.038 0.021 3 * 0.045 0.023 0.021
1.5 0.089 0.081 0.038 3 * 0.148 0.056 0.038
2.0 0.149 0.159 0.080 3 * 0.079 0.149 0.080
2.5 0.301 0.255 0.146 3 * 0.243 0.375 0.146
3.0 0.491 0.472 0.260 3 * 0.611 0.546 0.260
3.5 0.721 0.721 0.547 3 * 0.832 0.784 0.547
4.0 0.876 0.876 0.804 3 * 0.928 0.896 0.804
4.5 0.936 0.936 0.902 3 * 0.962 0.943 0.902
5.0 0.959 0.959 0.939 3 * 0.974 0.963 0.939
5.5 0.975 0.975 0.965 3 * 0.984 0.978 0.965
6.0 0.984 0.984 0.976 3 * 0.990 0.985 0.976
6.5 0.991 0.991 0.987 3 * 0.994 0.992 0.987
7.0 0.993 0.993 0.990 3 * 0.996 0.994 0.990
7.5 0.997 0.997 0.995 3 * 0.998 0.998 0.995
8.0 0.998 0.998 0.996 3 * 0.999 0.998 0.996
8.5 0.999 0.999 0.998 3 * 1.000 0.999 0.998
9.0 0.999 0.999 0.998 3 * 1.000 0.999 0.998
9.5 0.999 0.999 0.999 3 * 1.000 0.999 0.999
10.0 1.000 1.000 0.999 3 * 1.000 1.000 0.999
0.5 0.019 0.021 0.016 3 * 0.008 0.013 0.016
1.0 0.035 0.030 0.020 3 * 0.036 0.020 0.020
1.5 0.056 0.047 0.036 3 * 0.058 0.045 0.036
2.0 0.140 0.128 0.073 3 * 0.160 0.151 0.073
2.5 0.292 0.252 0.150 3 * 0.229 0.378 0.150
3.0 0.511 0.503 0.288 3 * 0.640 0.583 0.288
3.5 0.739 0.739 0.586 3 * 0.840 0.791 0.586
4.0 0.873 0.873 0.799 3 * 0.925 0.894 0.799
4.5 0.930 0.930 0.897 3 * 0.956 0.936 0.897
5.0 0.960 0.960 0.941 3 * 0.975 0.964 0.941
5.5 0.977 0.977 0.965 3 * 0.987 0.980 0.965
6.0 0.986 0.986 0.978 3 * 0.992 0.987 0.978
6.5 0.991 0.991 0.986 3 * 0.995 0.992 0.986
7.0 0.994 0.994 0.991 3 * 0.997 0.995 0.991
7.5 0.997 0.997 0.994 3 * 0.998 0.997 0.994
8.0 0.998 0.998 0.997 3 * 0.999 0.998 0.997
8.5 0.998 0.998 0.997 3 * 0.999 0.999 0.997
9.0 0.999 0.999 0.999 3 * 1.000 0.999 0.999
9.5 1.000 1.000 0.999 3 * 1.000 1.000 0.999
10.0 1.000 1.000 0.999 3 * 1.000 1.000 0.999
0.5 0.024 0.024 0.015 3 * 0.011 0.009 0.015
1.0 0.026 0.024 0.019 3 * 0.024 0.017 0.019
1.5 0.094 0.079 0.034 3 * 0.144 0.058 0.034
2.0 0.201 0.181 0.078 3 * 0.306 0.158 0.078
2.5 0.368 0.325 0.134 3 * 0.475 0.365 0.134
3.0 0.382 0.375 0.281 3 * 0.237 0.606 0.281
3.5 0.735 0.735 0.572 3 * 0.841 0.790 0.572
4.0 0.870 0.870 0.792 3 * 0.925 0.894 0.792
4.5 0.929 0.929 0.894 3 * 0.955 0.938 0.894
5.0 0.960 0.960 0.943 3 * 0.974 0.963 0.943
5.5 0.977 0.977 0.965 3 * 0.986 0.979 0.965
6.0 0.985 0.985 0.978 3 * 0.991 0.986 0.978
6.5 0.990 0.990 0.985 3 * 0.994 0.991 0.985
7.0 0.995 0.995 0.992 3 * 0.997 0.995 0.992
7.5 0.996 0.996 0.994 3 * 0.998 0.997 0.994
8.0 0.998 0.998 0.997 3 * 0.999 0.998 0.997
8.5 0.999 0.999 0.998 3 * 1.000 0.999 0.998
9.0 0.999 0.999 0.999 3 * 1.000 0.999 0.999
9.5 0.999 0.999 0.999 3 * 1.000 0.999 0.999
10.0 1.000 1.000 0.999 3 * 1.000 1.000 0.999
0.5 0.032 0.034 0.015 3 * 0.003 0.009 0.015
1.0 0.034 0.030 0.021 3 * 0.031 0.019 0.021
1.5 0.072 0.065 0.033 3 * 0.066 0.052 0.033
2.0 0.163 0.155 0.073 3 * 0.257 0.136 0.073
2.5 0.375 0.332 0.147 3 * 0.448 0.401 0.147
3.0 0.368 0.352 0.264 3 * 0.220 0.571 0.264
3.5 0.743 0.743 0.590 3 * 0.844 0.794 0.590
4.0 0.879 0.879 0.808 3 * 0.931 0.898 0.808
4.5 0.928 0.928 0.892 3 * 0.955 0.936 0.892
5.0 0.961 0.961 0.943 3 * 0.976 0.964 0.943
5.5 0.977 0.977 0.966 3 * 0.987 0.979 0.966
6.0 0.985 0.985 0.978 3 * 0.991 0.987 0.978
6.5 0.991 0.991 0.985 3 * 0.995 0.991 0.985
7.0 0.994 0.994 0.992 3 * 0.997 0.995 0.992
7.5 0.997 0.997 0.995 3 * 0.998 0.997 0.995
8.0 0.998 0.998 0.996 3 * 0.999 0.998 0.996
8.5 0.999 0.999 0.998 3 * 1.000 0.999 0.998
9.0 0.999 0.999 0.999 3 * 1.000 0.999 0.999
9.5 1.000 1.000 0.999 3 * 1.000 1.000 0.999
10.0 1.000 1.000 0.999 3 * 1.000 1.000 0.999
0.5 0.015 0.016 0.014 3 * 0.008 0.012 0.014
1.0 0.051 0.044 0.020 3 * 0.047 0.026 0.020
1.5 0.093 0.076 0.040 3 * 0.128 0.060 0.040
2.0 0.195 0.156 0.066 3 * 0.271 0.130 0.066
2.5 0.386 0.345 0.157 3 * 0.488 0.390 0.157
3.0 0.504 0.481 0.252 3 * 0.625 0.568 0.252
3.5 0.747 0.747 0.587 3 * 0.853 0.800 0.587
4.0 0.876 0.876 0.800 3 * 0.931 0.898 0.800
4.5 0.931 0.931 0.898 3 * 0.956 0.938 0.898
5.0 0.960 0.960 0.941 3 * 0.976 0.964 0.941
5.5 0.976 0.976 0.966 3 * 0.985 0.979 0.966
6.0 0.986 0.986 0.979 3 * 0.992 0.988 0.979
6.5 0.990 0.990 0.984 3 * 0.993 0.991 0.984
7.0 0.995 0.995 0.991 3 * 0.997 0.996 0.991
7.5 0.996 0.996 0.994 3 * 0.998 0.997 0.994
8.0 0.998 0.998 0.997 3 * 0.999 0.998 0.997
8.5 0.999 0.999 0.997 3 * 0.999 0.999 0.997
9.0 0.999 0.999 0.998 3 * 1.000 0.999 0.998
9.5 0.999 0.999 0.999 3 * 0.999 0.999 0.999
10.0 1.000 1.000 0.999 3 * 1.000 1.000 0.999
0.5 0.031 0.033 0.015 3 * 0.005 0.010 0.015
1.0 0.044 0.037 0.022 3 * 0.043 0.022 0.022
1.5 0.088 0.068 0.035 3 * 0.100 0.051 0.035
2.0 0.147 0.143 0.075 3 * 0.129 0.146 0.075
2.5 0.378 0.335 0.159 3 * 0.432 0.415 0.159
3.0 0.526 0.521 0.298 3 * 0.673 0.592 0.298
3.5 0.724 0.724 0.562 3 * 0.834 0.778 0.562
4.0 0.876 0.876 0.807 3 * 0.926 0.897 0.807
4.5 0.931 0.931 0.900 3 * 0.956 0.938 0.900
5.0 0.961 0.961 0.942 3 * 0.974 0.965 0.942
5.5 0.975 0.975 0.964 3 * 0.985 0.978 0.964
6.0 0.985 0.985 0.977 3 * 0.992 0.987 0.977
6.5 0.991 0.991 0.987 3 * 0.995 0.993 0.987
7.0 0.995 0.995 0.992 3 * 0.997 0.995 0.992
7.5 0.996 0.996 0.994 3 * 0.998 0.997 0.994
8.0 0.998 0.998 0.996 3 * 0.999 0.998 0.996
8.5 0.999 0.999 0.998 3 * 0.999 0.999 0.998
9.0 0.999 0.999 0.999 3 * 1.000 0.999 0.999
9.5 0.999 0.999 0.999 3 * 1.000 0.999 0.999
10.0 1.000 1.000 0.999 3 * 1.000 1.000 0.999
0.5 0.026 0.024 0.014 3 * 0.014 0.010 0.014
1.0 0.029 0.032 0.022 3 * 0.016 0.022 0.022
1.5 0.098 0.078 0.034 3 * 0.145 0.055 0.034
2.0 0.148 0.132 0.074 3 * 0.162 0.160 0.074
2.5 0.359 0.319 0.144 3 * 0.431 0.382 0.144
3.0 0.514 0.501 0.267 3 * 0.654 0.583 0.267
3.5 0.755 0.755 0.605 3 * 0.856 0.804 0.605
4.0 0.879 0.879 0.805 3 * 0.932 0.901 0.805
4.5 0.932 0.932 0.900 3 * 0.957 0.939 0.900
5.0 0.960 0.960 0.943 3 * 0.973 0.963 0.943
5.5 0.976 0.976 0.963 3 * 0.985 0.979 0.963
6.0 0.984 0.984 0.977 3 * 0.990 0.985 0.977
6.5 0.992 0.992 0.987 3 * 0.996 0.993 0.987
7.0 0.994 0.994 0.991 3 * 0.996 0.995 0.991
7.5 0.996 0.996 0.994 3 * 0.998 0.996 0.994
8.0 0.998 0.998 0.997 3 * 0.999 0.999 0.997
8.5 0.998 0.998 0.997 3 * 0.999 0.999 0.997
9.0 0.999 0.999 0.998 3 * 1.000 0.999 0.998
9.5 0.999 0.999 0.999 3 * 1.000 0.999 0.999
10.0 1.000 1.000 1.000 3 * 1.000 1.000 1.000
0.5 0.029 0.026 0.016 3 * 0.022 0.013 0.016
1.0 0.025 0.027 0.019 3 * 0.012 0.018 0.019
1.5 0.071 0.063 0.038 3 * 0.094 0.057 0.038
2.0 0.162 0.140 0.074 3 * 0.221 0.126 0.074
2.5 0.266 0.228 0.139 3 * 0.164 0.377 0.139
3.0 0.522 0.514 0.288 3 * 0.663 0.590 0.288
3.5 0.730 0.730 0.571 3 * 0.835 0.783 0.571
4.0 0.872 0.872 0.797 3 * 0.926 0.895 0.797
4.5 0.932 0.932 0.897 3 * 0.958 0.941 0.897
5.0 0.962 0.962 0.943 3 * 0.976 0.966 0.943
5.5 0.974 0.974 0.962 3 * 0.983 0.977 0.962
6.0 0.984 0.984 0.976 3 * 0.990 0.986 0.976
6.5 0.991 0.991 0.987 3 * 0.995 0.992 0.987
7.0 0.994 0.994 0.991 3 * 0.997 0.995 0.991
7.5 0.996 0.996 0.994 3 * 0.998 0.997 0.994
8.0 0.997 0.997 0.996 3 * 0.999 0.998 0.996
8.5 0.999 0.999 0.998 3 * 0.999 0.999 0.998
9.0 0.999 0.999 0.998 3 * 1.000 0.999 0.998
9.5 0.999 0.999 0.999 3 * 1.000 1.000 0.999
10.0 1.000 1.000 1.000 3 * 1.000 1.000 1.000
0.5 0.023 0.024 0.015 3 * 0.010 0.013 0.015
1.0 0.030 0.035 0.022 3 * 0.008 0.022 0.022
1.5 0.072 0.057 0.037 3 * 0.076 0.046 0.037
2.0 0.178 0.149 0.065 3 * 0.264 0.119 0.065
2.5 0.342 0.307 0.148 3 * 0.403 0.369 0.148
3.0 0.486 0.482 0.300 3 * 0.552 0.595 0.300
3.5 0.702 0.702 0.531 3 * 0.812 0.763 0.531
4.0 0.865 0.865 0.785 3 * 0.925 0.886 0.785
4.5 0.934 0.934 0.903 3 * 0.958 0.941 0.903
5.0 0.960 0.960 0.941 3 * 0.976 0.964 0.941
5.5 0.975 0.975 0.961 3 * 0.985 0.978 0.961
6.0 0.985 0.985 0.978 3 * 0.991 0.987 0.978
6.5 0.974 0.974 0.936 3 * 0.995 0.992 0.936
7.0 0.994 0.994 0.990 3 * 0.996 0.994 0.990
7.5 0.996 0.996 0.994 3 * 0.998 0.996 0.994
8.0 0.997 0.997 0.996 3 * 0.999 0.998 0.996
8.5 0.998 0.998 0.997 3 * 0.999 0.998 0.997
9.0 0.999 0.999 0.998 3 * 0.999 0.999 0.998
9.5 0.999 0.999 0.999 3 * 1.000 1.000 0.999
10.0 1.000 1.000 0.999 3 * 1.000 1.000 0.999
0.5 0.024 0.024 0.015 3 * 0.011 0.012 0.015
1.0 0.037 0.031 0.020 3 * 0.043 0.024 0.020
1.5 0.099 0.083 0.034 3 * 0.160 0.055 0.034
2.0 0.159 0.148 0.070 3 * 0.228 0.146 0.070
2.5 0.376 0.333 0.143 3 * 0.478 0.377 0.143
3.0 0.522 0.498 0.261 3 * 0.660 0.574 0.261
3.5 0.724 0.724 0.551 3 * 0.838 0.781 0.551
4.0 0.851 0.851 0.757 3 * 0.914 0.883 0.757
4.5 0.934 0.934 0.902 3 * 0.959 0.942 0.902
5.0 0.959 0.959 0.940 3 * 0.975 0.964 0.940
5.5 0.975 0.975 0.962 3 * 0.984 0.977 0.962
6.0 0.985 0.985 0.977 3 * 0.992 0.987 0.977
6.5 0.991 0.991 0.986 3 * 0.995 0.993 0.986
7.0 0.995 0.995 0.992 3 * 0.997 0.995 0.992
7.5 0.996 0.996 0.994 3 * 0.998 0.997 0.994
8.0 0.998 0.998 0.996 3 * 0.999 0.998 0.996
8.5 0.999 0.999 0.997 3 * 1.000 0.999 0.997
9.0 0.999 0.999 0.998 3 * 0.999 0.999 0.998
9.5 0.999 0.999 0.999 3 * 1.000 1.000 0.999
10.0 1.000 1.000 0.999 3 * 1.000 1.000 0.999
0.5 0.019 0.020 0.016 3 * 0.008 0.011 0.016
1.0 0.040 0.040 0.020 3 * 0.019 0.019 0.020
1.5 0.069 0.057 0.034 3 * 0.098 0.034 0.034
2.0 0.178 0.167 0.075 3 * 0.275 0.152 0.075
2.5 0.301 0.257 0.144 3 * 0.245 0.382 0.144
3.0 0.387 0.387 0.311 3 * 0.235 0.614 0.311
3.5 0.728 0.728 0.557 3 * 0.841 0.785 0.557
4.0 0.874 0.874 0.802 3 * 0.927 0.893 0.802
4.5 0.931 0.931 0.896 3 * 0.956 0.940 0.896
5.0 0.961 0.961 0.942 3 * 0.977 0.965 0.942
5.5 0.976 0.976 0.964 3 * 0.985 0.978 0.964
6.0 0.984 0.984 0.977 3 * 0.991 0.986 0.977
6.5 0.991 0.991 0.986 3 * 0.996 0.993 0.986
7.0 0.994 0.994 0.991 3 * 0.997 0.995 0.991
7.5 0.996 0.996 0.994 3 * 0.998 0.997 0.994
8.0 0.997 0.997 0.995 3 * 0.998 0.997 0.995
8.5 0.999 0.999 0.998 3 * 0.999 0.999 0.998
9.0 0.999 0.999 0.998 3 * 0.999 0.999 0.998
9.5 1.000 1.000 0.999 3 * 1.000 1.000 0.999
10.0 1.000 1.000 0.999 3 * 1.000 1.000 0.999
0.5 0.023 0.024 0.015 3 * 0.009 0.012 0.015
1.0 0.028 0.031 0.022 3 * 0.015 0.025 0.022
1.5 0.064 0.056 0.039 3 * 0.064 0.046 0.039
2.0 0.146 0.133 0.069 3 * 0.132 0.125 0.069
2.5 0.335 0.294 0.164 3 * 0.321 0.396 0.164
3.0 0.374 0.362 0.281 3 * 0.218 0.586 0.281
3.5 0.688 0.688 0.498 3 * 0.808 0.757 0.498
4.0 0.873 0.873 0.797 3 * 0.928 0.892 0.797
4.5 0.931 0.931 0.893 3 * 0.959 0.941 0.893
5.0 0.958 0.958 0.939 3 * 0.975 0.960 0.939
5.5 0.976 0.976 0.966 3 * 0.984 0.978 0.966
6.0 0.985 0.985 0.977 3 * 0.991 0.987 0.977
6.5 0.991 0.991 0.985 3 * 0.994 0.992 0.985
7.0 0.994 0.994 0.990 3 * 0.997 0.995 0.990
7.5 0.997 0.997 0.995 3 * 0.998 0.997 0.995
8.0 0.997 0.997 0.996 3 * 0.999 0.998 0.996
8.5 0.999 0.999 0.998 3 * 1.000 0.999 0.998
9.0 0.999 0.999 0.998 3 * 0.999 0.999 0.998
9.5 0.999 0.999 0.999 3 * 1.000 1.000 0.999
10.0 1.000 1.000 0.999 3 * 1.000 1.000 0.999
0.5 0.020 0.020 0.014 3 * 0.013 0.012 0.014
1.0 0.046 0.036 0.019 3 * 0.052 0.023 0.019
1.5 0.101 0.082 0.035 3 * 0.147 0.062 0.035
2.0 0.199 0.187 0.071 3 * 0.338 0.152 0.071
2.5 0.336 0.290 0.154 3 * 0.321 0.397 0.154
3.0 0.540 0.540 0.303 3 * 0.700 0.616 0.303
3.5 0.774 0.774 0.627 3 * 0.873 0.822 0.627
4.0 0.873 0.873 0.799 3 * 0.926 0.894 0.799
4.5 0.929 0.929 0.896 3 * 0.955 0.936 0.896
5.0 0.960 0.960 0.942 3 * 0.975 0.963 0.942
5.5 0.976 0.976 0.964 3 * 0.985 0.978 0.964
6.0 0.986 0.986 0.979 3 * 0.991 0.988 0.979
6.5 0.991 0.991 0.986 3 * 0.995 0.992 0.986
7.0 0.963 0.963 0.939 3 * 0.997 0.953 0.939
7.5 0.996 0.996 0.994 3 * 0.998 0.997 0.994
8.0 0.998 0.998 0.996 3 * 0.999 0.998 0.996
8.5 0.998 0.998 0.997 3 * 0.999 0.999 0.997
9.0 0.999 0.999 0.998 3 * 0.999 0.999 0.998
9.5 1.000 1.000 0.999 3 * 1.000 1.000 0.999
10.0 1.000 1.000 0.999 3 * 1.000 1.000 0.999
0.5 0.029 0.031 0.016 3 * 0.004 0.011 0.016
1.0 0.029 0.030 0.019 3 * 0.018 0.020 0.019
1.5 0.069 0.063 0.035 3 * 0.068 0.060 0.035
2.0 0.130 0.137 0.073 3 * 0.088 0.175 0.073
2.5 0.309 0.270 0.153 3 * 0.264 0.393 0.153
3.0 0.526 0.522 0.300 3 * 0.666 0.601 0.300
3.5 0.701 0.701 0.526 3 * 0.810 0.765 0.526
4.0 0.874 0.874 0.798 3 * 0.929 0.895 0.798
4.5 0.933 0.933 0.900 3 * 0.958 0.939 0.900
5.0 0.957 0.957 0.937 3 * 0.974 0.962 0.937
5.5 0.975 0.975 0.963 3 * 0.985 0.977 0.963
6.0 0.986 0.986 0.978 3 * 0.992 0.988 0.978
6.5 0.992 0.992 0.988 3 * 0.995 0.993 0.988
7.0 0.994 0.994 0.991 3 * 0.996 0.995 0.991
7.5 0.996 0.996 0.994 3 * 0.998 0.997 0.994
8.0 0.998 0.998 0.997 3 * 0.999 0.999 0.997
8.5 0.999 0.999 0.998 3 * 0.999 0.999 0.998
9.0 0.999 0.999 0.998 3 * 1.000 0.999 0.998
9.5 1.000 1.000 0.999 3 * 1.000 1.000 0.999
10.0 1.000 1.000 0.999 3 * 1.000 1.000 0.999
0.5 0.027 0.029 0.016 3 * 0.007 0.012 0.016
1.0 0.053 0.051 0.025 3 * 0.035 0.028 0.025
1.5 0.068 0.057 0.036 3 * 0.071 0.046 0.036
2.0 0.127 0.123 0.071 3 * 0.108 0.162 0.071
2.5 0.323 0.287 0.147 3 * 0.327 0.386 0.147
3.0 0.458 0.458 0.307 3 * 0.452 0.614 0.307
3.5 0.727 0.727 0.557 3 * 0.839 0.784 0.557
4.0 0.875 0.875 0.805 3 * 0.925 0.895 0.805
4.5 0.930 0.930 0.896 3 * 0.956 0.937 0.896
5.0 0.961 0.961 0.943 3 * 0.975 0.964 0.943
5.5 0.977 0.977 0.966 3 * 0.986 0.979 0.966
6.0 0.986 0.986 0.977 3 * 0.992 0.988 0.977
6.5 0.991 0.991 0.986 3 * 0.995 0.992 0.986
7.0 0.994 0.994 0.991 3 * 0.996 0.994 0.991
7.5 0.996 0.996 0.993 3 * 0.998 0.996 0.993
8.0 0.998 0.998 0.997 3 * 0.999 0.999 0.997
8.5 0.999 0.999 0.998 3 * 1.000 0.999 0.998
9.0 0.999 0.999 0.998 3 * 1.000 0.999 0.998
9.5 0.999 0.999 0.999 3 * 1.000 0.999 0.999
10.0 1.000 1.000 0.999 3 * 1.000 1.000 0.999
0.5 0.023 0.025 0.014 3 * 0.006 0.011 0.014
1.0 0.042 0.041 0.021 3 * 0.022 0.019 0.021
1.5 0.075 0.059 0.034 3 * 0.079 0.045 0.034
2.0 0.130 0.123 0.073 3 * 0.122 0.158 0.073
2.5 0.257 0.240 0.151 3 * 0.102 0.394 0.151
3.0 0.384 0.384 0.307 3 * 0.232 0.613 0.307
3.5 0.750 0.750 0.594 3 * 0.853 0.804 0.594
4.0 0.874 0.874 0.797 3 * 0.929 0.895 0.797
4.5 0.935 0.935 0.904 3 * 0.960 0.942 0.904
5.0 0.960 0.960 0.941 3 * 0.975 0.964 0.941
5.5 0.976 0.976 0.963 3 * 0.986 0.978 0.963
6.0 0.985 0.985 0.977 3 * 0.991 0.987 0.977
6.5 0.991 0.991 0.985 3 * 0.995 0.992 0.985
7.0 0.995 0.995 0.992 3 * 0.998 0.996 0.992
7.5 0.997 0.997 0.995 3 * 0.998 0.998 0.995
8.0 0.998 0.998 0.996 3 * 0.999 0.998 0.996
8.5 0.999 0.999 0.998 3 * 0.999 0.999 0.998
9.0 0.999 0.999 0.999 3 * 1.000 0.999 0.999
9.5 0.999 0.999 0.999 3 * 1.000 0.999 0.999
10.0 1.000 1.000 0.999 3 * 1.000 1.000 0.999
0.5 0.031 0.030 0.016 3 * 0.014 0.011 0.016
1.0 0.028 0.028 0.022 3 * 0.021 0.021 0.022
1.5 0.079 0.081 0.038 3 * 0.048 0.062 0.038
2.0 0.151 0.128 0.068 3 * 0.167 0.147 0.068
2.5 0.327 0.289 0.150 3 * 0.336 0.379 0.150
3.0 0.438 0.420 0.274 3 * 0.423 0.563 0.274
3.5 0.708 0.708 0.532 3 * 0.820 0.772 0.532
4.0 0.874 0.874 0.804 3 * 0.926 0.891 0.804
4.5 0.931 0.931 0.893 3 * 0.959 0.940 0.893
5.0 0.957 0.957 0.938 3 * 0.972 0.962 0.938
5.5 0.976 0.976 0.964 3 * 0.985 0.979 0.964
6.0 0.985 0.985 0.978 3 * 0.991 0.987 0.978
6.5 0.991 0.991 0.985 3 * 0.995 0.992 0.985
7.0 0.995 0.995 0.991 3 * 0.998 0.996 0.991
7.5 0.996 0.996 0.994 3 * 0.998 0.997 0.994
8.0 0.998 0.998 0.997 3 * 0.999 0.999 0.997
8.5 0.998 0.998 0.997 3 * 0.999 0.999 0.997
9.0 0.999 0.999 0.998 3 * 1.000 0.999 0.998
9.5 1.000 1.000 0.999 3 * 1.000 1.000 0.999
10.0 1.000 1.000 0.999 3 * 1.000 1.000 0.999
0.5 0.022 0.025 0.015 3 * 0.005 0.013 0.015
1.0 0.028 0.030 0.021 3 * 0.012 0.019 0.021
1.5 0.080 0.066 0.039 3 * 0.092 0.058 0.039
2.0 0.116 0.107 0.065 3 * 0.107 0.122 0.065
2.5 0.273 0.239 0.142 3 * 0.186 0.383 0.142
3.0 0.556 0.556 0.327 3 * 0.707 0.635 0.327
3.5 0.744 0.744 0.589 3 * 0.849 0.794 0.589
4.0 0.884 0.884 0.817 3 * 0.932 0.904 0.817
4.5 0.937 0.937 0.907 3 * 0.962 0.944 0.907
5.0 0.961 0.961 0.942 3 * 0.976 0.966 0.942
5.5 0.975 0.975 0.964 3 * 0.985 0.978 0.964
6.0 0.986 0.986 0.978 3 * 0.992 0.987 0.978
6.5 0.992 0.992 0.988 3 * 0.996 0.993 0.988
7.0 0.994 0.994 0.991 3 * 0.996 0.994 0.991
7.5 0.996 0.996 0.995 3 * 0.998 0.997 0.995
8.0 0.998 0.998 0.996 3 * 0.999 0.998 0.996
8.5 0.998 0.998 0.997 3 * 0.999 0.998 0.997
9.0 0.999 0.999 0.999 3 * 0.999 0.999 0.999
9.5 0.999 0.999 0.999 3 * 1.000 0.999 0.999
10.0 1.000 1.000 0.999 3 * 1.000 1.000 0.999
0.5 0.022 0.024 0.015 3 * 0.004 0.009 0.015
1.0 0.032 0.034 0.021 3 * 0.015 0.023 0.021
1.5 0.074 0.064 0.036 3 * 0.079 0.055 0.036
2.0 0.195 0.184 0.080 3 * 0.309 0.163 0.080
2.5 0.348 0.300 0.139 3 * 0.398 0.362 0.139
3.0 0.403 0.384 0.271 3 * 0.318 0.564 0.271
3.5 0.765 0.765 0.610 3 * 0.871 0.815 0.610
4.0 0.870 0.870 0.798 3 * 0.922 0.890 0.798
4.5 0.933 0.933 0.901 3 * 0.958 0.941 0.901
5.0 0.958 0.958 0.937 3 * 0.974 0.963 0.937
5.5 0.975 0.975 0.964 3 * 0.985 0.977 0.964
6.0 0.984 0.984 0.975 3 * 0.990 0.985 0.975
6.5 0.992 0.992 0.987 3 * 0.997 0.993 0.987
7.0 0.994 0.994 0.991 3 * 0.997 0.995 0.991
7.5 0.996 0.996 0.993 3 * 0.998 0.996 0.993
8.0 0.998 0.998 0.997 3 * 0.999 0.999 0.997
8.5 0.998 0.998 0.998 3 * 0.999 0.999 0.998
9.0 0.999 0.999 0.998 3 * 1.000 0.999 0.998
9.5 0.999 0.999 0.999 3 * 1.000 0.999 0.999
10.0 1.000 1.000 1.000 3 * 1.000 1.000 1.000
0.5 0.024 0.026 0.015 3 * 0.007 0.013 0.015
1.0 0.033 0.034 0.020 3 * 0.017 0.022 0.020
1.5 0.089 0.072 0.036 3 * 0.096 0.058 0.036
2.0 0.102 0.109 0.072 3 * 0.078 0.115 0.072
2.5 0.319 0.267 0.136 3 * 0.294 0.369 0.136
3.0 0.529 0.529 0.304 3 * 0.684 0.598 0.304
3.5 0.742 0.742 0.595 3 * 0.841 0.791 0.595
4.0 0.877 0.877 0.809 3 * 0.926 0.896 0.809
4.5 0.929 0.929 0.893 3 * 0.957 0.938 0.893
5.0 0.960 0.960 0.940 3 * 0.976 0.964 0.940
5.5 0.975 0.975 0.963 3 * 0.984 0.979 0.963
6.0 0.986 0.986 0.979 3 * 0.993 0.987 0.979
6.5 0.992 0.992 0.987 3 * 0.995 0.993 0.987
7.0 0.994 0.994 0.990 3 * 0.997 0.995 0.990
7.5 0.996 0.996 0.995 3 * 0.998 0.997 0.995
8.0 0.998 0.998 0.996 3 * 0.999 0.998 0.996
8.5 0.999 0.999 0.997 3 * 0.999 0.999 0.997
9.0 0.999 0.999 0.999 3 * 1.000 0.999 0.999
9.5 0.999 0.999 0.999 3 * 0.999 0.999 0.999
10.0 1.000 1.000 0.999 3 * 1.000 1.000 0.999
0.5 0.016 0.018 0.016 3 * 0.010 0.013 0.016
1.0 0.035 0.039 0.021 3 * 0.009 0.023 0.021
1.5 0.057 0.057 0.038 3 * 0.041 0.049 0.038
2.0 0.099 0.097 0.068 3 * 0.074 0.107 0.068
2.5 0.384 0.355 0.165 3 * 0.477 0.425 0.165
3.0 0.488 0.447 0.229 3 * 0.584 0.526 0.229
3.5 0.743 0.743 0.573 3 * 0.854 0.803 0.573
4.0 0.875 0.875 0.805 3 * 0.927 0.894 0.805
4.5 0.932 0.932 0.898 3 * 0.957 0.939 0.898
5.0 0.957 0.957 0.936 3 * 0.973 0.962 0.936
5.5 0.977 0.977 0.966 3 * 0.986 0.979 0.966
6.0 0.986 0.986 0.978 3 * 0.992 0.988 0.978
6.5 0.990 0.990 0.984 3 * 0.994 0.991 0.984
7.0 0.995 0.995 0.991 3 * 0.997 0.996 0.991
7.5 0.996 0.996 0.993 3 * 0.998 0.996 0.993
8.0 0.997 0.997 0.996 3 * 0.999 0.998 0.996
8.5 0.998 0.998 0.997 3 * 0.999 0.999 0.997
9.0 0.999 0.999 0.998 3 * 0.999 0.999 0.998
9.5 0.999 0.999 0.999 3 * 0.999 0.999 0.999
10.0 0.999 0.999 0.999 3 * 1.000 0.999 0.999
0.5 0.019 0.020 0.016 3 * 0.005 0.013 0.016
1.0 0.041 0.033 0.021 3 * 0.055 0.022 0.021
1.5 0.099 0.077 0.038 3 * 0.114 0.053 0.038
2.0 0.150 0.138 0.072 3 * 0.154 0.150 0.072
2.5 0.367 0.325 0.147 3 * 0.445 0.382 0.147
3.0 0.531 0.531 0.303 3 * 0.681 0.608 0.303
3.5 0.724 0.724 0.563 3 * 0.826 0.782 0.563
4.0 0.882 0.882 0.815 3 * 0.933 0.900 0.815
4.5 0.935 0.935 0.905 3 * 0.958 0.941 0.905
5.0 0.960 0.960 0.939 3 * 0.976 0.964 0.939
5.5 0.976 0.976 0.964 3 * 0.986 0.978 0.964
6.0 0.984 0.984 0.976 3 * 0.991 0.986 0.976
6.5 0.992 0.992 0.987 3 * 0.995 0.993 0.987
7.0 0.994 0.994 0.991 3 * 0.997 0.995 0.991
7.5 0.997 0.997 0.995 3 * 0.999 0.998 0.995
8.0 0.997 0.997 0.996 3 * 0.999 0.998 0.996
8.5 0.999 0.999 0.998 3 * 1.000 0.999 0.998
9.0 0.999 0.999 0.999 3 * 1.000 0.999 0.999
9.5 0.999 0.999 0.999 3 * 1.000 0.999 0.999
10.0 1.000 1.000 0.999 3 * 1.000 1.000 0.999
0.5 0.023 0.023 0.014 3 * 0.008 0.010 0.014
1.0 0.031 0.030 0.021 3 * 0.023 0.019 0.021
1.5 0.086 0.066 0.036 3 * 0.108 0.054 0.036
2.0 0.118 0.103 0.071 3 * 0.126 0.101 0.071
2.5 0.391 0.355 0.164 3 * 0.497 0.403 0.164
3.0 0.357 0.328 0.238 3 * 0.203 0.542 0.238
3.5 0.745 0.745 0.579 3 * 0.856 0.801 0.579
4.0 0.878 0.878 0.810 3 * 0.929 0.894 0.810
4.5 0.931 0.931 0.896 3 * 0.959 0.938 0.896
5.0 0.958 0.958 0.938 3 * 0.973 0.962 0.938
5.5 0.978 0.978 0.967 3 * 0.987 0.980 0.967
6.0 0.985 0.985 0.977 3 * 0.991 0.987 0.977
6.5 0.992 0.992 0.987 3 * 0.996 0.993 0.987
7.0 0.995 0.995 0.991 3 * 0.998 0.995 0.991
7.5 0.997 0.997 0.994 3 * 0.998 0.997 0.994
8.0 0.998 0.998 0.997 3 * 0.999 0.998 0.997
8.5 0.999 0.999 0.998 3 * 0.999 0.999 0.998
9.0 0.999 0.999 0.998 3 * 0.999 0.999 0.998
9.5 0.999 0.999 0.999 3 * 1.000 0.999 0.999
10.0 1.000 1.000 0.999 3 * 1.000 1.000 0.999
0.5 0.019 0.020 0.014 3 * 0.008 0.011 0.014
1.0 0.041 0.036 0.021 3 * 0.042 0.026 0.021
1.5 0.061 0.058 0.037 3 * 0.048 0.049 0.037
2.0 0.114 0.120 0.065 3 * 0.080 0.137 0.065
2.5 0.273 0.230 0.143 3 * 0.176 0.371 0.143
3.0 0.512 0.492 0.271 3 * 0.633 0.572 0.271
3.5 0.733 0.733 0.560 3 * 0.846 0.793 0.560
4.0 0.881 0.881 0.813 3 * 0.931 0.898 0.813
4.5 0.932 0.932 0.895 3 * 0.961 0.941 0.895
5.0 0.962 0.962 0.944 3 * 0.976 0.965 0.944
5.5 0.976 0.976 0.962 3 * 0.987 0.978 0.962
6.0 0.796 0.796 0.929 3 * 0.553 0.905 0.929
6.5 0.992 0.992 0.986 3 * 0.996 0.993 0.986
7.0 0.995 0.995 0.992 3 * 0.997 0.995 0.992
7.5 0.997 0.997 0.995 3 * 0.998 0.997 0.995
8.0 0.998 0.998 0.997 3 * 0.999 0.998 0.997
8.5 0.998 0.998 0.997 3 * 0.999 0.998 0.997
9.0 0.999 0.999 0.998 3 * 1.000 0.999 0.998
9.5 0.999 0.999 0.999 3 * 1.000 1.000 0.999
10.0 1.000 1.000 0.999 3 * 1.000 1.000 0.999
0.5 0.022 0.023 0.013 3 * 0.007 0.011 0.013
1.0 0.041 0.033 0.021 3 * 0.044 0.022 0.021
1.5 0.091 0.071 0.037 3 * 0.111 0.065 0.037
2.0 0.210 0.174 0.065 3 * 0.331 0.127 0.065
2.5 0.313 0.271 0.151 3 * 0.264 0.400 0.151
3.0 0.515 0.513 0.304 3 * 0.648 0.589 0.304
3.5 0.717 0.717 0.539 3 * 0.833 0.780 0.539
4.0 0.860 0.860 0.775 3 * 0.917 0.886 0.775
4.5 0.932 0.932 0.901 3 * 0.955 0.940 0.901
5.0 0.965 0.965 0.946 3 * 0.979 0.969 0.946
5.5 0.975 0.975 0.962 3 * 0.985 0.978 0.962
6.0 0.986 0.986 0.978 3 * 0.991 0.987 0.978
6.5 0.990 0.990 0.983 3 * 0.994 0.991 0.983
7.0 0.994 0.994 0.991 3 * 0.997 0.995 0.991
7.5 0.996 0.996 0.994 3 * 0.998 0.997 0.994
8.0 0.997 0.997 0.995 3 * 0.999 0.998 0.995
8.5 0.998 0.998 0.997 3 * 0.999 0.999 0.997
9.0 0.999 0.999 0.998 3 * 0.999 0.999 0.998
9.5 0.999 0.999 0.999 3 * 1.000 1.000 0.999
10.0 1.000 1.000 0.999 3 * 1.000 1.000 0.999
0.5 0.028 0.032 0.015 3 * 0.005 0.015 0.015
1.0 0.032 0.030 0.020 3 * 0.027 0.021 0.020
1.5 0.082 0.082 0.036 3 * 0.046 0.061 0.036
2.0 0.185 0.176 0.077 3 * 0.295 0.155 0.077
2.5 0.343 0.300 0.161 3 * 0.328 0.410 0.161
3.0 0.512 0.510 0.285 3 * 0.656 0.589 0.285
3.5 0.743 0.743 0.586 3 * 0.848 0.796 0.586
4.0 0.871 0.871 0.795 3 * 0.927 0.893 0.795
4.5 0.934 0.934 0.901 3 * 0.958 0.941 0.901
5.0 0.962 0.962 0.943 3 * 0.978 0.966 0.943
5.5 0.976 0.976 0.965 3 * 0.985 0.980 0.965
6.0 0.985 0.985 0.977 3 * 0.991 0.987 0.977
6.5 0.990 0.990 0.984 3 * 0.994 0.992 0.984
7.0 0.995 0.995 0.992 3 * 0.998 0.996 0.992
7.5 0.996 0.996 0.994 3 * 0.998 0.996 0.994
8.0 0.998 0.998 0.996 3 * 0.999 0.998 0.996
8.5 0.999 0.999 0.998 3 * 0.999 0.999 0.998
9.0 0.999 0.999 0.999 3 * 1.000 0.999 0.999
9.5 0.999 0.999 0.999 3 * 1.000 0.999 0.999
10.0 1.000 1.000 1.000 3 * 1.000 1.000 1.000
0.5 0.024 0.026 0.016 3 * 0.007 0.012 0.016
1.0 0.040 0.040 0.023 3 * 0.029 0.031 0.023
1.5 0.080 0.070 0.039 3 * 0.092 0.068 0.039
2.0 0.123 0.106 0.070 3 * 0.128 0.119 0.070
2.5 0.284 0.250 0.171 3 * 0.168 0.412 0.171
3.0 0.548 0.548 0.330 3 * 0.690 0.624 0.330
3.5 0.772 0.772 0.611 3 * 0.882 0.825 0.611
4.0 0.847 0.847 0.754 3 * 0.909 0.879 0.754
4.5 0.929 0.929 0.894 3 * 0.955 0.938 0.894
5.0 0.961 0.961 0.943 3 * 0.975 0.964 0.943
5.5 0.975 0.975 0.963 3 * 0.984 0.977 0.963
6.0 0.985 0.985 0.977 3 * 0.993 0.987 0.977
6.5 0.991 0.991 0.986 3 * 0.995 0.992 0.986
7.0 0.993 0.993 0.990 3 * 0.995 0.994 0.990
7.5 0.997 0.997 0.995 3 * 0.998 0.997 0.995
8.0 0.998 0.998 0.997 3 * 0.999 0.999 0.997
8.5 0.999 0.999 0.998 3 * 1.000 0.999 0.998
9.0 0.999 0.999 0.999 3 * 1.000 1.000 0.999
9.5 1.000 1.000 0.999 3 * 1.000 1.000 0.999
10.0 1.000 1.000 0.999 3 * 1.000 1.000 0.999
0.5 0.021 0.024 0.015 3 * 0.003 0.012 0.015
1.0 0.034 0.034 0.022 3 * 0.026 0.025 0.022
1.5 0.084 0.081 0.041 3 * 0.065 0.063 0.041
2.0 0.106 0.100 0.070 3 * 0.094 0.117 0.070
2.5 0.337 0.298 0.165 3 * 0.325 0.404 0.165
3.0 0.514 0.506 0.283 3 * 0.650 0.586 0.283
3.5 0.744 0.744 0.584 3 * 0.848 0.801 0.584
4.0 0.877 0.877 0.807 3 * 0.929 0.897 0.807
4.5 0.935 0.935 0.905 3 * 0.959 0.941 0.905
5.0 0.958 0.958 0.939 3 * 0.973 0.962 0.939
5.5 0.979 0.979 0.967 3 * 0.987 0.981 0.967
6.0 0.987 0.987 0.978 3 * 0.994 0.988 0.978
6.5 0.991 0.991 0.985 3 * 0.995 0.993 0.985
7.0 0.995 0.995 0.992 3 * 0.997 0.995 0.992
7.5 0.997 0.997 0.995 3 * 0.998 0.997 0.995
8.0 0.998 0.998 0.997 3 * 0.999 0.999 0.997
8.5 0.999 0.999 0.998 3 * 0.999 0.999 0.998
9.0 0.999 0.999 0.998 3 * 1.000 0.999 0.998
9.5 0.999 0.999 0.999 3 * 1.000 1.000 0.999
10.0 0.999 0.999 0.999 3 * 1.000 0.999 0.999
0.5 0.025 0.026 0.016 3 * 0.008 0.011 0.016
1.0 0.019 0.023 0.021 3 * 0.009 0.022 0.021
1.5 0.099 0.082 0.040 3 * 0.144 0.063 0.040
2.0 0.161 0.152 0.065 3 * 0.272 0.118 0.065
2.5 0.312 0.267 0.142 3 * 0.300 0.360 0.142
3.0 0.502 0.496 0.286 3 * 0.631 0.571 0.286
3.5 0.736 0.736 0.576 3 * 0.844 0.789 0.576
4.0 0.881 0.881 0.814 3 * 0.930 0.899 0.814
4.5 0.932 0.932 0.900 3 * 0.956 0.939 0.900
5.0 0.960 0.960 0.940 3 * 0.975 0.964 0.940
5.5 0.977 0.977 0.965 3 * 0.986 0.980 0.965
6.0 0.986 0.986 0.978 3 * 0.991 0.988 0.978
6.5 0.990 0.990 0.985 3 * 0.994 0.991 0.985
7.0 0.995 0.995 0.991 3 * 0.997 0.995 0.991
7.5 0.996 0.996 0.994 3 * 0.997 0.997 0.994
8.0 0.997 0.997 0.996 3 * 0.999 0.998 0.996
8.5 0.998 0.998 0.997 3 * 0.999 0.999 0.997
9.0 0.999 0.999 0.998 3 * 1.000 0.999 0.998
9.5 0.999 0.999 0.999 3 * 0.999 1.000 0.999
10.0 1.000 1.000 0.999 3 * 1.000 1.000 0.999
0.5 0.025 0.025 0.014 3 * 0.012 0.011 0.014
1.0 0.026 0.028 0.019 3 * 0.014 0.017 0.019
1.5 0.066 0.059 0.037 3 * 0.061 0.052 0.037
2.0 0.166 0.148 0.066 3 * 0.261 0.117 0.066
2.5 0.267 0.234 0.135 3 * 0.175 0.353 0.135
3.0 0.541 0.541 0.316 3 * 0.692 0.616 0.316
3.5 0.742 0.742 0.581 3 * 0.854 0.791 0.581
4.0 0.880 0.880 0.808 3 * 0.932 0.899 0.808
4.5 0.935 0.935 0.904 3 * 0.959 0.942 0.904
5.0 0.960 0.960 0.942 3 * 0.975 0.964 0.942
5.5 0.977 0.977 0.966 3 * 0.987 0.980 0.966
6.0 0.986 0.986 0.979 3 * 0.992 0.988 0.979
6.5 0.990 0.990 0.984 3 * 0.994 0.991 0.984
7.0 0.995 0.995 0.991 3 * 0.998 0.995 0.991
7.5 0.996 0.996 0.994 3 * 0.998 0.997 0.994
8.0 0.998 0.998 0.996 3 * 0.999 0.998 0.996
8.5 0.998 0.998 0.997 3 * 0.999 0.999 0.997
9.0 0.999 0.999 0.998 3 * 0.999 0.999 0.998
9.5 0.999 0.999 0.999 3 * 1.000 1.000 0.999
10.0 1.000 1.000 0.999 3 * 1.000 1.000 0.999
0.5 0.024 0.025 0.015 3 * 0.008 0.012 0.015
1.0 0.033 0.034 0.020 3 * 0.015 0.017 0.020
1.5 0.072 0.064 0.037 3 * 0.108 0.048 0.037
2.0 0.132 0.118 0.073 3 * 0.144 0.135 0.073
2.5 0.302 0.256 0.147 3 * 0.231 0.390 0.147
3.0 0.551 0.551 0.313 3 * 0.708 0.631 0.313
3.5 0.755 0.755 0.601 3 * 0.860 0.804 0.601
4.0 0.883 0.883 0.815 3 * 0.930 0.903 0.815
4.5 0.931 0.931 0.898 3 * 0.957 0.939 0.898
5.0 0.961 0.961 0.942 3 * 0.976 0.965 0.942
5.5 0.977 0.977 0.966 3 * 0.986 0.980 0.966
6.0 0.983 0.983 0.974 3 * 0.990 0.985 0.974
6.5 0.990 0.990 0.985 3 * 0.994 0.992 0.985
7.0 0.995 0.995 0.991 3 * 0.998 0.996 0.991
7.5 0.996 0.996 0.994 3 * 0.998 0.997 0.994
8.0 0.997 0.997 0.996 3 * 0.999 0.998 0.996
8.5 0.999 0.999 0.997 3 * 1.000 0.999 0.997
9.0 0.999 0.999 0.998 3 * 1.000 0.999 0.998
9.5 0.999 0.999 0.999 3 * 1.000 1.000 0.999
10.0 0.999 0.999 0.999 3 * 1.000 0.999 0.999
0.5 0.021 0.021 0.015 3 * 0.013 0.013 0.015
1.0 0.028 0.030 0.021 3 * 0.023 0.030 0.021
1.5 0.066 0.057 0.037 3 * 0.062 0.045 0.037
2.0 0.150 0.141 0.064 3 * 0.250 0.109 0.064
2.5 0.271 0.226 0.145 3 * 0.158 0.374 0.145
3.0 0.509 0.489 0.260 3 * 0.639 0.569 0.260
3.5 0.726 0.726 0.558 3 * 0.835 0.785 0.558
4.0 0.878 0.878 0.811 3 * 0.929 0.895 0.811
4.5 0.931 0.931 0.897 3 * 0.957 0.939 0.897
5.0 0.958 0.958 0.938 3 * 0.974 0.963 0.938
5.5 0.977 0.977 0.966 3 * 0.986 0.979 0.966
6.0 0.986 0.986 0.979 3 * 0.992 0.988 0.979
6.5 0.991 0.991 0.986 3 * 0.996 0.992 0.986
7.0 0.994 0.994 0.991 3 * 0.997 0.995 0.991
7.5 0.997 0.997 0.996 3 * 0.999 0.998 0.996
8.0 0.997 0.997 0.996 3 * 0.999 0.998 0.996
8.5 0.999 0.999 0.998 3 * 0.999 0.999 0.998
9.0 0.999 0.999 0.999 3 * 1.000 0.999 0.999
9.5 0.999 0.999 0.999 3 * 1.000 0.999 0.999
10.0 1.000 1.000 0.999 3 * 1.000 1.000 0.999
0.5 0.024 0.026 0.016 3 * 0.003 0.012 0.016
1.0 0.037 0.037 0.023 3 * 0.022 0.024 0.023
1.5 0.067 0.060 0.035 3 * 0.053 0.049 0.035
2.0 0.186 0.162 0.070 3 * 0.290 0.125 0.070
2.5 0.332 0.291 0.145 3 * 0.329 0.398 0.145
3.0 0.494 0.463 0.239 3 * 0.611 0.539 0.239
3.5 0.745 0.745 0.577 3 * 0.860 0.799 0.577
4.0 0.878 0.878 0.805 3 * 0.930 0.898 0.805
4.5 0.931 0.931 0.898 3 * 0.958 0.938 0.898
5.0 0.963 0.963 0.944 3 * 0.977 0.967 0.944
5.5 0.977 0.977 0.966 3 * 0.986 0.979 0.966
6.0 0.984 0.984 0.976 3 * 0.990 0.986 0.976
6.5 0.990 0.990 0.985 3 * 0.994 0.990 0.985
7.0 0.995 0.995 0.991 3 * 0.998 0.996 0.991
7.5 0.996 0.996 0.994 3 * 0.998 0.997 0.994
8.0 0.998 0.998 0.997 3 * 0.999 0.998 0.997
8.5 0.999 0.999 0.998 3 * 0.999 0.999 0.998
9.0 0.999 0.999 0.998 3 * 0.999 0.999 0.998
9.5 1.000 1.000 0.999 3 * 1.000 1.000 0.999
10.0 1.000 1.000 0.999 3 * 1.000 1.000 0.999
0.5 0.020 0.020 0.014 3 * 0.011 0.011 0.014
1.0 0.052 0.045 0.023 3 * 0.040 0.021 0.023
1.5 0.078 0.068 0.036 3 * 0.077 0.058 0.036
2.0 0.108 0.097 0.065 3 * 0.111 0.111 0.065
2.5 0.336 0.295 0.156 3 * 0.352 0.376 0.156
3.0 0.530 0.517 0.277 3 * 0.675 0.598 0.277
3.5 0.719 0.719 0.556 3 * 0.828 0.774 0.556
4.0 0.861 0.861 0.760 3 * 0.928 0.895 0.760
4.5 0.928 0.928 0.896 3 * 0.954 0.935 0.896
5.0 0.959 0.959 0.939 3 * 0.975 0.964 0.939
5.5 0.977 0.977 0.966 3 * 0.987 0.980 0.966
6.0 0.985 0.985 0.977 3 * 0.991 0.986 0.977
6.5 0.990 0.990 0.985 3 * 0.994 0.992 0.985
7.0 0.993 0.993 0.989 3 * 0.996 0.994 0.989
7.5 0.997 0.997 0.994 3 * 0.999 0.997 0.994
8.0 0.997 0.997 0.996 3 * 0.998 0.998 0.996
8.5 0.999 0.999 0.998 3 * 0.999 0.999 0.998
9.0 0.999 0.999 0.998 3 * 1.000 0.999 0.998
9.5 0.999 0.999 0.999 3 * 1.000 0.999 0.999
10.0 1.000 1.000 0.999 3 * 1.000 1.000 0.999
0.5 0.025 0.026 0.015 3 * 0.010 0.013 0.015
1.0 0.037 0.038 0.018 3 * 0.022 0.025 0.018
1.5 0.051 0.051 0.036 3 * 0.038 0.046 0.036
2.0 0.222 0.205 0.078 3 * 0.363 0.174 0.078
2.5 0.279 0.241 0.147 3 * 0.174 0.386 0.147
3.0 0.530 0.525 0.287 3 * 0.680 0.608 0.287
3.5 0.741 0.741 0.575 3 * 0.852 0.794 0.575
4.0 0.868 0.868 0.789 3 * 0.924 0.892 0.789
4.5 0.933 0.933 0.902 3 * 0.958 0.940 0.902
5.0 0.959 0.959 0.939 3 * 0.974 0.963 0.939
5.5 0.977 0.977 0.965 3 * 0.986 0.979 0.965
6.0 0.986 0.986 0.979 3 * 0.991 0.987 0.979
6.5 0.991 0.991 0.986 3 * 0.995 0.992 0.986
7.0 0.994 0.994 0.991 3 * 0.997 0.995 0.991
7.5 0.997 0.997 0.995 3 * 0.999 0.998 0.995
8.0 0.998 0.998 0.997 3 * 0.999 0.999 0.997
8.5 0.999 0.999 0.998 3 * 0.999 0.999 0.998
9.0 0.999 0.999 0.998 3 * 0.999 0.999 0.998
9.5 0.999 0.999 0.999 3 * 1.000 1.000 0.999
10.0 1.000 1.000 0.999 3 * 1.000 1.000 0.999
0.5 0.020 0.021 0.016 3 * 0.012 0.014 0.016
1.0 0.040 0.035 0.021 3 * 0.035 0.021 0.021
1.5 0.090 0.073 0.039 3 * 0.095 0.059 0.039
2.0 0.178 0.164 0.077 3 * 0.244 0.170 0.077
2.5 0.369 0.328 0.158 3 * 0.425 0.400 0.158
3.0 0.512 0.512 0.294 3 * 0.658 0.585 0.294
3.5 0.739 0.739 0.585 3 * 0.842 0.789 0.585
4.0 0.882 0.882 0.812 3 * 0.932 0.902 0.812
4.5 0.936 0.936 0.906 3 * 0.960 0.943 0.906
5.0 0.960 0.960 0.940 3 * 0.976 0.963 0.940
5.5 0.978 0.978 0.967 3 * 0.987 0.980 0.967
6.0 0.986 0.986 0.980 3 * 0.990 0.987 0.980
6.5 0.992 0.992 0.986 3 * 0.996 0.993 0.986
7.0 0.995 0.995 0.992 3 * 0.998 0.996 0.992
7.5 0.997 0.997 0.995 3 * 0.998 0.997 0.995
8.0 0.997 0.997 0.996 3 * 0.999 0.998 0.996
8.5 0.998 0.998 0.997 3 * 0.999 0.998 0.997
9.0 0.999 0.999 0.998 3 * 1.000 0.999 0.998
9.5 0.999 0.999 0.999 3 * 1.000 1.000 0.999
10.0 0.999 0.999 0.999 3 * 1.000 1.000 0.999
0.5 0.021 0.020 0.015 3 * 0.013 0.011 0.015
1.0 0.033 0.033 0.019 3 * 0.021 0.019 0.019
1.5 0.123 0.105 0.039 3 * 0.204 0.072 0.039
2.0 0.154 0.138 0.074 3 * 0.172 0.166 0.074
2.5 0.308 0.261 0.145 3 * 0.247 0.392 0.145
3.0 0.445 0.433 0.280 3 * 0.436 0.582 0.280
3.5 0.743 0.743 0.587 3 * 0.845 0.796 0.587
4.0 0.876 0.876 0.804 3 * 0.928 0.896 0.804
4.5 0.933 0.933 0.902 3 * 0.958 0.939 0.902
5.0 0.960 0.960 0.940 3 * 0.976 0.964 0.940
5.5 0.976 0.976 0.964 3 * 0.984 0.978 0.964
6.0 0.985 0.985 0.978 3 * 0.991 0.987 0.978
6.5 0.990 0.990 0.985 3 * 0.995 0.991 0.985
7.0 0.994 0.994 0.991 3 * 0.997 0.995 0.991
7.5 0.996 0.996 0.994 3 * 0.998 0.997 0.994
8.0 0.998 0.998 0.997 3 * 0.999 0.998 0.997
8.5 0.999 0.999 0.998 3 * 1.000 0.999 0.998
9.0 0.999 0.999 0.998 3 * 0.999 0.999 0.998
9.5 0.999 0.999 0.999 3 * 1.000 0.999 0.999
10.0 0.999 0.999 0.999 3 * 1.000 1.000 0.999
0.5 0.022 0.021 0.015 3 * 0.012 0.012 0.015
1.0 0.036 0.036 0.022 3 * 0.025 0.024 0.022
1.5 0.083 0.071 0.036 3 * 0.128 0.050 0.036
2.0 0.107 0.094 0.066 3 * 0.118 0.099 0.066
2.5 0.363 0.312 0.132 3 * 0.451 0.353 0.132
3.0 0.473 0.466 0.283 3 * 0.531 0.583 0.283
3.5 0.767 0.767 0.623 3 * 0.864 0.814 0.623
4.0 0.885 0.885 0.815 3 * 0.936 0.905 0.815
4.5 0.934 0.934 0.900 3 * 0.959 0.943 0.900
5.0 0.959 0.959 0.941 3 * 0.972 0.963 0.941
5.5 0.976 0.976 0.964 3 * 0.984 0.978 0.964
6.0 0.986 0.986 0.977 3 * 0.992 0.988 0.977
6.5 0.990 0.990 0.984 3 * 0.995 0.991 0.984
7.0 0.994 0.994 0.991 3 * 0.997 0.995 0.991
7.5 0.996 0.996 0.993 3 * 0.998 0.997 0.993
8.0 0.998 0.998 0.996 3 * 0.999 0.998 0.996
8.5 0.999 0.999 0.997 3 * 0.999 0.999 0.997
9.0 0.999 0.999 0.999 3 * 1.000 0.999 0.999
9.5 0.999 0.999 0.999 3 * 1.000 0.999 0.999
10.0 0.999 0.999 0.999 3 * 1.000 1.000 0.999
0.5 0.021 0.021 0.015 3 * 0.010 0.012 0.015
1.0 0.040 0.041 0.019 3 * 0.022 0.023 0.019
1.5 0.100 0.078 0.039 3 * 0.114 0.057 0.039
2.0 0.199 0.186 0.080 3 * 0.299 0.181 0.080
2.5 0.359 0.314 0.152 3 * 0.403 0.386 0.152
3.0 0.510 0.498 0.279 3 * 0.642 0.572 0.279
3.5 0.724 0.724 0.560 3 * 0.833 0.778 0.560
4.0 0.854 0.854 0.768 3 * 0.913 0.882 0.768
4.5 0.931 0.931 0.895 3 * 0.957 0.940 0.895
5.0 0.959 0.959 0.939 3 * 0.974 0.964 0.939
5.5 0.976 0.976 0.963 3 * 0.986 0.978 0.963
6.0 0.985 0.985 0.977 3 * 0.992 0.987 0.977
6.5 0.991 0.991 0.987 3 * 0.995 0.992 0.987
7.0 0.993 0.993 0.990 3 * 0.996 0.994 0.990
7.5 0.997 0.997 0.994 3 * 0.998 0.997 0.994
8.0 0.998 0.998 0.997 3 * 0.999 0.998 0.997
8.5 0.999 0.999 0.998 3 * 0.999 0.999 0.998
9.0 0.999 0.999 0.998 3 * 0.999 0.999 0.998
9.5 0.999 0.999 0.999 3 * 0.999 0.999 0.999
10.0 1.000 1.000 1.000 3 * 1.000 1.000 1.000
0.5 0.030 0.030 0.016 3 * 0.013 0.013 0.016
1.0 0.031 0.034 0.020 3 * 0.011 0.017 0.020
1.5 0.084 0.070 0.036 3 * 0.123 0.052 0.036
2.0 0.119 0.106 0.066 3 * 0.097 0.148 0.066
2.5 0.316 0.272 0.143 3 * 0.303 0.371 0.143
3.0 0.541 0.541 0.327 3 * 0.679 0.615 0.327
3.5 0.738 0.738 0.581 3 * 0.842 0.793 0.581
4.0 0.847 0.847 0.751 3 * 0.911 0.878 0.751
4.5 0.935 0.935 0.900 3 * 0.961 0.943 0.900
5.0 0.959 0.959 0.939 3 * 0.974 0.964 0.939
5.5 0.975 0.975 0.963 3 * 0.984 0.978 0.963
6.0 0.983 0.983 0.976 3 * 0.989 0.985 0.976
6.5 0.992 0.992 0.986 3 * 0.996 0.993 0.986
7.0 0.994 0.994 0.990 3 * 0.996 0.995 0.990
7.5 0.997 0.997 0.994 3 * 0.998 0.997 0.994
8.0 0.998 0.998 0.996 3 * 0.999 0.998 0.996
8.5 0.998 0.998 0.997 3 * 0.999 0.998 0.997
9.0 0.999 0.999 0.998 3 * 1.000 0.999 0.998
9.5 1.000 1.000 0.999 3 * 1.000 1.000 0.999
10.0 1.000 1.000 0.999 3 * 1.000 1.000 0.999
0.5 0.027 0.029 0.015 3 * 0.006 0.011 0.015
1.0 0.025 0.026 0.020 3 * 0.015 0.019 0.020
1.5 0.091 0.074 0.038 3 * 0.091 0.051 0.038
2.0 0.157 0.144 0.075 3 * 0.213 0.143 0.075
2.5 0.353 0.304 0.152 3 * 0.381 0.380 0.152
3.0 0.532 0.532 0.302 3 * 0.690 0.604 0.302
3.5 0.743 0.743 0.587 3 * 0.848 0.794 0.587
4.0 0.881 0.881 0.812 3 * 0.931 0.899 0.812
4.5 0.932 0.932 0.900 3 * 0.958 0.939 0.900
5.0 0.960 0.960 0.941 3 * 0.974 0.964 0.941
5.5 0.977 0.977 0.966 3 * 0.986 0.980 0.966
6.0 0.986 0.986 0.978 3 * 0.992 0.987 0.978
6.5 0.992 0.992 0.987 3 * 0.995 0.993 0.987
7.0 0.994 0.994 0.990 3 * 0.997 0.994 0.990
7.5 0.996 0.996 0.993 3 * 0.998 0.996 0.993
8.0 0.998 0.998 0.996 3 * 0.998 0.998 0.996
8.5 0.998 0.998 0.997 3 * 0.999 0.999 0.997
9.0 0.999 0.999 0.998 3 * 1.000 0.999 0.998
9.5 1.000 1.000 0.999 3 * 1.000 0.999 0.999
10.0 1.000 1.000 0.999 3 * 1.000 1.000 0.999
0.5 0.023 0.025 0.014 3 * 0.006 0.012 0.014
1.0 0.038 0.037 0.022 3 * 0.028 0.025 0.022
1.5 0.080 0.072 0.041 3 * 0.118 0.057 0.041
2.0 0.172 0.160 0.080 3 * 0.250 0.151 0.080
2.5 0.309 0.272 0.166 3 * 0.233 0.415 0.166
3.0 0.521 0.520 0.308 3 * 0.654 0.598 0.308
3.5 0.765 0.765 0.611 3 * 0.872 0.814 0.611
4.0 0.883 0.883 0.819 3 * 0.931 0.898 0.819
4.5 0.929 0.929 0.894 3 * 0.956 0.937 0.894
5.0 0.960 0.960 0.940 3 * 0.974 0.964 0.940
5.5 0.977 0.977 0.965 3 * 0.987 0.980 0.965
6.0 0.986 0.986 0.979 3 * 0.992 0.988 0.979
6.5 0.989 0.989 0.983 3 * 0.994 0.990 0.983
7.0 0.994 0.994 0.991 3 * 0.997 0.994 0.991
7.5 0.997 0.997 0.994 3 * 0.998 0.997 0.994
8.0 0.998 0.998 0.996 3 * 0.999 0.999 0.996
8.5 0.998 0.998 0.997 3 * 0.999 0.999 0.997
9.0 0.999 0.999 0.999 3 * 1.000 1.000 0.999
9.5 0.999 0.999 0.999 3 * 1.000 0.999 0.999
10.0 0.999 0.999 0.999 3 * 1.000 1.000 0.999
0.5 0.020 0.022 0.014 3 * 0.005 0.011 0.014
1.0 0.027 0.025 0.021 3 * 0.024 0.019 0.021
1.5 0.100 0.077 0.036 3 * 0.103 0.048 0.036
2.0 0.136 0.133 0.076 3 * 0.131 0.161 0.076
2.5 0.340 0.296 0.150 3 * 0.356 0.381 0.150
3.0 0.534 0.534 0.304 3 * 0.684 0.613 0.304
3.5 0.735 0.735 0.577 3 * 0.841 0.788 0.577
4.0 0.851 0.851 0.758 3 * 0.913 0.881 0.758
4.5 0.931 0.931 0.900 3 * 0.956 0.937 0.900
5.0 0.961 0.961 0.942 3 * 0.975 0.964 0.942
5.5 0.978 0.978 0.967 3 * 0.987 0.980 0.967
6.0 0.987 0.987 0.980 3 * 0.992 0.988 0.980
6.5 0.992 0.992 0.987 3 * 0.996 0.993 0.987
7.0 0.995 0.995 0.992 3 * 0.998 0.995 0.992
7.5 0.996 0.996 0.993 3 * 0.997 0.997 0.993
8.0 0.998 0.998 0.996 3 * 0.999 0.998 0.996
8.5 0.999 0.999 0.998 3 * 0.999 0.999 0.998
9.0 0.999 0.999 0.998 3 * 1.000 0.999 0.998
9.5 0.999 0.999 0.999 3 * 1.000 1.000 0.999
10.0 1.000 1.000 0.999 3 * 1.000 1.000 0.999
0.5 0.027 0.029 0.014 3 * 0.006 0.013 0.014
1.0 0.033 0.027 0.021 3 * 0.041 0.019 0.021
1.5 0.076 0.064 0.035 3 * 0.096 0.062 0.035
2.0 0.137 0.114 0.061 3 * 0.175 0.106 0.061
2.5 0.336 0.289 0.150 3 * 0.323 0.393 0.150
3.0 0.364 0.364 0.303 3 * 0.207 0.582 0.303
3.5 0.726 0.726 0.563 3 * 0.831 0.783 0.563
4.0 0.876 0.876 0.800 3 * 0.930 0.897 0.800
4.5 0.934 0.934 0.903 3 * 0.958 0.939 0.903
5.0 0.961 0.961 0.943 3 * 0.974 0.965 0.943
5.5 0.976 0.976 0.965 3 * 0.986 0.978 0.965
6.0 0.986 0.986 0.978 3 * 0.992 0.987 0.978
6.5 0.992 0.992 0.987 3 * 0.996 0.992 0.987
7.0 0.995 0.995 0.992 3 * 0.998 0.996 0.992
7.5 0.996 0.996 0.993 3 * 0.998 0.996 0.993
8.0 0.997 0.997 0.996 3 * 0.999 0.997 0.996
8.5 0.998 0.998 0.997 3 * 0.999 0.998 0.997
9.0 0.999 0.999 0.998 3 * 1.000 0.999 0.998
9.5 0.999 0.999 0.999 3 * 1.000 1.000 0.999
10.0 1.000 1.000 0.999 3 * 1.000 1.000 0.999
0.5 0.020 0.021 0.016 3 * 0.010 0.012 0.016
1.0 0.042 0.036 0.024 3 * 0.057 0.026 0.024
1.5 0.110 0.083 0.038 3 * 0.129 0.057 0.038
2.0 0.108 0.098 0.072 3 * 0.111 0.110 0.072
2.5 0.387 0.338 0.150 3 * 0.487 0.378 0.150
3.0 0.584 0.584 0.354 3 * 0.738 0.660 0.354
3.5 0.739 0.739 0.576 3 * 0.847 0.793 0.576
4.0 0.873 0.873 0.800 3 * 0.925 0.895 0.800
4.5 0.931 0.931 0.898 3 * 0.955 0.938 0.898
5.0 0.961 0.961 0.943 3 * 0.974 0.964 0.943
5.5 0.977 0.977 0.966 3 * 0.986 0.979 0.966
6.0 0.984 0.984 0.976 3 * 0.991 0.985 0.976
6.5 0.991 0.991 0.986 3 * 0.995 0.992 0.986
7.0 0.995 0.995 0.992 3 * 0.997 0.995 0.992
7.5 0.996 0.996 0.994 3 * 0.997 0.996 0.994
8.0 0.998 0.998 0.996 3 * 0.999 0.998 0.996
8.5 0.999 0.999 0.997 3 * 1.000 0.999 0.997
9.0 0.999 0.999 0.999 3 * 0.999 0.999 0.999
9.5 0.999 0.999 0.999 3 * 1.000 0.999 0.999
10.0 1.000 1.000 0.999 3 * 1.000 1.000 0.999
0.5 0.021 0.021 0.015 3 * 0.012 0.012 0.015
1.0 0.028 0.027 0.020 3 * 0.022 0.017 0.020
1.5 0.104 0.085 0.036 3 * 0.155 0.064 0.036
2.0 0.151 0.133 0.064 3 * 0.236 0.098 0.064
2.5 0.363 0.323 0.149 3 * 0.435 0.387 0.149
3.0 0.368 0.355 0.275 3 * 0.207 0.583 0.275
3.5 0.748 0.748 0.590 3 * 0.855 0.799 0.590
4.0 0.881 0.881 0.811 3 * 0.934 0.899 0.811
4.5 0.932 0.932 0.900 3 * 0.957 0.938 0.900
5.0 0.963 0.963 0.944 3 * 0.977 0.967 0.944
5.5 0.976 0.976 0.963 3 * 0.986 0.979 0.963
6.0 0.985 0.985 0.978 3 * 0.991 0.987 0.978
6.5 0.992 0.992 0.987 3 * 0.996 0.993 0.987
7.0 0.995 0.995 0.991 3 * 0.997 0.995 0.991
7.5 0.997 0.997 0.994 3 * 0.999 0.997 0.994
8.0 0.998 0.998 0.996 3 * 0.999 0.998 0.996
8.5 0.999 0.999 0.998 3 * 0.999 0.999 0.998
9.0 0.999 0.999 0.999 3 * 1.000 0.999 0.999
9.5 0.999 0.999 0.999 3 * 1.000 0.999 0.999
10.0 0.999 0.999 0.999 3 * 1.000 1.000 0.999
0.5 0.026 0.029 0.015 3 * 0.003 0.012 0.015
1.0 0.031 0.032 0.020 3 * 0.015 0.017 0.020
1.5 0.084 0.066 0.040 3 * 0.096 0.049 0.040
2.0 0.163 0.149 0.072 3 * 0.249 0.126 0.072
2.5 0.266 0.218 0.132 3 * 0.155 0.366 0.132
3.0 0.519 0.515 0.293 3 * 0.662 0.589 0.293
3.5 0.718 0.718 0.538 3 * 0.834 0.782 0.538
4.0 0.879 0.879 0.807 3 * 0.929 0.901 0.807
4.5 0.931 0.931 0.899 3 * 0.956 0.939 0.899
5.0 0.959 0.959 0.939 3 * 0.975 0.963 0.939
5.5 0.977 0.977 0.966 3 * 0.985 0.980 0.966
6.0 0.986 0.986 0.978 3 * 0.991 0.988 0.978
6.5 0.991 0.991 0.987 3 * 0.994 0.991 0.987
7.0 0.995 0.995 0.992 3 * 0.997 0.996 0.992
7.5 0.996 0.996 0.994 3 * 0.998 0.997 0.994
8.0 0.998 0.998 0.997 3 * 0.999 0.999 0.997
8.5 0.998 0.998 0.997 3 * 0.999 0.999 0.997
9.0 0.999 0.999 0.999 3 * 1.000 0.999 0.999
9.5 0.999 0.999 0.999 3 * 1.000 0.999 0.999
10.0 1.000 1.000 1.000 3 * 1.000 1.000 1.000
0.5 0.029 0.029 0.016 3 * 0.010 0.012 0.016
1.0 0.033 0.036 0.022 3 * 0.012 0.019 0.022
1.5 0.059 0.061 0.034 3 * 0.027 0.051 0.034
2.0 0.159 0.148 0.075 3 * 0.222 0.146 0.075
2.5 0.397 0.357 0.153 3 * 0.508 0.411 0.153
3.0 0.524 0.524 0.313 3 * 0.663 0.596 0.313
3.5 0.725 0.725 0.557 3 * 0.836 0.783 0.557
4.0 0.878 0.878 0.804 3 * 0.930 0.900 0.804
4.5 0.936 0.936 0.905 3 * 0.960 0.943 0.905
5.0 0.959 0.959 0.939 3 * 0.976 0.964 0.939
5.5 0.975 0.975 0.961 3 * 0.986 0.978 0.961
6.0 0.986 0.986 0.978 3 * 0.991 0.987 0.978
6.5 0.990 0.990 0.984 3 * 0.994 0.991 0.984
7.0 0.995 0.995 0.991 3 * 0.997 0.995 0.991
7.5 0.996 0.996 0.994 3 * 0.998 0.996 0.994
8.0 0.997 0.997 0.995 3 * 0.998 0.998 0.995
8.5 0.999 0.999 0.998 3 * 1.000 0.999 0.998
9.0 0.999 0.999 0.998 3 * 0.999 0.999 0.998
9.5 1.000 1.000 0.999 3 * 1.000 1.000 0.999
10.0 1.000 1.000 0.999 3 * 1.000 1.000 0.999
