128 4 -0.093553 0.654047 1 
128 4 0.029103 0.284387 1 
128 4 2.463838 0.041046 0 
128 4 0.057985 -0.114407 1 
128 4 0.098112 -0.098671 1 
128 4 0.136806 0.161337 1 
128 4 -0.055298 0.058249 1 
128 4 0.783884 -0.483915 1 
128 4 0.084268 -0.151917 1 
128 4 1.793452 0.699336 1 
128 4 0.948896 -0.178800 1 
128 4 -0.030286 -0.153775 1 
128 4 -0.033790 1.247445 0 
128 4 -0.002400 -0.118698 1 
128 4 0.257872 0.075837 1 
128 4 0.369046 0.911598 1 
128 4 1.883750 -1.093508 0 
128 4 0.087971 0.251119 0 
128 4 0.177142 0.612187 0 
128 4 0.384059 0.268739 1 
128 4 0.070414 0.414336 0 
128 4 0.121124 0.715850 0 
128 4 -0.247246 2.082625 0 
128 4 0.069171 -0.392284 0 
128 4 0.506718 -0.086736 1 
128 4 0.821268 0.028815 1 
128 4 0.256939 1.149422 0 
128 4 0.499370 0.006947 1 
128 4 1.370187 -0.150352 0 
128 4 0.095884 0.058933 0 
128 4 -0.019441 -0.039879 1 
128 4 1.136551 0.111503 0 
128 4 0.115450 -1.155787 1 
128 4 0.184638 -0.015875 1 
128 4 1.073301 0.179700 0 
128 4 0.364545 0.053616 0 
128 4 0.585912 0.112473 0 
128 4 0.319864 1.016705 0 
128 4 0.530020 0.382095 1 
128 4 1.094734 -0.169874 0 
128 4 0.734110 -0.159662 1 
128 4 0.512669 0.440693 1 
128 4 -0.716802 1.970513 0 
128 4 0.106327 0.584959 0 
128 4 0.591516 0.247077 0 
128 4 -0.588073 1.064755 1 
128 4 -0.174373 0.137485 0 
128 4 0.059711 1.114864 0 
128 4 0.379980 -0.033435 1 
128 4 0.246679 0.139897 1 
128 4 0.112436 1.325574 0 
128 4 0.171059 0.779675 0 
128 4 -0.230655 -0.384144 1 
128 4 0.634289 0.538163 1 
128 4 1.277892 0.144280 1 
128 4 0.822690 0.025244 0 
128 4 -0.136469 0.223022 1 
128 4 0.164146 0.338062 0 
128 4 0.890911 0.936221 0 
128 4 0.515842 -0.129258 1 
128 4 0.666126 -0.048209 0 
128 4 0.110130 -0.275575 1 
128 4 0.308803 0.569439 0 
128 4 0.426298 0.791527 0 
128 4 0.116330 -0.114295 1 
128 4 -0.192085 0.851715 0 
128 4 0.339240 0.150448 1 
128 4 -0.266574 0.664501 1 
128 4 0.076562 0.028838 1 
128 4 0.686409 0.018911 1 
128 4 -0.139875 0.119011 0 
128 4 -0.480504 -0.410468 0 
128 4 0.306643 0.447846 1 
128 4 0.169630 0.017636 1 
128 4 0.677825 -0.235594 1 
128 4 0.848707 -0.342844 1 
128 4 0.675892 0.159739 0 
128 4 -0.498355 1.233579 0 
128 4 1.059079 0.125493 1 
128 4 -0.247833 0.195951 1 
128 4 0.062153 -0.023855 0 
128 4 0.024349 0.055710 1 
128 4 0.162635 0.058110 0 
128 4 1.264595 -0.030308 0 
128 4 -0.182704 0.139194 1 
128 4 0.039604 0.696183 1 
128 4 0.019635 0.714361 1 
128 4 0.005643 0.727558 1 
128 4 1.199009 -0.658535 0 
128 4 0.971429 -0.088993 0 
128 4 0.076175 -0.117075 0 
128 4 0.909026 0.082050 1 
128 4 0.324367 -0.019177 0 
128 4 0.059900 0.118816 0 
128 4 0.292356 0.189396 1 
128 4 1.222159 0.609863 0 
128 4 -0.113622 0.210103 1 
128 4 0.089628 0.672457 0 
128 4 0.697449 -0.286501 1 
128 4 0.358401 0.009653 0 
128 8 1.256001 0.021458 1 
128 8 1.053793 0.101192 1 
128 8 0.848186 0.101129 1 
128 8 1.169984 -0.195021 1 
128 8 1.059549 0.106230 1 
128 8 1.241146 0.082510 1 
128 8 1.126600 0.002167 1 
128 8 1.072025 0.189213 1 
128 8 0.964165 -0.047510 1 
128 8 1.186584 -0.391222 1 
128 8 1.305548 -0.042964 1 
128 8 1.071735 -0.021724 1 
128 8 1.090104 -0.093081 1 
128 8 1.168470 0.095272 1 
128 8 1.020451 0.101411 1 
128 8 1.166824 0.159242 1 
128 8 1.140581 -0.171520 1 
128 8 1.899509 0.084154 0 
128 8 1.544734 0.024131 1 
128 8 1.397654 0.057908 1 
128 8 0.962960 0.063133 1 
128 8 1.965060 0.093122 1 
128 8 1.098883 0.041152 1 
128 8 1.067529 0.155880 1 
128 8 1.091230 0.005307 1 
128 8 1.128357 0.062858 1 
128 8 1.253772 0.062778 1 
128 8 1.777873 0.113777 1 
128 8 1.195015 0.064135 1 
128 8 1.326477 0.031423 1 
128 8 1.214870 -0.031590 1 
128 8 1.571507 -0.006347 1 
128 8 1.596156 0.073940 1 
128 8 1.210653 0.128601 1 
128 8 0.825152 -0.080027 1 
128 8 0.961322 -0.047644 1 
128 8 1.158397 0.086217 1 
128 8 1.255746 0.123052 1 
128 8 1.024829 0.133988 1 
128 8 1.088148 0.093964 1 
128 8 1.453662 0.055851 1 
128 8 1.284213 0.080320 1 
128 8 0.997011 -0.027041 1 
128 8 1.367925 0.095366 1 
128 8 0.954625 -0.105040 1 
128 8 0.948894 0.007088 1 
128 8 0.989064 0.004811 1 
128 8 1.157353 -0.022681 1 
128 8 0.951975 0.106781 1 
128 8 1.295041 -0.014438 1 
128 8 1.631562 0.114656 1 
128 8 1.234056 -0.008507 1 
128 8 1.281624 0.083853 1 
128 8 1.085499 0.055885 1 
128 8 1.135498 0.010052 1 
128 8 1.273934 0.152831 1 
128 8 1.004844 -0.004755 1 
128 8 1.229034 0.164689 1 
128 8 1.742221 0.052825 1 
128 8 1.512241 0.138296 1 
128 8 1.113398 0.250824 1 
128 8 0.956591 0.117794 1 
128 8 0.913330 0.094575 1 
128 8 1.132852 -0.001967 1 
128 8 1.081803 0.154453 1 
128 8 1.091331 0.095795 1 
128 8 0.818679 -0.127484 0 
128 8 1.251452 0.123264 1 
128 8 1.211492 0.021935 1 
128 8 1.879978 0.045155 1 
128 8 1.124722 -0.157874 1 
128 8 1.306111 -0.139538 1 
128 8 1.026685 -0.330719 1 
128 8 1.098747 0.059534 1 
128 8 1.179925 -0.083593 1 
128 8 1.068047 -0.009417 1 
128 8 0.990437 -0.045302 1 
128 8 1.915113 0.041762 1 
128 8 1.099803 0.003892 1 
128 8 1.011238 0.151832 1 
128 8 0.897748 0.018971 1 
128 8 0.934435 0.044550 1 
128 8 1.092366 0.085494 1 
128 8 1.272888 0.041414 1 
128 8 1.441891 0.109610 1 
128 8 1.077831 0.079272 1 
128 8 0.945032 0.066633 1 
128 8 1.096184 0.029054 1 
128 8 1.130296 -0.141797 1 
128 8 1.040924 -0.002715 1 
128 8 0.826749 0.066590 1 
128 8 0.975270 0.033183 1 
128 8 1.234962 0.055262 1 
128 8 1.072248 0.100127 1 
128 8 0.975827 0.038578 1 
128 8 0.849670 0.095766 1 
128 8 1.211560 0.112256 1 
128 8 1.284010 -0.086885 1 
128 8 0.917450 0.001051 1 
128 8 1.197090 0.090457 1 
128 16 2.348552 0.052449 1 
128 16 2.993070 0.061482 1 
128 16 2.185149 -0.372289 1 
128 16 1.872796 0.157486 1 
128 16 2.224566 0.068184 1 
128 16 1.949881 0.106691 1 
128 16 3.077325 0.138331 1 
128 16 2.120564 0.030395 1 
128 16 2.412810 0.038965 1 
128 16 2.139956 0.067353 1 
128 16 2.136751 0.052329 1 
128 16 2.147085 0.085488 1 
128 16 2.112458 0.076768 1 
128 16 2.704354 0.057930 1 
128 16 2.022687 0.013996 1 
128 16 2.792440 0.145137 1 
128 16 2.193451 0.085148 1 
128 16 2.028389 0.097507 1 
128 16 2.320782 0.110993 1 
128 16 2.017533 0.036166 1 
128 16 1.939143 0.088063 1 
128 16 2.349157 0.116118 1 
128 16 2.211072 0.071967 1 
128 16 1.937551 0.030441 1 
128 16 2.284834 0.120097 1 
128 16 2.799799 0.084446 1 
128 16 2.435839 -0.018876 1 
128 16 2.123156 -0.007772 1 
128 16 2.393897 -0.016873 1 
128 16 3.489576 0.101443 1 
128 16 3.466290 0.042616 1 
128 16 1.838536 0.080393 1 
128 16 2.217986 0.042976 1 
128 16 2.071355 0.084488 1 
128 16 2.300545 0.092163 1 
128 16 2.045408 0.088419 1 
128 16 2.015486 0.025799 1 
128 16 2.395675 0.005091 1 
128 16 2.099902 0.023681 1 
128 16 2.479257 0.053784 1 
128 16 3.004969 0.107768 1 
128 16 2.625680 0.107852 1 
128 16 2.067010 0.030060 1 
128 16 2.150890 0.151040 1 
128 16 2.000548 0.034132 1 
128 16 1.785683 -0.011974 1 
128 16 3.708203 -0.217276 1 
128 16 3.179622 0.061522 1 
128 16 2.251373 0.093399 1 
128 16 2.130944 0.136456 1 
128 16 1.968171 0.017100 1 
128 16 2.363020 0.048649 1 
128 16 2.196602 0.108827 1 
128 16 2.150275 0.090510 1 
128 16 2.311367 0.006084 1 
128 16 2.228012 0.033533 1 
128 16 2.539765 0.017680 1 
128 16 2.314186 0.143056 1 
128 16 2.360736 0.054631 1 
128 16 2.035305 0.038165 1 
128 16 2.657542 0.001692 1 
128 16 1.934308 0.042573 1 
128 16 2.054145 0.024656 1 
128 16 3.578824 -0.007662 1 
128 16 2.122422 0.076907 1 
128 16 2.151283 0.128042 1 
128 16 2.346741 0.050671 1 
128 16 2.357635 0.014097 1 
128 16 2.214618 0.050682 1 
128 16 1.936181 -0.236414 1 
128 16 2.152946 0.062904 1 
128 16 1.978393 0.086368 1 
128 16 2.779968 0.076500 1 
128 16 1.878764 0.007488 1 
128 16 2.246487 0.105232 1 
128 16 3.560022 0.117257 1 
128 16 2.406169 0.144369 1 
128 16 3.464758 0.032970 1 
128 16 3.842559 0.032875 1 
128 16 2.541477 0.100730 1 
128 16 1.974729 -0.010181 1 
128 16 2.225759 0.096033 1 
128 16 1.864411 -0.004742 1 
128 16 2.210854 0.241147 1 
128 16 2.485715 0.131996 1 
128 16 2.275432 0.193719 1 
128 16 2.387789 0.025332 1 
128 16 2.011014 0.004829 1 
128 16 3.341258 0.103804 1 
128 16 2.114578 0.027111 1 
128 16 2.301499 0.040800 1 
128 16 2.416500 0.082221 1 
128 16 1.978924 -0.034010 1 
128 16 2.287908 0.045880 1 
128 16 2.399138 0.023097 1 
128 16 2.240394 0.018476 1 
128 16 2.021494 0.118004 1 
128 16 2.307052 0.230994 1 
128 16 1.888487 0.039844 1 
128 16 2.243859 0.090762 1 
128 4 0.361302 0.650219 1 
128 4 0.017879 -0.182235 0 
128 4 -0.138024 0.926766 0 
128 4 0.077065 0.527916 1 
128 4 0.472963 -0.006861 1 
128 4 0.231894 0.251832 1 
128 4 -0.259617 1.744734 1 
128 4 0.812590 0.031710 0 
128 4 0.718553 0.017717 1 
128 4 1.616327 0.369892 0 
128 4 0.219148 0.240612 0 
128 4 0.980581 0.724106 1 
128 4 0.885186 0.144722 0 
128 4 0.233907 -0.608155 1 
128 4 1.411293 0.137518 0 
128 4 0.689151 0.053006 0 
128 4 1.032446 0.004118 1 
128 4 0.669775 0.054692 0 
128 4 1.589790 0.892609 0 
128 4 0.060739 1.238067 0 
128 4 0.623311 0.461910 1 
128 4 0.625533 0.070864 0 
128 4 0.034847 0.493980 0 
128 4 0.603155 1.966997 1 
128 4 -0.088521 0.038592 1 
128 4 0.740749 0.537634 0 
128 4 0.052917 0.719629 1 
128 4 1.447122 -0.531201 1 
128 4 -0.289100 0.589526 0 
128 4 -0.112050 0.698741 0 
128 4 1.705366 0.084923 1 
128 4 -0.351183 0.931103 1 
128 4 1.115469 0.091032 1 
128 4 -1.036395 0.920587 0 
128 4 1.133830 0.186532 0 
128 4 -0.054153 -0.216406 1 
128 4 1.030671 0.096956 1 
128 4 0.079629 0.385381 1 
128 4 -0.302397 0.088143 0 
128 4 -0.115869 0.069189 1 
128 4 0.460535 1.455831 0 
128 4 0.148657 0.639454 1 
128 4 0.176161 0.515774 0 
128 4 -0.072872 0.645860 1 
128 4 0.891982 0.830272 0 
128 4 -0.061142 0.688869 0 
128 4 0.525527 1.215795 1 
128 4 0.461216 0.033615 1 
128 4 2.096901 0.128636 1 
128 4 0.541033 0.285304 1 
128 4 0.142128 0.971662 0 
128 4 0.536474 -0.118634 0 
128 4 1.288459 -0.457780 1 
128 4 0.116105 0.447651 1 
128 4 -0.365147 0.402753 1 
128 4 0.009982 0.520986 0 
128 4 -0.102829 0.266078 1 
128 4 0.227044 0.071708 1 
128 4 0.296401 0.098304 1 
128 4 1.018775 0.148633 0 
128 4 0.721489 -0.019105 1 
128 4 1.124348 0.749135 1 
128 4 1.271036 -0.120435 0 
128 4 0.341303 1.235669 0 
128 4 -0.026923 0.374320 1 
128 4 0.003897 0.767280 1 
128 4 0.147520 -0.030209 1 
128 4 1.017818 -0.241814 0 
128 4 0.308575 0.524318 0 
128 4 1.387356 0.287360 0 
128 4 1.635414 -0.349965 0 
128 4 0.084310 0.281102 1 
128 4 0.161960 0.835908 0 
128 4 0.359212 0.061758 0 
128 4 -0.319621 0.310197 1 
128 4 0.366361 0.314450 0 
128 4 -0.035623 1.059613 0 
128 4 1.268956 0.112385 1 
128 4 1.213305 -0.137171 0 
128 4 0.224326 -0.571368 0 
128 4 -0.056249 1.604417 1 
128 4 0.017320 0.715135 0 
128 4 0.019054 0.106850 1 
128 4 0.117792 -0.430163 0 
128 4 0.060997 0.735018 1 
128 4 0.825081 0.931880 0 
128 4 0.522085 0.010102 0 
128 4 -0.183213 -0.068917 0 
128 4 0.190878 0.360985 1 
128 4 0.698204 -0.282266 0 
128 4 0.306734 0.194299 1 
128 4 -0.051607 1.046649 1 
128 4 0.157138 0.439273 1 
128 4 -0.259971 0.310005 0 
128 4 -0.001772 0.032851 1 
128 4 -0.059541 0.539912 1 
128 4 0.743518 0.062008 1 
128 4 -0.065112 0.845761 0 
128 4 0.173795 0.663884 1 
128 4 1.563362 0.284428 0 
128 8 1.732479 0.027644 1 
128 8 1.557503 0.192837 1 
128 8 1.093891 0.050416 1 
128 8 1.276637 0.152861 1 
128 8 1.139093 0.081957 1 
128 8 0.845977 0.060729 1 
128 8 2.641766 0.049702 0 
128 8 1.004363 -0.006388 1 
128 8 1.451224 0.040093 1 
128 8 1.205524 0.093930 1 
128 8 1.381387 0.134595 1 
128 8 0.970653 0.060840 1 
128 8 1.770003 -0.000653 1 
128 8 -0.192663 1.421025 1 
128 8 1.294543 0.144919 1 
128 8 1.023485 0.161709 1 
128 8 0.949128 0.031703 1 
128 8 1.064869 0.102153 1 
128 8 1.081157 0.050874 1 
128 8 1.063783 0.062723 1 
128 8 1.024961 -0.275814 1 
128 8 0.815172 0.003324 1 
128 8 0.905892 0.107104 1 
128 8 1.420893 -0.042598 1 
128 8 1.217152 -0.142825 1 
128 8 1.392312 -0.222909 1 
128 8 0.933127 0.025743 1 
128 8 1.791520 -0.174315 1 
128 8 1.427283 0.037367 1 
128 8 1.083119 0.125534 1 
128 8 1.194553 0.110397 1 
128 8 1.942173 0.107761 1 
128 8 1.094502 0.006842 1 
128 8 1.176819 0.122194 1 
128 8 2.357489 0.080545 1 
128 8 1.043964 0.106776 1 
128 8 1.072430 0.086400 1 
128 8 1.137143 0.033853 1 
128 8 0.766477 -0.160867 1 
128 8 1.038880 0.077278 1 
128 8 1.296852 0.118529 1 
128 8 1.274462 0.127504 1 
128 8 0.903196 -0.008264 1 
128 8 0.925935 0.122878 1 
128 8 1.129685 0.144125 1 
128 8 1.019473 -0.200803 1 
128 8 1.490540 0.231928 1 
128 8 1.507314 0.053463 1 
128 8 0.949004 0.079652 1 
128 8 0.819918 0.181185 1 
128 8 1.118033 0.137224 1 
128 8 1.072416 0.035951 1 
128 8 1.033077 0.114858 1 
128 8 1.095426 0.157098 1 
128 8 1.359060 -0.000014 1 
128 8 1.007610 0.093383 1 
128 8 0.875900 0.046876 1 
128 8 1.709267 0.014166 1 
128 8 1.470490 -0.241915 1 
128 8 1.753634 0.104368 1 
128 8 0.831618 -0.155371 1 
128 8 1.013403 0.157323 1 
128 8 1.335903 0.066367 1 
128 8 1.751221 0.029845 1 
128 8 1.206331 -0.079166 1 
128 8 1.016212 0.037112 1 
128 8 1.262032 -0.037487 1 
128 8 1.383909 0.023169 1 
128 8 0.982829 0.134895 1 
128 8 1.125732 -0.155217 1 
128 8 1.222556 0.159007 1 
128 8 0.921856 0.054196 1 
128 8 1.849566 0.087224 1 
128 8 1.610970 0.005987 1 
128 8 1.310546 0.019778 1 
128 8 1.556274 0.102345 1 
128 8 1.125938 0.050915 1 
128 8 1.438497 0.042910 1 
128 8 0.939143 -0.081347 1 
128 8 1.062557 0.024331 1 
128 8 0.977196 0.036789 1 
128 8 1.140712 0.063483 1 
128 8 1.732239 0.105201 1 
128 8 1.237897 -0.330269 1 
128 8 1.055012 0.136126 1 
128 8 1.913667 0.102620 1 
128 8 0.923155 0.123338 1 
128 8 1.436935 -0.032745 1 
128 8 1.016079 -0.049406 1 
128 8 0.918506 0.096088 1 
128 8 1.029097 0.067413 1 
128 8 2.125951 0.050672 1 
128 8 1.120823 0.006757 1 
128 8 1.250128 -0.076482 1 
128 8 1.076709 0.044199 1 
128 8 1.682817 -0.125016 1 
128 8 1.189803 0.174145 1 
128 8 0.934569 0.130740 1 
128 8 0.928445 0.080264 1 
128 8 1.222356 0.185588 1 
128 16 2.217217 -0.011114 1 
128 16 2.933178 -0.451092 1 
128 16 2.368425 0.098523 1 
128 16 2.105081 0.066313 1 
128 16 1.956140 0.048127 1 
128 16 2.111117 0.072392 1 
128 16 2.387150 0.103308 1 
128 16 2.349377 0.081438 1 
128 16 2.848678 -0.016485 1 
128 16 2.053645 0.080183 1 
128 16 2.534426 -0.036971 1 
128 16 2.097113 0.021360 1 
128 16 2.413297 0.093714 1 
128 16 2.484619 -0.043519 1 
128 16 2.292590 0.112624 1 
128 16 3.146556 0.045325 1 
128 16 2.320979 0.054653 1 
128 16 2.096929 0.069407 1 
128 16 1.910040 0.056119 1 
128 16 2.034703 0.103482 1 
128 16 2.427439 0.184530 1 
128 16 2.347776 0.082965 1 
128 16 2.304308 0.030441 1 
128 16 2.335521 0.055847 1 
128 16 2.093034 0.132358 1 
128 16 2.068180 0.071702 1 
128 16 2.250657 -0.140377 1 
128 16 2.191774 -0.733236 1 
128 16 2.133621 0.050233 1 
128 16 2.107280 0.097945 1 
128 16 3.564439 0.058550 1 
128 16 1.828982 0.159822 1 
128 16 2.421925 0.066987 1 
128 16 3.447723 0.028347 1 
128 16 2.494441 0.011454 1 
128 16 2.164060 0.059126 1 
128 16 2.158933 0.027864 1 
128 16 1.857125 0.106563 1 
128 16 2.240461 -0.013016 1 
128 16 2.105829 0.089160 1 
128 16 2.120559 0.054465 1 
128 16 2.254729 0.148614 1 
128 16 2.210224 0.155580 1 
128 16 1.974444 0.131668 1 
128 16 2.206433 0.051845 1 
128 16 2.001369 0.080068 1 
128 16 2.421575 0.163627 1 
128 16 2.124727 0.036265 1 
128 16 2.089633 0.080075 1 
128 16 2.057950 0.175809 1 
128 16 2.650166 -0.306806 1 
128 16 2.093588 0.051762 1 
128 16 2.199845 0.018377 1 
128 16 1.749600 0.136209 1 
128 16 2.560585 0.055359 1 
128 16 1.982752 0.067250 1 
128 16 2.276431 0.199014 1 
128 16 1.694008 -0.010453 1 
128 16 2.099322 0.042618 1 
128 16 2.351084 0.011204 1 
128 16 2.221522 0.110801 1 
128 16 1.836185 0.041484 1 
128 16 2.452562 0.081047 1 
128 16 1.808007 -0.012745 1 
128 16 2.407960 0.059684 1 
128 16 2.248934 0.134169 1 
128 16 2.718309 0.075797 1 
128 16 1.779778 -0.380790 1 
128 16 2.220057 0.081100 1 
128 16 2.171971 -0.057315 1 
128 16 1.970424 0.114594 1 
128 16 2.226235 -0.387775 1 
128 16 2.262537 0.077262 1 
128 16 2.218950 0.078844 1 
128 16 2.142077 0.021641 1 
128 16 2.372965 0.023717 1 
128 16 1.998974 0.133083 1 
128 16 2.256274 0.077090 1 
128 16 2.526949 -0.018899 1 
128 16 1.866994 0.104126 1 
128 16 2.672356 0.054811 1 
128 16 2.076035 0.091561 1 
128 16 2.181691 0.121985 1 
128 16 2.392200 0.007629 1 
128 16 2.089771 -0.011603 1 
128 16 2.245436 -0.011556 1 
128 16 2.443418 0.034675 1 
128 16 3.007335 0.168170 1 
128 16 2.336005 0.079762 1 
128 16 2.442204 0.134076 1 
128 16 2.261992 0.072971 1 
128 16 2.221713 0.089839 1 
128 16 1.841082 0.072167 1 
128 16 2.368080 0.010152 1 
128 16 3.402864 0.098999 1 
128 16 2.003817 -0.022522 1 
128 16 2.309855 0.063473 1 
128 16 2.130719 0.097206 1 
128 16 2.192785 0.034600 1 
128 16 2.037235 0.172048 1 
128 4 0.154142 0.570120 0 
128 4 0.099294 -0.006809 1 
128 4 0.635171 0.488529 0 
128 4 -0.006550 0.128262 1 
128 4 0.121798 0.114264 0 
128 4 0.486703 0.075306 1 
128 4 0.061170 0.226113 1 
128 4 0.149867 0.053843 1 
128 4 0.556007 0.493620 1 
128 4 0.777181 0.330530 0 
128 4 -0.116300 -0.087330 1 
128 4 0.689506 -0.014689 1 
128 4 0.557699 -0.133855 0 
128 4 -0.071960 0.513374 1 
128 4 0.602437 0.728391 0 
128 4 0.252060 0.409250 0 
128 4 0.999219 -0.011700 0 
128 4 0.037968 0.685772 1 
128 4 0.891576 0.811327 0 
128 4 0.979948 -0.270303 0 
128 4 0.565361 0.071070 1 
128 4 0.810590 0.045093 1 
128 4 -0.190695 1.041136 1 
128 4 0.532001 0.130977 0 
128 4 0.949265 0.756705 0 
128 4 -0.059045 1.256242 0 
128 4 -0.283833 1.069374 1 
128 4 -0.186286 -0.001217 1 
128 4 0.184942 0.797730 1 
128 4 0.028703 0.402322 1 
128 4 1.088230 -0.031966 1 
128 4 0.652429 -0.023169 1 
128 4 1.048959 0.123076 0 
128 4 -0.038605 0.210446 1 
128 4 0.674650 0.082128 1 
128 4 0.154614 0.136750 0 
128 4 0.074751 -0.025657 0 
128 4 0.020341 -0.208131 1 
128 4 0.439453 0.269851 0 
128 4 1.422932 0.059757 0 
128 4 0.178446 -0.165154 1 
128 4 0.889334 0.152783 1 
128 4 0.234989 -0.084424 0 
128 4 0.515589 0.833905 0 
128 4 -0.006112 1.177349 1 
128 4 1.193722 -0.764682 0 
128 4 0.567276 -0.812192 0 
128 4 0.530810 -0.284694 0 
128 4 0.704761 0.344411 1 
128 4 0.038971 -0.033276 1 
128 4 0.264327 -0.298859 1 
128 4 0.304382 0.281734 1 
128 4 0.452349 0.522154 1 
128 4 0.972583 0.234097 0 
128 4 0.355955 0.137988 1 
128 4 0.786780 -0.003231 0 
128 4 0.538663 0.004595 1 
128 4 0.730991 0.352124 0 
128 4 0.150872 0.090395 1 
128 4 0.079543 1.282949 0 
128 4 -0.148146 0.122982 1 
128 4 -0.583712 0.137536 1 
128 4 0.907212 0.479025 0 
128 4 0.913800 -0.032391 0 
128 4 1.297030 -0.013691 0 
128 4 1.351079 -0.084329 1 
128 4 1.586116 0.064717 0 
128 4 -0.044514 1.014606 1 
128 4 0.184597 -0.249280 1 
128 4 -0.003969 0.798543 1 
128 4 0.527327 -0.532928 1 
128 4 0.105926 0.009466 1 
128 4 0.034796 0.551577 0 
128 4 0.103304 0.483615 1 
128 4 0.233062 0.734327 0 
128 4 -0.122940 0.780646 1 
128 4 -0.019758 0.372669 1 
128 4 0.239932 0.553232 1 
128 4 -0.351692 0.120998 1 
128 4 -0.241930 0.420648 0 
128 4 1.315103 0.112977 0 
128 4 0.661094 -0.024115 1 
128 4 0.641748 0.016908 0 
128 4 0.029090 0.191650 0 
128 4 0.086439 -0.097393 0 
128 4 -0.163012 0.968708 0 
128 4 0.105004 0.981846 0 
128 4 0.284475 -0.099016 1 
128 4 0.014459 -0.150010 1 
128 4 0.209801 0.176291 1 
128 4 1.094944 0.188151 0 
128 4 1.136330 -0.483892 1 
128 4 0.032231 1.661935 1 
128 4 0.652283 0.675742 0 
128 4 0.232846 -0.258803 0 
128 4 0.147081 0.903428 1 
128 4 0.800985 0.488423 0 
128 4 0.680709 -0.119224 1 
128 4 0.007262 1.164846 0 
128 4 -1.467135 2.158647 0 
128 4 0.979909 0.056563 1 
128 4 -0.296796 -0.031920 1 
128 4 0.443794 -0.162044 1 
128 4 0.281202 0.118071 0 
128 4 0.684800 0.129547 1 
128 4 -0.034338 1.077075 0 
128 4 -0.121782 -0.044779 1 
128 4 0.685741 0.234740 0 
128 4 0.888479 -0.108764 1 
128 4 -0.441899 1.529278 0 
128 4 0.426994 -0.173040 0 
128 8 1.412897 0.056423 1 
128 8 0.952228 -0.226645 1 
128 8 0.875127 0.041045 1 
128 8 1.482017 0.128345 1 
128 8 0.779901 -0.298984 1 
128 8 1.354103 0.076978 1 
128 8 0.910074 0.044809 1 
128 8 0.787019 0.069563 1 
128 8 0.934413 -0.038715 1 
128 8 1.454456 0.090354 1 
128 8 1.361500 -0.038407 1 
128 8 1.061237 -0.084814 1 
128 8 1.044103 0.060084 1 
128 8 1.256020 0.094032 1 
128 8 1.496792 0.087470 1 
128 8 1.581058 0.120840 1 
128 8 1.726260 0.023373 1 
128 8 1.024683 0.013248 1 
128 8 1.120949 -0.135421 1 
128 8 0.936890 0.181744 1 
128 8 1.318214 0.192170 1 
128 8 1.093494 0.061999 1 
128 8 1.079953 0.064692 1 
128 8 1.016318 -0.023861 1 
128 8 1.926917 0.066333 1 
128 8 1.243286 0.017964 1 
128 8 0.996550 -0.276459 1 
128 8 1.055114 0.087883 1 
128 8 1.230413 0.017974 1 
128 8 0.777264 0.062333 1 
128 8 1.238173 -0.117231 1 
128 8 1.089334 0.054095 1 
128 8 1.846271 0.071475 1 
128 8 1.195747 0.030634 1 
128 8 1.243553 0.176362 1 
128 8 1.036393 -0.004090 1 
128 8 1.313374 -0.404878 1 
128 8 1.098461 0.035356 1 
128 8 1.208496 0.066497 1 
128 8 0.936580 0.048069 1 
128 8 1.145729 0.008267 1 
128 8 1.828698 -0.008141 1 
128 8 1.002070 0.104284 1 
128 8 0.761612 0.078810 1 
128 8 1.053401 0.026406 1 
128 8 1.940719 0.042754 1 
128 8 1.149394 0.091630 1 
128 8 0.970924 0.103374 1 
128 8 1.322530 0.078469 1 
128 8 0.932906 -0.014725 1 
128 8 1.593239 0.028734 1 
128 8 2.205717 -0.037904 1 
128 8 1.102169 -0.103691 1 
128 8 0.995731 0.161348 1 
128 8 1.127014 0.024594 1 
128 8 1.162723 0.105237 1 
128 8 1.191070 0.043932 1 
128 8 1.539652 0.070934 1 
128 8 0.942105 0.040557 1 
128 8 1.408712 -0.424029 1 
128 8 2.566059 0.019506 0 
128 8 1.347029 -0.144925 1 
128 8 0.684327 0.130857 1 
128 8 1.098241 0.153628 1 
128 8 0.915396 0.086193 1 
128 8 0.874327 0.091475 1 
128 8 0.920811 0.236907 1 
128 8 1.266300 0.103050 1 
128 8 1.100351 0.009132 1 
128 8 1.415285 0.077373 1 
128 8 1.449317 0.076458 1 
128 8 1.504568 -0.021891 1 
128 8 1.599121 0.111171 1 
128 8 1.195421 0.093712 1 
128 8 1.257644 0.051675 1 
128 8 1.677783 -0.075855 1 
128 8 1.415939 0.066288 1 
128 8 1.091112 0.104444 1 
128 8 1.074222 0.063776 1 
128 8 1.232583 0.013294 1 
128 8 0.982812 -0.190969 1 
128 8 1.121514 0.037557 1 
128 8 0.982694 0.060336 1 
128 8 0.938600 0.135584 1 
128 8 2.577827 0.028219 1 
128 8 1.123206 0.067107 1 
128 8 1.273100 0.041196 1 
128 8 1.290339 -0.230035 1 
128 8 1.090221 -0.030308 1 
128 8 1.045510 0.083495 1 
128 8 1.321167 -0.176019 1 
128 8 1.105860 0.018811 1 
128 8 1.870644 -0.131142 1 
128 8 1.248788 -0.201419 1 
128 8 1.126125 0.040492 1 
128 8 0.899385 -0.127210 1 
128 8 1.161081 0.082982 1 
128 8 1.318423 -0.216992 1 
128 8 1.195703 0.035404 1 
128 8 1.424818 0.101378 1 
128 16 2.883119 0.064712 1 
128 16 2.236017 0.214825 1 
128 16 2.244162 0.055481 1 
128 16 2.349261 0.028052 1 
128 16 2.329317 0.212986 1 
128 16 2.123824 -0.046983 1 
128 16 2.757580 0.023506 1 
128 16 2.027648 -0.757966 1 
128 16 2.368860 0.133233 1 
128 16 3.703720 0.157259 1 
128 16 2.911945 0.180387 1 
128 16 2.285907 0.066627 1 
128 16 2.205117 0.068945 1 
128 16 2.151107 -0.926013 1 
128 16 2.127235 0.046998 1 
128 16 2.351653 -0.014904 1 
128 16 2.597352 0.074154 1 
128 16 2.331967 0.167743 1 
128 16 2.191783 0.171190 1 
128 16 2.329864 0.052128 1 
128 16 2.115511 0.225966 1 
128 16 1.908192 0.023635 1 
128 16 2.154295 0.136512 1 
128 16 2.440197 0.055606 1 
128 16 2.192481 0.038848 1 
128 16 2.225400 -0.007710 1 
128 16 2.039541 0.059493 1 
128 16 2.108767 0.055870 1 
128 16 2.145789 -0.051397 1 
128 16 2.186651 0.005757 1 
128 16 2.474434 0.108438 1 
128 16 3.235789 0.131154 1 
128 16 2.876723 0.146370 1 
128 16 2.053777 0.091088 1 
128 16 1.997109 0.008254 1 
128 16 2.336854 0.085813 1 
128 16 1.983774 0.084151 1 
128 16 2.165840 0.125525 1 
128 16 2.087818 0.015573 1 
128 16 1.928325 0.085365 1 
128 16 2.040850 0.092505 1 
128 16 2.149014 0.039276 1 
128 16 1.915270 -0.026256 1 
128 16 2.132912 0.035123 1 
128 16 2.141377 0.082615 1 
128 16 2.220564 0.111884 1 
128 16 1.966431 0.132814 1 
128 16 2.358131 0.027953 1 
128 16 1.982181 0.094442 1 
128 16 2.045066 0.095977 1 
128 16 2.133588 0.044838 1 
128 16 1.814207 0.086319 1 
128 16 2.154573 -0.007654 1 
128 16 2.068490 0.018939 1 
128 16 3.981275 0.068947 1 
128 16 2.056189 0.004421 1 
128 16 2.330652 0.018576 1 
128 16 2.270446 0.116445 1 
128 16 2.211866 0.037618 1 
128 16 2.141124 0.077541 1 
128 16 2.203841 -0.296860 1 
128 16 2.149511 0.217172 1 
128 16 2.162484 0.094568 1 
128 16 2.885713 0.105495 1 
128 16 2.191905 0.201902 1 
128 16 3.342403 0.167043 1 
128 16 2.124342 -0.006152 1 
128 16 2.225202 0.158062 1 
128 16 2.363471 0.133175 1 
128 16 2.060165 -0.005421 1 
128 16 2.110360 0.061285 1 
128 16 2.556203 0.054516 1 
128 16 2.268332 0.065520 1 
128 16 1.826870 0.114709 1 
128 16 2.050460 0.035169 1 
128 16 2.553198 0.148665 1 
128 16 2.840160 -0.072868 1 
128 16 2.038784 -0.045536 1 
128 16 2.011622 0.022328 1 
128 16 2.147542 0.116706 1 
128 16 2.154618 0.092537 1 
128 16 2.164908 0.057470 1 
128 16 2.212349 0.044947 1 
128 16 2.119112 -0.017427 1 
128 16 3.394802 -0.687175 1 
128 16 2.153095 0.047518 1 
128 16 2.379666 0.206108 1 
128 16 2.257547 0.127390 1 
128 16 2.258374 0.098690 1 
128 16 2.295317 -0.295050 1 
128 16 2.391565 0.141385 1 
128 16 2.300711 0.011855 1 
128 16 2.268658 0.101161 1 
128 16 1.897660 0.074310 1 
128 16 2.690744 0.071404 1 
128 16 2.720199 0.086293 1 
128 16 3.274800 -0.160594 1 
128 16 2.370570 0.084812 1 
128 16 2.161693 0.021556 1 
128 16 2.273509 -0.002768 1 
