0.5 0.889 0.519 0.889 1 * 1
1.0 0.226 0.175 0.226 1 * 2
1.5 0.571 0.239 0.043 1 * 3
2.0 0.729 0.299 0.042 1 * 3
2.5 0.588 0.364 0.111 2 * 3 5
3.0 0.667 0.418 0.141 2 * 3 5
3.5 0.724 0.460 0.163 2 * 3 5
4.0 0.694 0.506 0.203 2 * 3 6
4.5 0.573 0.396 0.227 2 * 5 7
5.0 0.697 0.507 0.252 3 * 3 5 7
5.5 0.732 0.533 0.269 3 * 3 5 7
6.0 0.766 0.557 0.284 3 * 3 5 7
6.5 0.776 0.565 0.289 3 * 3 5 7
7.0 0.792 0.576 0.296 3 * 3 5 7
7.5 0.800 0.582 0.300 3 * 3 5 7
8.0 0.807 0.587 0.303 3 * 3 5 7
8.5 0.811 0.589 0.304 3 * 3 5 7
9.0 0.814 0.592 0.306 3 * 3 5 7
9.5 0.816 0.593 0.306 3 * 3 5 7
10.0 0.817 0.594 0.307 3 * 3 5 7
0.5 0.889 0.519 0.889 1 * 1
1.0 0.889 0.519 0.889 1 * 1
1.5 0.540 0.226 0.039 1 * 3
2.0 0.719 0.295 0.044 1 * 3
2.5 0.592 0.365 0.110 2 * 3 5
3.0 0.674 0.425 0.148 2 * 3 5
3.5 0.727 0.460 0.163 2 * 3 5
4.0 0.634 0.502 0.066 3 * 3 5 7
4.5 0.582 0.403 0.234 2 * 5 7
5.0 0.705 0.514 0.258 3 * 3 5 7
5.5 0.740 0.537 0.272 3 * 3 5 7
6.0 0.764 0.556 0.283 3 * 3 5 7
6.5 0.781 0.568 0.292 3 * 3 5 7
7.0 0.792 0.577 0.297 3 * 3 5 7
7.5 0.798 0.581 0.299 3 * 3 5 7
8.0 0.808 0.588 0.303 3 * 3 5 7
8.5 0.810 0.590 0.305 3 * 3 5 7
9.0 0.814 0.592 0.306 3 * 3 5 7
9.5 0.815 0.593 0.306 3 * 3 5 7
10.0 0.818 0.595 0.307 3 * 3 5 7
0.5 0.889 0.519 0.889 1 * 1
1.0 0.889 0.519 0.889 1 * 1
1.5 0.573 0.238 0.035 1 * 3
2.0 0.708 0.292 0.039 1 * 3
2.5 0.581 0.360 0.106 2 * 3 5
3.0 0.671 0.420 0.144 2 * 3 5
3.5 0.731 0.462 0.163 2 * 3 5
4.0 0.693 0.505 0.201 2 * 3 6
4.5 0.573 0.396 0.230 1 * 7
5.0 0.700 0.508 0.253 3 * 3 5 7
5.5 0.732 0.534 0.271 3 * 3 5 7
6.0 0.764 0.556 0.284 3 * 3 5 7
6.5 0.780 0.567 0.290 3 * 3 5 7
7.0 0.793 0.576 0.296 3 * 3 5 7
7.5 0.797 0.580 0.298 3 * 3 5 7
8.0 0.807 0.587 0.303 3 * 3 5 7
8.5 0.810 0.589 0.304 3 * 3 5 7
9.0 0.813 0.592 0.306 3 * 3 5 7
9.5 0.814 0.592 0.306 3 * 3 5 7
10.0 0.817 0.594 0.307 3 * 3 5 7
0.5 0.889 0.519 0.889 1 * 1
1.0 0.067 0.035 0.016 1 * 3
1.5 0.539 0.222 0.033 1 * 3
2.0 0.720 0.296 0.045 1 * 3
2.5 0.583 0.358 0.108 2 * 3 5
3.0 0.668 0.415 0.136 2 * 3 5
3.5 0.661 0.480 0.186 2 * 3 6
4.0 0.635 0.505 0.066 3 * 3 5 7
4.5 0.568 0.392 0.225 2 * 5 7
5.0 0.692 0.540 0.270 3 * 3 5 7
5.5 0.726 0.529 0.267 3 * 3 5 7
6.0 0.764 0.556 0.284 3 * 3 5 7
6.5 0.780 0.567 0.290 3 * 3 5 7
7.0 0.791 0.575 0.295 3 * 3 5 7
7.5 0.800 0.582 0.300 3 * 3 5 7
8.0 0.809 0.588 0.303 3 * 3 5 7
8.5 0.811 0.590 0.305 3 * 3 5 7
9.0 0.813 0.591 0.305 3 * 3 5 7
9.5 0.816 0.593 0.306 3 * 3 5 7
10.0 0.816 0.594 0.307 3 * 3 5 7
0.5 0.889 0.519 0.889 1 * 1
1.0 0.889 0.519 0.889 1 * 1
1.5 0.536 0.221 0.036 1 * 3
2.0 0.712 0.294 0.043 1 * 3
2.5 0.589 0.363 0.111 2 * 3 5
3.0 0.667 0.415 0.139 2 * 3 5
3.5 0.730 0.462 0.165 2 * 3 5
4.0 0.527 0.362 0.202 2 * 5 7
4.5 0.583 0.404 0.232 2 * 5 7
5.0 0.701 0.509 0.254 3 * 3 5 7
5.5 0.736 0.535 0.271 3 * 3 5 7
6.0 0.765 0.558 0.285 3 * 3 5 7
6.5 0.783 0.570 0.293 3 * 3 5 7
7.0 0.794 0.578 0.297 3 * 3 5 7
7.5 0.802 0.583 0.301 3 * 3 5 7
8.0 0.806 0.586 0.302 3 * 3 5 7
8.5 0.810 0.589 0.304 3 * 3 5 7
9.0 0.813 0.591 0.305 3 * 3 5 7
9.5 0.814 0.592 0.306 3 * 3 5 7
10.0 0.818 0.595 0.307 3 * 3 5 7
0.5 0.889 0.519 0.889 1 * 1
1.0 0.889 0.519 0.889 1 * 1
1.5 0.557 0.230 0.035 1 * 3
2.0 0.721 0.294 0.041 1 * 3
2.5 0.593 0.328 0.105 1 * 4
3.0 0.680 0.423 0.143 2 * 3 5
3.5 0.729 0.462 0.163 2 * 3 5
4.0 0.631 0.502 0.066 3 * 3 5 7
4.5 0.662 0.480 0.236 3 * 3 5 7
5.0 0.697 0.507 0.251 3 * 3 5 7
5.5 0.735 0.535 0.270 3 * 3 5 7
6.0 0.767 0.558 0.285 3 * 3 5 7
6.5 0.780 0.568 0.291 3 * 3 5 7
7.0 0.793 0.577 0.296 3 * 3 5 7
7.5 0.801 0.582 0.300 3 * 3 5 7
8.0 0.807 0.587 0.303 3 * 3 5 7
8.5 0.812 0.590 0.305 3 * 3 5 7
9.0 0.814 0.592 0.306 3 * 3 5 7
9.5 0.814 0.592 0.306 3 * 3 5 7
10.0 0.817 0.594 0.307 3 * 3 5 7
0.5 0.889 0.519 0.889 1 * 1
1.0 0.889 0.519 0.889 1 * 1
1.5 0.544 0.227 0.040 1 * 3
2.0 0.721 0.294 0.043 1 * 3
2.5 0.598 0.309 0.095 1 * 4
3.0 0.675 0.422 0.143 2 * 3 5
3.5 0.728 0.461 0.164 2 * 3 5
4.0 0.435 0.342 0.216 1 * 7
4.5 0.577 0.400 0.231 2 * 5 7
5.0 0.694 0.507 0.254 3 * 3 5 7
5.5 0.747 0.543 0.276 3 * 3 5 7
6.0 0.757 0.552 0.281 3 * 3 5 7
6.5 0.782 0.569 0.292 3 * 3 5 7
7.0 0.790 0.574 0.295 3 * 3 5 7
7.5 0.802 0.583 0.300 3 * 3 5 7
8.0 0.807 0.587 0.303 3 * 3 5 7
8.5 0.811 0.590 0.305 3 * 3 5 7
9.0 0.813 0.591 0.305 3 * 3 5 7
9.5 0.814 0.592 0.306 3 * 3 5 7
10.0 0.816 0.593 0.307 3 * 3 5 7
0.5 0.889 0.519 0.889 1 * 1
1.0 0.889 0.519 0.889 1 * 1
1.5 0.542 0.227 0.038 1 * 3
2.0 0.726 0.298 0.041 1 * 3
2.5 0.588 0.310 0.099 1 * 4
3.0 0.677 0.423 0.143 2 * 3 5
3.5 0.736 0.469 0.169 2 * 3 5
4.0 0.640 0.508 0.072 3 * 3 5 7
4.5 0.577 0.399 0.229 2 * 5 7
5.0 0.696 0.505 0.250 3 * 3 5 7
5.5 0.732 0.533 0.269 3 * 3 5 7
6.0 0.765 0.556 0.284 3 * 3 5 7
6.5 0.781 0.568 0.291 3 * 3 5 7
7.0 0.789 0.574 0.295 3 * 3 5 7
7.5 0.801 0.583 0.300 3 * 3 5 7
8.0 0.806 0.586 0.302 3 * 3 5 7
8.5 0.809 0.588 0.304 3 * 3 5 7
9.0 0.814 0.591 0.306 3 * 3 5 7
9.5 0.815 0.593 0.306 3 * 3 5 7
10.0 0.817 0.594 0.307 3 * 3 5 7
0.5 0.889 0.519 0.889 1 * 1
1.0 0.889 0.519 0.889 1 * 1
1.5 0.402 0.183 0.044 1 * 4
2.0 0.720 0.297 0.049 1 * 3
2.5 0.598 0.297 0.095 1 * 4
3.0 0.665 0.414 0.135 2 * 3 5
3.5 0.658 0.476 0.184 2 * 3 6
4.0 0.629 0.501 0.064 3 * 3 5 7
4.5 0.583 0.403 0.233 2 * 5 7
5.0 0.700 0.509 0.252 3 * 3 5 7
5.5 0.729 0.531 0.269 3 * 3 5 7
6.0 0.765 0.556 0.283 3 * 3 5 7
6.5 0.777 0.565 0.290 3 * 3 5 7
7.0 0.687 0.560 0.088 3 * 3 6 8
7.5 0.799 0.581 0.299 3 * 3 5 7
8.0 0.805 0.586 0.302 3 * 3 5 7
8.5 0.810 0.589 0.304 3 * 3 5 7
9.0 0.812 0.591 0.305 3 * 3 5 7
9.5 0.815 0.593 0.306 3 * 3 5 7
10.0 0.817 0.594 0.307 3 * 3 5 7
0.5 0.889 0.519 0.889 1 * 1
1.0 0.889 0.519 0.889 1 * 1
1.5 0.571 0.239 0.041 1 * 3
2.0 0.708 0.292 0.047 1 * 3
2.5 0.603 0.317 0.097 1 * 4
3.0 0.673 0.423 0.143 2 * 3 5
3.5 0.733 0.464 0.167 2 * 3 5
4.0 0.630 0.505 0.066 3 * 3 5 7
4.5 0.544 0.483 0.230 3 * 2 5 7
5.0 0.692 0.503 0.249 3 * 3 5 7
5.5 0.736 0.536 0.271 3 * 3 5 7
6.0 0.760 0.553 0.283 3 * 3 5 7
6.5 0.779 0.568 0.292 3 * 3 5 7
7.0 0.792 0.576 0.296 3 * 3 5 7
7.5 0.800 0.581 0.299 3 * 3 5 7
8.0 0.807 0.587 0.303 3 * 3 5 7
8.5 0.810 0.589 0.304 3 * 3 5 7
9.0 0.812 0.591 0.305 3 * 3 5 7
9.5 0.816 0.593 0.306 3 * 3 5 7
10.0 0.816 0.593 0.307 3 * 3 5 7
0.5 0.889 0.519 0.889 1 * 1
1.0 0.889 0.519 0.889 1 * 1
1.5 0.543 0.222 0.030 1 * 3
2.0 0.713 0.294 0.042 1 * 3
2.5 0.595 0.363 0.112 2 * 3 5
3.0 0.674 0.420 0.141 2 * 3 5
3.5 0.728 0.459 0.163 2 * 3 5
4.0 0.635 0.504 0.066 3 * 3 5 7
4.5 0.562 0.387 0.220 2 * 5 7
5.0 0.696 0.506 0.253 3 * 3 5 7
5.5 0.738 0.536 0.271 3 * 3 5 7
6.0 0.759 0.552 0.282 3 * 3 5 7
6.5 0.780 0.568 0.291 3 * 3 5 7
7.0 0.794 0.578 0.297 3 * 3 5 7
7.5 0.798 0.580 0.299 3 * 3 5 7
8.0 0.807 0.587 0.302 3 * 3 5 7
8.5 0.811 0.590 0.305 3 * 3 5 7
9.0 0.812 0.590 0.305 3 * 3 5 7
9.5 0.816 0.593 0.307 3 * 3 5 7
10.0 0.816 0.594 0.307 3 * 3 5 7
0.5 0.889 0.519 0.889 1 * 1
1.0 0.889 0.519 0.889 1 * 1
1.5 0.563 0.234 0.037 1 * 3
2.0 0.721 0.299 0.048 1 * 3
2.5 0.582 0.363 0.104 2 * 3 5
3.0 0.671 0.419 0.140 2 * 3 5
3.5 0.727 0.460 0.162 2 * 3 5
4.0 0.640 0.506 0.068 3 * 3 5 7
4.5 0.675 0.510 0.217 3 * 3 5 7
5.0 0.697 0.507 0.252 3 * 3 5 7
5.5 0.728 0.529 0.265 3 * 3 5 7
6.0 0.763 0.555 0.283 3 * 3 5 7
6.5 0.780 0.568 0.291 3 * 3 5 7
7.0 0.792 0.576 0.296 3 * 3 5 7
7.5 0.801 0.582 0.300 3 * 3 5 7
8.0 0.809 0.588 0.304 3 * 3 5 7
8.5 0.810 0.589 0.304 3 * 3 5 7
9.0 0.814 0.591 0.305 3 * 3 5 7
9.5 0.815 0.593 0.306 3 * 3 5 7
10.0 0.816 0.593 0.306 3 * 3 5 7
0.5 0.889 0.519 0.889 1 * 1
1.0 0.889 0.519 0.889 1 * 1
1.5 0.542 0.228 0.037 1 * 3
2.0 0.715 0.296 0.048 1 * 3
2.5 0.584 0.318 0.100 1 * 4
3.0 0.655 0.410 0.138 2 * 3 5
3.5 0.657 0.471 0.179 2 * 3 6
4.0 0.629 0.502 0.066 3 * 3 5 7
4.5 0.565 0.394 0.227 2 * 5 7
5.0 0.708 0.514 0.257 3 * 3 5 7
5.5 0.739 0.538 0.273 3 * 3 5 7
6.0 0.764 0.555 0.283 3 * 3 5 7
6.5 0.782 0.569 0.291 3 * 3 5 7
7.0 0.792 0.576 0.296 3 * 3 5 7
7.5 0.798 0.580 0.299 3 * 3 5 7
8.0 0.807 0.587 0.303 3 * 3 5 7
8.5 0.810 0.589 0.304 3 * 3 5 7
9.0 0.814 0.592 0.305 3 * 3 5 7
9.5 0.815 0.593 0.306 3 * 3 5 7
10.0 0.817 0.594 0.307 3 * 3 5 7
0.5 0.889 0.519 0.889 1 * 1
1.0 0.232 0.153 0.232 1 * 2
1.5 0.545 0.228 0.039 1 * 3
2.0 0.733 0.303 0.047 1 * 3
2.5 0.595 0.366 0.114 2 * 3 5
3.0 0.671 0.420 0.140 2 * 3 5
3.5 0.650 0.468 0.179 2 * 3 6
4.0 0.688 0.500 0.198 2 * 3 6
4.5 0.679 0.514 0.248 2 * 3 7
5.0 0.700 0.510 0.254 3 * 3 5 7
5.5 0.737 0.536 0.272 3 * 3 5 7
6.0 0.762 0.555 0.284 3 * 3 5 7
6.5 0.779 0.567 0.291 3 * 3 5 7
7.0 0.790 0.575 0.295 3 * 3 5 7
7.5 0.801 0.583 0.300 3 * 3 5 7
8.0 0.806 0.587 0.303 3 * 3 5 7
8.5 0.809 0.589 0.304 3 * 3 5 7
9.0 0.813 0.591 0.305 3 * 3 5 7
9.5 0.816 0.594 0.307 3 * 3 5 7
10.0 0.816 0.593 0.307 3 * 3 5 7
0.5 0.889 0.519 0.889 1 * 1
1.0 0.889 0.519 0.889 1 * 1
1.5 0.538 0.227 0.038 1 * 3
2.0 0.713 0.293 0.045 1 * 3
2.5 0.588 0.308 0.097 1 * 4
3.0 0.674 0.422 0.144 2 * 3 5
3.5 0.730 0.463 0.163 2 * 3 5
4.0 0.695 0.508 0.205 2 * 3 6
4.5 0.578 0.401 0.232 2 * 5 7
5.0 0.697 0.508 0.254 3 * 3 5 7
5.5 0.738 0.539 0.274 3 * 3 5 7
6.0 0.761 0.554 0.282 3 * 3 5 7
6.5 0.785 0.571 0.293 3 * 3 5 7
7.0 0.792 0.576 0.296 3 * 3 5 7
7.5 0.801 0.582 0.300 3 * 3 5 7
8.0 0.805 0.586 0.303 3 * 3 5 7
8.5 0.810 0.589 0.304 3 * 3 5 7
9.0 0.813 0.591 0.305 3 * 3 5 7
9.5 0.815 0.592 0.306 3 * 3 5 7
10.0 0.816 0.593 0.307 3 * 3 5 7
0.5 0.889 0.519 0.889 1 * 1
1.0 0.889 0.519 0.889 1 * 1
1.5 0.555 0.232 0.035 1 * 3
2.0 0.727 0.301 0.043 1 * 3
2.5 0.576 0.360 0.108 2 * 3 5
3.0 0.672 0.421 0.141 2 * 3 5
3.5 0.657 0.474 0.183 2 * 3 6
4.0 0.621 0.414 0.065 2 * 3 7
4.5 0.577 0.399 0.230 2 * 5 7
5.0 0.702 0.511 0.255 3 * 3 5 7
5.5 0.727 0.528 0.265 3 * 3 5 7
6.0 0.725 0.554 0.247 3 * 3 5 7
6.5 0.782 0.569 0.292 3 * 3 5 7
7.0 0.795 0.579 0.298 3 * 3 5 7
7.5 0.801 0.582 0.300 3 * 3 5 7
8.0 0.807 0.586 0.303 3 * 3 5 7
8.5 0.811 0.590 0.304 3 * 3 5 7
9.0 0.813 0.591 0.306 3 * 3 5 7
9.5 0.816 0.593 0.307 3 * 3 5 7
10.0 0.817 0.594 0.307 3 * 3 5 7
0.5 0.889 0.519 0.889 1 * 1
1.0 0.889 0.519 0.889 1 * 1
1.5 0.535 0.220 0.038 1 * 3
2.0 0.727 0.299 0.044 1 * 3
2.5 0.589 0.365 0.113 2 * 3 5
3.0 0.663 0.413 0.135 2 * 3 5
3.5 0.738 0.468 0.167 2 * 3 5
4.0 0.696 0.505 0.202 2 * 3 6
4.5 0.567 0.394 0.226 2 * 5 7
5.0 0.703 0.510 0.253 3 * 3 5 7
5.5 0.664 0.457 0.271 1 * 7
6.0 0.766 0.557 0.284 3 * 3 5 7
6.5 0.782 0.568 0.292 3 * 3 5 7
7.0 0.791 0.576 0.297 3 * 3 5 7
7.5 0.797 0.580 0.298 3 * 3 5 7
8.0 0.806 0.586 0.302 3 * 3 5 7
8.5 0.810 0.589 0.304 3 * 3 5 7
9.0 0.813 0.591 0.306 3 * 3 5 7
9.5 0.815 0.592 0.306 3 * 3 5 7
10.0 0.816 0.594 0.307 3 * 3 5 7
0.5 0.889 0.519 0.889 1 * 1
1.0 0.889 0.519 0.889 1 * 1
1.5 0.533 0.219 0.035 1 * 3
2.0 0.489 0.251 0.072 1 * 4
2.5 0.578 0.359 0.101 2 * 3 5
3.0 0.672 0.421 0.143 2 * 3 5
3.5 0.735 0.465 0.165 2 * 3 5
4.0 0.581 0.379 0.180 1 * 6
4.5 0.577 0.400 0.229 2 * 5 7
5.0 0.705 0.512 0.255 3 * 3 5 7
5.5 0.732 0.533 0.270 3 * 3 5 7
6.0 0.759 0.551 0.280 3 * 3 5 7
6.5 0.780 0.567 0.291 3 * 3 5 7
7.0 0.790 0.575 0.296 3 * 3 5 7
7.5 0.801 0.583 0.300 3 * 3 5 7
8.0 0.806 0.586 0.302 3 * 3 5 7
8.5 0.810 0.589 0.304 3 * 3 5 7
9.0 0.812 0.591 0.305 3 * 3 5 7
9.5 0.815 0.593 0.306 3 * 3 5 7
10.0 0.818 0.594 0.307 3 * 3 5 7
0.5 0.889 0.519 0.889 1 * 1
1.0 0.889 0.519 0.889 1 * 1
1.5 0.545 0.226 0.039 1 * 3
2.0 0.725 0.299 0.045 1 * 3
2.5 0.608 0.373 0.113 2 * 3 5
3.0 0.544 0.332 0.135 1 * 5
3.5 0.653 0.469 0.179 2 * 3 6
4.0 0.637 0.507 0.069 3 * 3 5 7
4.5 0.569 0.393 0.226 2 * 5 7
5.0 0.704 0.511 0.256 3 * 3 5 7
5.5 0.740 0.538 0.272 3 * 3 5 7
6.0 0.767 0.558 0.286 3 * 3 5 7
6.5 0.777 0.565 0.289 3 * 3 5 7
7.0 0.793 0.577 0.296 3 * 3 5 7
7.5 0.800 0.583 0.300 3 * 3 5 7
8.0 0.807 0.587 0.303 3 * 3 5 7
8.5 0.809 0.588 0.304 3 * 3 5 7
9.0 0.813 0.591 0.306 3 * 3 5 7
9.5 0.813 0.591 0.305 3 * 3 5 7
10.0 0.816 0.593 0.307 3 * 3 5 7
0.5 0.889 0.519 0.889 1 * 1
1.0 0.271 0.233 0.258 1 * 2
1.5 0.519 0.215 0.038 1 * 3
2.0 0.722 0.297 0.045 1 * 3
2.5 0.592 0.364 0.108 2 * 3 5
3.0 0.662 0.414 0.140 2 * 3 5
3.5 0.723 0.458 0.160 2 * 3 5
4.0 0.621 0.413 0.063 2 * 3 7
4.5 0.571 0.397 0.229 2 * 5 7
5.0 0.704 0.512 0.255 3 * 3 5 7
5.5 0.738 0.538 0.272 3 * 3 5 7
6.0 0.763 0.556 0.283 3 * 3 5 7
6.5 0.780 0.569 0.293 3 * 3 5 7
7.0 0.795 0.578 0.298 3 * 3 5 7
7.5 0.747 0.584 0.300 3 * 3 5 7
8.0 0.806 0.586 0.302 3 * 3 5 7
8.5 0.810 0.589 0.304 3 * 3 5 7
9.0 0.815 0.592 0.306 3 * 3 5 7
9.5 0.815 0.593 0.306 3 * 3 5 7
10.0 0.816 0.594 0.307 3 * 3 5 7
0.5 0.889 0.519 0.889 1 * 1
1.0 0.889 0.519 0.889 1 * 1
1.5 0.515 0.213 0.029 1 * 3
2.0 0.711 0.290 0.041 1 * 3
2.5 0.580 0.363 0.106 2 * 3 5
3.0 0.669 0.417 0.139 2 * 3 5
3.5 0.658 0.475 0.184 2 * 3 6
4.0 0.516 0.355 0.194 2 * 5 7
4.5 0.565 0.392 0.223 2 * 5 7
5.0 0.700 0.510 0.256 3 * 3 5 7
5.5 0.731 0.532 0.268 3 * 3 5 7
6.0 0.763 0.555 0.283 3 * 3 5 7
6.5 0.781 0.567 0.291 3 * 3 5 7
7.0 0.795 0.578 0.297 3 * 3 5 7
7.5 0.800 0.582 0.299 3 * 3 5 7
8.0 0.808 0.588 0.304 3 * 3 5 7
8.5 0.810 0.589 0.304 3 * 3 5 7
9.0 0.813 0.591 0.305 3 * 3 5 7
9.5 0.814 0.592 0.306 3 * 3 5 7
10.0 0.816 0.594 0.307 3 * 3 5 7
0.5 0.889 0.519 0.889 1 * 1
1.0 0.889 0.519 0.889 1 * 1
1.5 0.541 0.223 0.036 1 * 3
2.0 0.724 0.296 0.043 1 * 3
2.5 0.603 0.321 0.095 1 * 4
3.0 0.664 0.415 0.139 2 * 3 5
3.5 0.732 0.463 0.165 2 * 3 5
4.0 0.694 0.506 0.203 2 * 3 6
4.5 0.567 0.396 0.229 2 * 5 7
5.0 0.705 0.512 0.255 3 * 3 5 7
5.5 0.735 0.536 0.273 3 * 3 5 7
6.0 0.768 0.558 0.285 3 * 3 5 7
6.5 0.781 0.568 0.291 3 * 3 5 7
7.0 0.792 0.576 0.296 3 * 3 5 7
7.5 0.799 0.581 0.299 3 * 3 5 7
8.0 0.808 0.587 0.303 3 * 3 5 7
8.5 0.811 0.590 0.304 3 * 3 5 7
9.0 0.812 0.591 0.305 3 * 3 5 7
9.5 0.816 0.593 0.306 3 * 3 5 7
10.0 0.817 0.594 0.307 3 * 3 5 7
0.5 0.889 0.519 0.889 1 * 1
1.0 0.889 0.519 0.889 1 * 1
1.5 0.541 0.221 0.029 1 * 3
2.0 0.710 0.291 0.044 1 * 3
2.5 0.584 0.304 0.102 1 * 4
3.0 0.671 0.421 0.142 2 * 3 5
3.5 0.729 0.463 0.166 2 * 3 5
4.0 0.634 0.505 0.065 3 * 3 5 7
4.5 0.565 0.393 0.224 2 * 5 7
5.0 0.702 0.512 0.257 3 * 3 5 7
5.5 0.740 0.539 0.274 3 * 3 5 7
6.0 0.762 0.554 0.281 3 * 3 5 7
6.5 0.780 0.568 0.291 3 * 3 5 7
7.0 0.794 0.577 0.297 3 * 3 5 7
7.5 0.802 0.583 0.300 3 * 3 5 7
8.0 0.803 0.584 0.301 3 * 3 5 7
8.5 0.812 0.590 0.305 3 * 3 5 7
9.0 0.814 0.592 0.306 3 * 3 5 7
9.5 0.815 0.593 0.307 3 * 3 5 7
10.0 0.818 0.594 0.307 3 * 3 5 7
0.5 0.889 0.519 0.889 1 * 1
1.0 0.889 0.519 0.889 1 * 1
1.5 0.543 0.226 0.039 1 * 3
2.0 0.724 0.296 0.039 1 * 3
2.5 0.608 0.301 0.100 1 * 4
3.0 0.662 0.413 0.138 2 * 3 5
3.5 0.733 0.463 0.163 2 * 3 5
4.0 0.694 0.509 0.206 2 * 3 6
4.5 0.568 0.394 0.227 2 * 5 7
5.0 0.708 0.514 0.256 3 * 3 5 7
5.5 0.731 0.531 0.267 3 * 3 5 7
6.0 0.766 0.558 0.284 3 * 3 5 7
6.5 0.777 0.566 0.290 3 * 3 5 7
7.0 0.790 0.574 0.295 3 * 3 5 7
7.5 0.751 0.587 0.302 3 * 3 5 7
8.0 0.806 0.586 0.302 3 * 3 5 7
8.5 0.810 0.589 0.304 3 * 3 5 7
9.0 0.814 0.592 0.306 3 * 3 5 7
9.5 0.816 0.593 0.307 3 * 3 5 7
10.0 0.817 0.594 0.307 3 * 3 5 7
0.5 0.889 0.519 0.889 1 * 1
1.0 0.889 0.519 0.889 1 * 1
1.5 0.542 0.227 0.037 1 * 3
2.0 0.720 0.294 0.042 1 * 3
2.5 0.604 0.296 0.099 1 * 4
3.0 0.668 0.417 0.138 2 * 3 5
3.5 0.721 0.457 0.160 2 * 3 5
4.0 0.684 0.497 0.195 2 * 3 6
4.5 0.573 0.398 0.230 2 * 5 7
5.0 0.700 0.508 0.253 3 * 3 5 7
5.5 0.736 0.537 0.272 3 * 3 5 7
6.0 0.762 0.554 0.283 3 * 3 5 7
6.5 0.780 0.568 0.291 3 * 3 5 7
7.0 0.793 0.577 0.297 3 * 3 5 7
7.5 0.800 0.582 0.299 3 * 3 5 7
8.0 0.806 0.586 0.302 3 * 3 5 7
8.5 0.810 0.589 0.304 3 * 3 5 7
9.0 0.812 0.591 0.305 3 * 3 5 7
9.5 0.814 0.592 0.306 3 * 3 5 7
10.0 0.816 0.593 0.306 3 * 3 5 7
0.5 0.889 0.519 0.889 1 * 1
1.0 0.889 0.519 0.889 1 * 1
1.5 0.542 0.226 0.036 1 * 3
2.0 0.727 0.300 0.044 1 * 3
2.5 0.607 0.324 0.103 1 * 4
3.0 0.667 0.418 0.141 2 * 3 5
3.5 0.729 0.463 0.165 2 * 3 5
4.0 0.528 0.361 0.198 1 * 7
4.5 0.580 0.405 0.237 2 * 5 7
5.0 0.709 0.516 0.260 3 * 3 5 7
5.5 0.731 0.532 0.269 3 * 3 5 7
6.0 0.766 0.557 0.285 3 * 3 5 7
6.5 0.773 0.563 0.287 3 * 3 5 7
7.0 0.795 0.578 0.297 3 * 3 5 7
7.5 0.802 0.583 0.301 3 * 3 5 7
8.0 0.805 0.586 0.302 3 * 3 5 7
8.5 0.809 0.588 0.303 3 * 3 5 7
9.0 0.814 0.591 0.305 3 * 3 5 7
9.5 0.814 0.592 0.306 3 * 3 5 7
10.0 0.816 0.594 0.307 3 * 3 5 7
0.5 0.889 0.519 0.889 1 * 1
1.0 0.889 0.519 0.889 1 * 1
1.5 0.536 0.220 0.034 1 * 3
2.0 0.716 0.295 0.043 1 * 3
2.5 0.583 0.361 0.109 2 * 3 5
3.0 0.677 0.423 0.142 2 * 3 5
3.5 0.730 0.463 0.164 2 * 3 5
4.0 0.632 0.505 0.071 3 * 3 5 7
4.5 0.580 0.400 0.231 2 * 5 7
5.0 0.711 0.517 0.259 3 * 3 5 7
5.5 0.746 0.543 0.276 3 * 3 5 7
6.0 0.762 0.554 0.283 3 * 3 5 7
6.5 0.778 0.566 0.290 3 * 3 5 7
7.0 0.794 0.578 0.297 3 * 3 5 7
7.5 0.801 0.583 0.301 3 * 3 5 7
8.0 0.806 0.586 0.302 3 * 3 5 7
8.5 0.810 0.589 0.304 3 * 3 5 7
9.0 0.812 0.591 0.305 3 * 3 5 7
9.5 0.815 0.593 0.307 3 * 3 5 7
10.0 0.817 0.594 0.307 3 * 3 5 7
0.5 0.889 0.519 0.889 1 * 1
1.0 0.889 0.519 0.889 1 * 1
1.5 0.545 0.222 0.028 1 * 3
2.0 0.735 0.302 0.046 1 * 3
2.5 0.584 0.313 0.099 1 * 4
3.0 0.677 0.423 0.144 2 * 3 5
3.5 0.732 0.464 0.166 2 * 3 5
4.0 0.690 0.505 0.201 2 * 3 6
4.5 0.568 0.394 0.226 2 * 5 7
5.0 0.695 0.505 0.251 3 * 3 5 7
5.5 0.732 0.532 0.268 3 * 3 5 7
6.0 0.759 0.552 0.281 3 * 3 5 7
6.5 0.778 0.566 0.291 3 * 3 5 7
7.0 0.792 0.576 0.296 3 * 3 5 7
7.5 0.798 0.581 0.299 3 * 3 5 7
8.0 0.807 0.586 0.302 3 * 3 5 7
8.5 0.809 0.588 0.304 3 * 3 5 7
9.0 0.813 0.592 0.306 3 * 3 5 7
9.5 0.816 0.593 0.307 3 * 3 5 7
10.0 0.817 0.594 0.307 3 * 3 5 7
0.5 0.889 0.519 0.889 1 * 1
1.0 0.889 0.519 0.889 1 * 1
1.5 0.533 0.219 0.032 1 * 3
2.0 0.724 0.300 0.045 1 * 3
2.5 0.592 0.322 0.096 1 * 4
3.0 0.661 0.412 0.138 2 * 3 5
3.5 0.727 0.462 0.164 2 * 3 5
4.0 0.637 0.506 0.066 3 * 3 5 7
4.5 0.579 0.401 0.232 2 * 5 7
5.0 0.706 0.513 0.256 3 * 3 5 7
5.5 0.739 0.536 0.271 3 * 3 5 7
6.0 0.760 0.554 0.283 3 * 3 5 7
6.5 0.785 0.571 0.293 3 * 3 5 7
7.0 0.791 0.576 0.296 3 * 3 5 7
7.5 0.799 0.581 0.300 3 * 3 5 7
8.0 0.807 0.586 0.302 3 * 3 5 7
8.5 0.810 0.589 0.304 3 * 3 5 7
9.0 0.814 0.592 0.306 3 * 3 5 7
9.5 0.816 0.593 0.307 3 * 3 5 7
10.0 0.817 0.594 0.307 3 * 3 5 7
0.5 0.889 0.519 0.889 1 * 1
1.0 0.889 0.519 0.889 1 * 1
1.5 0.533 0.225 0.040 1 * 3
2.0 0.726 0.297 0.043 1 * 3
2.5 0.580 0.362 0.111 2 * 3 5
3.0 0.673 0.420 0.142 2 * 3 5
3.5 0.727 0.461 0.163 2 * 3 5
4.0 0.633 0.504 0.068 3 * 3 5 7
4.5 0.565 0.387 0.219 1 * 7
5.0 0.705 0.513 0.257 3 * 3 5 7
5.5 0.741 0.539 0.273 3 * 3 5 7
6.0 0.764 0.557 0.284 3 * 3 5 7
6.5 0.782 0.568 0.291 3 * 3 5 7
7.0 0.793 0.577 0.296 3 * 3 5 7
7.5 0.801 0.582 0.300 3 * 3 5 7
8.0 0.805 0.586 0.302 3 * 3 5 7
8.5 0.811 0.590 0.305 3 * 3 5 7
9.0 0.813 0.592 0.306 3 * 3 5 7
9.5 0.816 0.593 0.307 3 * 3 5 7
10.0 0.818 0.594 0.307 3 * 3 5 7
0.5 0.889 0.519 0.889 1 * 1
1.0 0.889 0.519 0.889 1 * 1
1.5 0.543 0.226 0.039 1 * 3
2.0 0.713 0.296 0.052 1 * 3
2.5 0.581 0.362 0.103 2 * 3 5
3.0 0.678 0.424 0.144 2 * 3 5
3.5 0.729 0.461 0.164 2 * 3 5
4.0 0.636 0.503 0.076 3 * 3 5 7
4.5 0.563 0.390 0.223 2 * 5 7
5.0 0.610 0.424 0.247 2 * 5 7
5.5 0.669 0.546 0.085 3 * 3 6 8
6.0 0.763 0.555 0.283 3 * 3 5 7
6.5 0.781 0.568 0.291 3 * 3 5 7
7.0 0.792 0.576 0.296 3 * 3 5 7
7.5 0.800 0.582 0.300 3 * 3 5 7
8.0 0.807 0.587 0.302 3 * 3 5 7
8.5 0.811 0.590 0.305 3 * 3 5 7
9.0 0.812 0.591 0.305 3 * 3 5 7
9.5 0.815 0.593 0.307 3 * 3 5 7
10.0 0.817 0.595 0.308 3 * 3 5 7
0.5 0.889 0.519 0.889 1 * 1
1.0 0.233 0.197 0.233 1 * 2
1.5 0.552 0.234 0.048 1 * 3
2.0 0.732 0.305 0.051 1 * 3
2.5 0.600 0.324 0.099 1 * 4
3.0 0.666 0.417 0.140 2 * 3 5
3.5 0.735 0.467 0.167 2 * 3 5
4.0 0.639 0.506 0.064 3 * 3 5 7
4.5 0.584 0.403 0.236 2 * 5 7
5.0 0.692 0.503 0.249 3 * 3 5 7
5.5 0.732 0.534 0.271 3 * 3 5 7
6.0 0.763 0.555 0.283 3 * 3 5 7
6.5 0.782 0.570 0.293 3 * 3 5 7
7.0 0.794 0.577 0.297 3 * 3 5 7
7.5 0.801 0.583 0.301 3 * 3 5 7
8.0 0.804 0.585 0.301 3 * 3 5 7
8.5 0.811 0.590 0.304 3 * 3 5 7
9.0 0.812 0.591 0.306 3 * 3 5 7
9.5 0.813 0.591 0.306 3 * 3 5 7
10.0 0.816 0.594 0.307 3 * 3 5 7
0.5 0.889 0.519 0.889 1 * 1
1.0 0.889 0.519 0.889 1 * 1
1.5 0.535 0.218 0.030 1 * 3
2.0 0.731 0.302 0.046 1 * 3
2.5 0.585 0.306 0.097 1 * 4
3.0 0.668 0.417 0.140 2 * 3 5
3.5 0.656 0.474 0.183 2 * 3 6
4.0 0.690 0.501 0.200 2 * 3 6
4.5 0.579 0.402 0.231 2 * 5 7
5.0 0.694 0.505 0.250 3 * 3 5 7
5.5 0.740 0.538 0.273 3 * 3 5 7
6.0 0.767 0.558 0.285 3 * 3 5 7
6.5 0.781 0.568 0.291 3 * 3 5 7
7.0 0.793 0.577 0.296 3 * 3 5 7
7.5 0.800 0.582 0.300 3 * 3 5 7
8.0 0.806 0.586 0.302 3 * 3 5 7
8.5 0.810 0.589 0.304 3 * 3 5 7
9.0 0.814 0.592 0.306 3 * 3 5 7
9.5 0.815 0.592 0.306 3 * 3 5 7
10.0 0.817 0.594 0.307 3 * 3 5 7
0.5 0.889 0.519 0.889 1 * 1
1.0 0.889 0.519 0.889 1 * 1
1.5 0.541 0.222 0.029 1 * 3
2.0 0.721 0.296 0.044 1 * 3
2.5 0.599 0.305 0.105 1 * 4
3.0 0.671 0.421 0.144 2 * 3 5
3.5 0.660 0.476 0.183 2 * 3 6
4.0 0.688 0.502 0.200 2 * 3 6
4.5 0.576 0.399 0.230 2 * 5 7
5.0 0.709 0.517 0.260 3 * 3 5 7
5.5 0.732 0.532 0.268 3 * 3 5 7
6.0 0.760 0.555 0.283 3 * 3 5 7
6.5 0.779 0.568 0.291 3 * 3 5 7
7.0 0.796 0.579 0.298 3 * 3 5 7
7.5 0.801 0.582 0.300 3 * 3 5 7
8.0 0.806 0.586 0.302 3 * 3 5 7
8.5 0.811 0.590 0.305 3 * 3 5 7
9.0 0.814 0.592 0.306 3 * 3 5 7
9.5 0.815 0.593 0.307 3 * 3 5 7
10.0 0.817 0.594 0.307 3 * 3 5 7
0.5 0.889 0.519 0.889 1 * 1
1.0 0.237 0.195 0.237 1 * 2
1.5 0.543 0.227 0.037 1 * 3
2.0 0.727 0.303 0.048 1 * 3
2.5 0.582 0.318 0.094 1 * 4
3.0 0.668 0.417 0.139 2 * 3 5
3.5 0.722 0.457 0.160 2 * 3 5
4.0 0.637 0.506 0.068 3 * 3 5 7
4.5 0.568 0.393 0.225 2 * 5 7
5.0 0.704 0.512 0.254 3 * 3 5 7
5.5 0.742 0.540 0.275 3 * 3 5 7
6.0 0.765 0.556 0.283 3 * 3 5 7
6.5 0.784 0.569 0.292 3 * 3 5 7
7.0 0.790 0.575 0.296 3 * 3 5 7
7.5 0.799 0.581 0.300 3 * 3 5 7
8.0 0.807 0.587 0.302 3 * 3 5 7
8.5 0.810 0.589 0.304 3 * 3 5 7
9.0 0.812 0.590 0.305 3 * 3 5 7
9.5 0.815 0.593 0.307 3 * 3 5 7
10.0 0.818 0.594 0.307 3 * 3 5 7
0.5 0.889 0.519 0.889 1 * 1
1.0 0.889 0.519 0.889 1 * 1
1.5 0.555 0.234 0.039 1 * 3
2.0 0.727 0.301 0.045 1 * 3
2.5 0.612 0.329 0.098 1 * 4
3.0 0.661 0.414 0.140 2 * 3 5
3.5 0.658 0.474 0.184 2 * 3 6
4.0 0.535 0.367 0.207 2 * 5 7
4.5 0.581 0.401 0.232 2 * 5 7
5.0 0.692 0.503 0.248 3 * 3 5 7
5.5 0.733 0.534 0.270 3 * 3 5 7
6.0 0.765 0.557 0.284 3 * 3 5 7
6.5 0.781 0.569 0.292 3 * 3 5 7
7.0 0.798 0.580 0.299 3 * 3 5 7
7.5 0.799 0.582 0.299 3 * 3 5 7
8.0 0.807 0.587 0.303 3 * 3 5 7
8.5 0.811 0.590 0.305 3 * 3 5 7
9.0 0.816 0.593 0.307 3 * 3 5 7
9.5 0.815 0.593 0.306 3 * 3 5 7
10.0 0.817 0.594 0.307 3 * 3 5 7
0.5 0.889 0.519 0.889 1 * 1
1.0 0.889 0.519 0.889 1 * 1
1.5 0.533 0.219 0.036 1 * 3
2.0 0.728 0.298 0.042 1 * 3
2.5 0.592 0.312 0.099 1 * 4
3.0 0.679 0.426 0.148 2 * 3 5
3.5 0.656 0.465 0.177 2 * 3 6
4.0 0.633 0.503 0.063 3 * 3 5 7
4.5 0.576 0.401 0.231 2 * 5 7
5.0 0.705 0.511 0.254 3 * 3 5 7
5.5 0.740 0.539 0.274 3 * 3 5 7
6.0 0.764 0.556 0.283 3 * 3 5 7
6.5 0.787 0.572 0.294 3 * 3 5 7
7.0 0.795 0.578 0.297 3 * 3 5 7
7.5 0.798 0.580 0.298 3 * 3 5 7
8.0 0.807 0.587 0.302 3 * 3 5 7
8.5 0.810 0.589 0.304 3 * 3 5 7
9.0 0.812 0.590 0.304 3 * 3 5 7
9.5 0.814 0.592 0.306 3 * 3 5 7
10.0 0.817 0.594 0.307 3 * 3 5 7
0.5 0.889 0.519 0.889 1 * 1
1.0 0.889 0.519 0.889 1 * 1
1.5 0.552 0.227 0.033 1 * 3
2.0 0.726 0.298 0.041 1 * 3
2.5 0.587 0.316 0.099 1 * 4
3.0 0.668 0.423 0.148 2 * 3 5
3.5 0.731 0.462 0.164 2 * 3 5
4.0 0.688 0.505 0.205 2 * 3 6
4.5 0.679 0.515 0.252 2 * 3 7
5.0 0.699 0.508 0.253 3 * 3 5 7
5.5 0.732 0.533 0.269 3 * 3 5 7
6.0 0.760 0.552 0.281 3 * 3 5 7
6.5 0.780 0.568 0.291 3 * 3 5 7
7.0 0.795 0.579 0.298 3 * 3 5 7
7.5 0.799 0.581 0.299 3 * 3 5 7
8.0 0.806 0.586 0.302 3 * 3 5 7
8.5 0.808 0.587 0.303 3 * 3 5 7
9.0 0.813 0.591 0.306 3 * 3 5 7
9.5 0.815 0.592 0.306 3 * 3 5 7
10.0 0.816 0.593 0.307 3 * 3 5 7
0.5 0.889 0.519 0.889 1 * 1
1.0 0.889 0.519 0.889 1 * 1
1.5 0.547 0.230 0.037 1 * 3
2.0 0.716 0.300 0.050 1 * 3
2.5 0.577 0.300 0.095 1 * 4
3.0 0.671 0.418 0.141 2 * 3 5
3.5 0.651 0.469 0.180 2 * 3 6
4.0 0.633 0.504 0.067 3 * 3 5 7
4.5 0.520 0.485 0.207 3 * 2 5 7
5.0 0.697 0.506 0.251 3 * 3 5 7
5.5 0.742 0.540 0.273 3 * 3 5 7
6.0 0.762 0.555 0.284 3 * 3 5 7
6.5 0.780 0.567 0.290 3 * 3 5 7
7.0 0.788 0.574 0.295 3 * 3 5 7
7.5 0.803 0.583 0.300 3 * 3 5 7
8.0 0.806 0.586 0.303 3 * 3 5 7
8.5 0.812 0.590 0.305 3 * 3 5 7
9.0 0.814 0.592 0.306 3 * 3 5 7
9.5 0.816 0.593 0.306 3 * 3 5 7
10.0 0.817 0.594 0.307 3 * 3 5 7
0.5 0.889 0.519 0.889 1 * 1
1.0 0.889 0.519 0.889 1 * 1
1.5 0.548 0.225 0.031 1 * 3
2.0 0.721 0.293 0.041 1 * 3
2.5 0.579 0.361 0.103 2 * 3 5
3.0 0.670 0.420 0.142 2 * 3 5
3.5 0.724 0.459 0.161 2 * 3 5
4.0 0.531 0.364 0.206 1 * 7
4.5 0.574 0.397 0.227 2 * 5 7
5.0 0.697 0.506 0.252 3 * 3 5 7
5.5 0.732 0.533 0.268 3 * 3 5 7
6.0 0.759 0.552 0.281 3 * 3 5 7
6.5 0.785 0.571 0.292 3 * 3 5 7
7.0 0.792 0.576 0.295 3 * 3 5 7
7.5 0.799 0.581 0.299 3 * 3 5 7
8.0 0.807 0.587 0.303 3 * 3 5 7
8.5 0.810 0.589 0.304 3 * 3 5 7
9.0 0.814 0.592 0.306 3 * 3 5 7
9.5 0.815 0.593 0.306 3 * 3 5 7
10.0 0.817 0.594 0.307 3 * 3 5 7
0.5 0.889 0.519 0.889 1 * 1
1.0 0.249 0.197 0.249 1 * 2
1.5 0.550 0.231 0.043 1 * 3
2.0 0.722 0.298 0.045 1 * 3
2.5 0.601 0.368 0.112 2 * 3 5
3.0 0.659 0.409 0.132 2 * 3 5
3.5 0.724 0.457 0.162 2 * 3 5
4.0 0.689 0.504 0.202 2 * 3 6
4.5 0.570 0.396 0.228 2 * 5 7
5.0 0.687 0.502 0.249 3 * 3 5 7
5.5 0.737 0.536 0.271 3 * 3 5 7
6.0 0.754 0.550 0.279 3 * 3 5 7
6.5 0.783 0.569 0.292 3 * 3 5 7
7.0 0.790 0.575 0.296 3 * 3 5 7
7.5 0.801 0.582 0.300 3 * 3 5 7
8.0 0.805 0.585 0.302 3 * 3 5 7
8.5 0.811 0.589 0.304 3 * 3 5 7
9.0 0.813 0.592 0.306 3 * 3 5 7
9.5 0.816 0.593 0.307 3 * 3 5 7
10.0 0.818 0.594 0.307 3 * 3 5 7
0.5 0.889 0.519 0.889 1 * 1
1.0 0.889 0.519 0.889 1 * 1
1.5 0.546 0.225 0.033 1 * 3
2.0 0.715 0.294 0.045 1 * 3
2.5 0.582 0.362 0.109 2 * 3 5
3.0 0.598 0.421 0.149 2 * 3 6
3.5 0.650 0.469 0.178 2 * 3 6
4.0 0.649 0.510 0.072 3 * 3 5 7
4.5 0.572 0.398 0.229 2 * 5 7
5.0 0.699 0.509 0.252 3 * 3 5 7
5.5 0.728 0.531 0.269 3 * 3 5 7
6.0 0.768 0.560 0.287 3 * 3 5 7
6.5 0.784 0.570 0.293 3 * 3 5 7
7.0 0.790 0.575 0.295 3 * 3 5 7
7.5 0.799 0.581 0.299 3 * 3 5 7
8.0 0.807 0.587 0.303 3 * 3 5 7
8.5 0.811 0.589 0.304 3 * 3 5 7
9.0 0.813 0.591 0.305 3 * 3 5 7
9.5 0.816 0.593 0.307 3 * 3 5 7
10.0 0.818 0.594 0.307 3 * 3 5 7
0.5 0.889 0.519 0.889 1 * 1
1.0 0.225 0.172 0.225 1 * 2
1.5 0.536 0.220 0.030 1 * 3
2.0 0.722 0.298 0.047 1 * 3
2.5 0.580 0.363 0.107 2 * 3 5
3.0 0.673 0.424 0.146 2 * 3 5
3.5 0.737 0.468 0.166 2 * 3 5
4.0 0.639 0.508 0.074 3 * 3 5 7
4.5 0.668 0.484 0.236 3 * 3 5 7
5.0 0.703 0.510 0.253 3 * 3 5 7
5.5 0.733 0.534 0.271 3 * 3 5 7
6.0 0.761 0.553 0.282 3 * 3 5 7
6.5 0.780 0.568 0.292 3 * 3 5 7
7.0 0.795 0.578 0.297 3 * 3 5 7
7.5 0.801 0.583 0.300 3 * 3 5 7
8.0 0.806 0.586 0.302 3 * 3 5 7
8.5 0.810 0.589 0.304 3 * 3 5 7
9.0 0.813 0.591 0.305 3 * 3 5 7
9.5 0.814 0.592 0.306 3 * 3 5 7
10.0 0.816 0.594 0.307 3 * 3 5 7
0.5 0.889 0.519 0.889 1 * 1
1.0 0.889 0.519 0.889 1 * 1
1.5 0.530 0.218 0.035 1 * 3
2.0 0.722 0.297 0.045 1 * 3
2.5 0.580 0.361 0.102 2 * 3 5
3.0 0.662 0.415 0.142 2 * 3 5
3.5 0.735 0.467 0.167 2 * 3 5
4.0 0.439 0.347 0.221 1 * 7
4.5 0.563 0.389 0.222 2 * 5 7
5.0 0.706 0.513 0.257 3 * 3 5 7
5.5 0.736 0.536 0.270 3 * 3 5 7
6.0 0.763 0.555 0.283 3 * 3 5 7
6.5 0.781 0.568 0.291 3 * 3 5 7
7.0 0.793 0.578 0.298 3 * 3 5 7
7.5 0.798 0.581 0.300 3 * 3 5 7
8.0 0.806 0.586 0.302 3 * 3 5 7
8.5 0.809 0.588 0.304 3 * 3 5 7
9.0 0.813 0.591 0.305 3 * 3 5 7
9.5 0.816 0.593 0.307 3 * 3 5 7
10.0 0.816 0.593 0.307 3 * 3 5 7
0.5 0.889 0.519 0.889 1 * 1
1.0 0.889 0.519 0.889 1 * 1
1.5 0.536 0.220 0.032 1 * 3
2.0 0.715 0.292 0.037 1 * 3
2.5 0.591 0.296 0.094 1 * 4
3.0 0.675 0.424 0.145 2 * 3 5
3.5 0.726 0.462 0.165 2 * 3 5
4.0 0.640 0.508 0.069 3 * 3 5 7
4.5 0.574 0.397 0.230 2 * 5 7
5.0 0.699 0.507 0.252 3 * 3 5 7
5.5 0.737 0.536 0.270 3 * 3 5 7
6.0 0.764 0.556 0.284 3 * 3 5 7
6.5 0.781 0.568 0.292 3 * 3 5 7
7.0 0.793 0.576 0.296 3 * 3 5 7
7.5 0.800 0.582 0.299 3 * 3 5 7
8.0 0.806 0.586 0.302 3 * 3 5 7
8.5 0.810 0.589 0.304 3 * 3 5 7
9.0 0.812 0.591 0.305 3 * 3 5 7
9.5 0.816 0.593 0.307 3 * 3 5 7
10.0 0.816 0.594 0.307 3 * 3 5 7
0.5 0.889 0.519 0.889 1 * 1
1.0 0.254 0.221 0.254 1 * 2
1.5 0.550 0.227 0.038 1 * 3
2.0 0.727 0.300 0.045 1 * 3
2.5 0.585 0.364 0.108 2 * 3 5
3.0 0.675 0.421 0.139 2 * 3 5
3.5 0.741 0.470 0.169 2 * 3 5
4.0 0.630 0.503 0.063 3 * 3 5 7
4.5 0.574 0.397 0.228 2 * 5 7
5.0 0.742 0.509 0.254 2 * 3 7
5.5 0.737 0.536 0.271 3 * 3 5 7
6.0 0.759 0.554 0.282 3 * 3 5 7
6.5 0.780 0.567 0.290 3 * 3 5 7
7.0 0.792 0.577 0.297 3 * 3 5 7
7.5 0.801 0.582 0.300 3 * 3 5 7
8.0 0.807 0.587 0.303 3 * 3 5 7
8.5 0.812 0.590 0.305 3 * 3 5 7
9.0 0.813 0.592 0.306 3 * 3 5 7
9.5 0.815 0.593 0.306 3 * 3 5 7
10.0 0.817 0.594 0.307 3 * 3 5 7
0.5 0.889 0.519 0.889 1 * 1
1.0 0.889 0.519 0.889 1 * 1
1.5 0.538 0.221 0.031 1 * 3
2.0 0.718 0.298 0.052 1 * 3
2.5 0.595 0.322 0.100 1 * 4
3.0 0.677 0.424 0.143 2 * 3 5
3.5 0.731 0.461 0.163 2 * 3 5
4.0 0.634 0.506 0.065 3 * 3 5 7
4.5 0.574 0.397 0.227 2 * 5 7
5.0 0.693 0.504 0.250 3 * 3 5 7
5.5 0.747 0.543 0.276 3 * 3 5 7
6.0 0.760 0.553 0.282 3 * 3 5 7
6.5 0.781 0.568 0.290 3 * 3 5 7
7.0 0.789 0.574 0.295 3 * 3 5 7
7.5 0.800 0.582 0.299 3 * 3 5 7
8.0 0.805 0.586 0.302 3 * 3 5 7
8.5 0.811 0.590 0.304 3 * 3 5 7
9.0 0.812 0.591 0.305 3 * 3 5 7
9.5 0.815 0.592 0.306 3 * 3 5 7
10.0 0.817 0.594 0.307 3 * 3 5 7
0.5 0.889 0.519 0.889 1 * 1
1.0 0.889 0.519 0.889 1 * 1
1.5 0.557 0.234 0.041 1 * 3
2.0 0.714 0.295 0.042 1 * 3
2.5 0.588 0.365 0.112 2 * 3 5
3.0 0.680 0.430 0.151 2 * 3 5
3.5 0.727 0.461 0.163 2 * 3 5
4.0 0.641 0.507 0.067 3 * 3 5 7
4.5 0.561 0.389 0.221 2 * 5 7
5.0 0.694 0.504 0.250 3 * 3 5 7
5.5 0.730 0.532 0.268 3 * 3 5 7
6.0 0.769 0.559 0.285 3 * 3 5 7
6.5 0.783 0.571 0.294 3 * 3 5 7
7.0 0.792 0.576 0.296 3 * 3 5 7
7.5 0.802 0.583 0.301 3 * 3 5 7
8.0 0.808 0.588 0.304 3 * 3 5 7
8.5 0.809 0.588 0.303 3 * 3 5 7
9.0 0.814 0.592 0.305 3 * 3 5 7
9.5 0.815 0.593 0.307 3 * 3 5 7
10.0 0.817 0.594 0.307 3 * 3 5 7
0.5 0.889 0.519 0.889 1 * 1
1.0 0.889 0.519 0.889 1 * 1
1.5 0.540 0.228 0.037 1 * 3
2.0 0.703 0.289 0.046 1 * 3
2.5 0.573 0.359 0.100 2 * 3 5
3.0 0.674 0.419 0.141 2 * 3 5
3.5 0.730 0.462 0.163 2 * 3 5
4.0 0.638 0.507 0.064 3 * 3 5 7
4.5 0.570 0.395 0.227 2 * 5 7
5.0 0.695 0.505 0.250 3 * 3 5 7
5.5 0.764 0.524 0.262 2 * 3 7
6.0 0.760 0.554 0.283 3 * 3 5 7
6.5 0.782 0.568 0.291 3 * 3 5 7
7.0 0.788 0.574 0.295 3 * 3 5 7
7.5 0.797 0.580 0.299 3 * 3 5 7
8.0 0.805 0.586 0.302 3 * 3 5 7
8.5 0.811 0.590 0.304 3 * 3 5 7
9.0 0.814 0.592 0.306 3 * 3 5 7
9.5 0.816 0.593 0.307 3 * 3 5 7
10.0 0.818 0.594 0.307 3 * 3 5 7
0.5 0.889 0.519 0.889 1 * 1
1.0 0.889 0.519 0.889 1 * 1
1.5 0.552 0.231 0.032 1 * 3
2.0 0.729 0.300 0.047 1 * 3
2.5 0.586 0.362 0.110 2 * 3 5
3.0 0.668 0.418 0.139 2 * 3 5
3.5 0.728 0.461 0.162 2 * 3 5
4.0 0.529 0.365 0.204 1 * 7
4.5 0.680 0.514 0.250 2 * 3 7
5.0 0.703 0.511 0.255 3 * 3 5 7
5.5 0.742 0.539 0.272 3 * 3 5 7
6.0 0.760 0.553 0.282 3 * 3 5 7
6.5 0.777 0.565 0.289 3 * 3 5 7
7.0 0.792 0.577 0.297 3 * 3 5 7
7.5 0.799 0.581 0.299 3 * 3 5 7
8.0 0.807 0.587 0.302 3 * 3 5 7
8.5 0.811 0.589 0.304 3 * 3 5 7
9.0 0.812 0.591 0.305 3 * 3 5 7
9.5 0.815 0.593 0.306 3 * 3 5 7
10.0 0.817 0.594 0.307 3 * 3 5 7
