0.5 0.000 0.000 0.000 1 * 1
1.0 0.000 0.000 0.000 1 * 1
1.5 0.533 0.239 0.044 1 * 3
2.0 0.467 0.240 0.062 1 * 4
2.5 0.532 0.455 0.150 3 * 3 5 7
3.0 0.736 0.567 0.229 2 * 3 10
3.5 0.712 0.618 0.311 3 * 3 9 13
4.0 0.688 0.661 0.443 3 * 3 9 17
4.5 0.857 0.857 0.812 3 * 3 9 27
5.0 0.881 0.881 0.848 3 * 3 9 27
5.5 0.908 0.908 0.877 3 * 3 9 27
6.0 0.913 0.913 0.885 3 * 3 9 27
6.5 0.928 0.928 0.899 3 * 3 9 27
7.0 0.918 0.918 0.908 3 * 3 9 27
7.5 0.933 0.940 0.916 4 * 3 9 10 27
8.0 0.940 0.947 0.923 4 * 3 9 10 27
8.5 0.999 0.999 0.997 3 * 3 9 27
9.0 0.999 0.999 0.999 3 * 3 9 27
9.5 0.999 0.999 0.998 3 * 3 9 27
10.0 1.000 1.000 0.999 3 * 3 9 27
0.5 0.000 0.000 0.000 1 * 1
1.0 0.000 0.000 0.000 1 * 1
1.5 0.538 0.242 0.047 1 * 3
2.0 0.717 0.320 0.059 1 * 3
2.5 0.637 0.479 0.164 2 * 3 8
3.0 0.822 0.630 0.246 2 * 3 9
3.5 0.531 0.443 0.313 3 * 2 7 13
4.0 0.643 0.647 0.446 4 * 3 4 9 18
4.5 0.778 0.820 0.776 4 * 3 7 11 26
5.0 0.877 0.883 0.847 4 * 3 9 10 27
5.5 0.903 0.903 0.873 3 * 3 9 27
6.0 0.913 0.919 0.889 4 * 3 9 10 27
6.5 0.926 0.926 0.900 3 * 3 9 27
7.0 0.933 0.940 0.911 4 * 3 9 10 27
7.5 0.944 0.944 0.916 3 * 3 9 27
8.0 0.946 0.953 0.924 4 * 3 9 10 27
8.5 0.999 0.999 0.998 3 * 3 9 27
9.0 0.941 0.941 0.930 3 * 3 9 27
9.5 0.910 0.760 0.934 3 * 3 4 27
10.0 1.000 1.000 0.999 3 * 3 9 27
0.5 0.000 0.000 0.000 1 * 1
1.0 0.000 0.000 0.000 1 * 1
1.5 0.535 0.241 0.046 1 * 3
2.0 0.726 0.325 0.060 1 * 3
2.5 0.593 0.443 0.143 2 * 3 7
3.0 0.825 0.632 0.245 2 * 3 9
3.5 0.725 0.601 0.279 3 * 3 9 12
4.0 0.708 0.708 0.503 5 * 3 8 12 13 19
4.5 0.813 0.827 0.776 4 * 3 8 11 26
5.0 0.885 0.890 0.848 4 * 3 9 10 27
5.5 0.902 0.902 0.870 3 * 3 9 27
6.0 0.917 0.917 0.888 3 * 3 9 27
6.5 0.919 0.926 0.900 4 * 3 9 10 27
7.0 0.934 0.934 0.910 3 * 3 9 27
7.5 0.929 0.929 0.918 3 * 3 9 27
8.0 0.933 0.933 0.924 3 * 3 9 27
8.5 0.999 0.999 0.998 3 * 3 9 27
9.0 0.999 0.999 0.999 3 * 3 9 27
9.5 1.000 1.000 0.999 3 * 3 9 27
10.0 1.000 1.000 0.999 3 * 3 9 27
0.5 0.000 0.000 0.000 1 * 1
1.0 0.000 0.000 0.000 1 * 1
1.5 0.549 0.247 0.047 1 * 3
2.0 0.709 0.317 0.059 1 * 3
2.5 0.645 0.487 0.171 2 * 3 8
3.0 0.754 0.581 0.236 2 * 3 10
3.5 0.708 0.591 0.274 3 * 3 10 12
4.0 0.757 0.735 0.450 3 * 3 9 18
4.5 0.857 0.857 0.815 3 * 3 9 27
5.0 0.885 0.885 0.852 3 * 3 9 27
5.5 0.901 0.907 0.871 4 * 3 9 10 27
6.0 0.908 0.914 0.889 4 * 3 9 10 27
6.5 0.924 0.931 0.902 4 * 3 9 10 27
7.0 0.927 0.934 0.907 4 * 3 9 10 27
7.5 0.939 0.939 0.916 3 * 3 9 27
8.0 0.944 0.951 0.921 4 * 3 9 10 27
8.5 0.957 0.957 0.929 3 * 3 9 27
9.0 0.999 0.999 0.999 3 * 3 9 27
9.5 1.000 1.000 0.999 3 * 3 9 27
10.0 1.000 1.000 0.999 3 * 3 9 27
0.5 0.000 0.000 0.000 1 * 1
1.0 0.000 0.000 0.000 1 * 1
1.5 0.547 0.246 0.048 1 * 3
2.0 0.456 0.244 0.069 1 * 4
2.5 0.604 0.451 0.146 2 * 3 7
3.0 0.820 0.629 0.246 2 * 3 9
3.5 0.724 0.606 0.283 3 * 3 9 12
4.0 0.671 0.675 0.488 4 * 3 9 14 19
4.5 0.795 0.795 0.774 3 * 3 9 26
5.0 0.879 0.879 0.846 3 * 3 9 27
5.5 0.903 0.903 0.867 3 * 3 9 27
6.0 0.913 0.913 0.884 3 * 3 9 27
6.5 0.921 0.927 0.899 4 * 3 9 10 27
7.0 0.934 0.934 0.904 3 * 3 9 27
7.5 0.910 0.686 0.917 2 * 3 27
8.0 0.998 0.998 0.996 3 * 3 9 27
8.5 0.947 0.954 0.927 4 * 3 9 10 27
9.0 0.999 0.999 0.998 3 * 3 9 27
9.5 0.999 0.999 0.999 3 * 3 9 27
10.0 1.000 1.000 0.999 3 * 3 9 27
0.5 0.000 0.000 0.000 1 * 1
1.0 0.000 0.000 0.000 1 * 1
1.5 0.546 0.246 0.047 1 * 3
2.0 0.710 0.318 0.059 1 * 3
2.5 0.622 0.465 0.151 2 * 3 7
3.0 0.822 0.631 0.248 2 * 3 9
3.5 0.663 0.574 0.306 3 * 3 7 13
4.0 0.828 0.828 0.608 3 * 3 9 20
4.5 0.908 0.920 0.829 4 * 3 9 11 25
5.0 0.880 0.880 0.847 3 * 3 9 27
5.5 0.900 0.900 0.869 3 * 3 9 27
6.0 0.885 0.885 0.889 3 * 3 9 27
6.5 0.932 0.932 0.903 3 * 3 9 27
7.0 0.930 0.936 0.911 4 * 3 9 10 27
7.5 0.942 0.950 0.922 4 * 3 9 10 27
8.0 0.920 0.920 0.925 3 * 3 9 27
8.5 0.952 0.952 0.929 3 * 3 9 27
9.0 0.999 0.999 0.998 3 * 3 9 27
9.5 0.999 0.999 0.999 3 * 3 9 27
10.0 1.000 1.000 1.000 3 * 3 9 27
0.5 0.000 0.000 0.000 1 * 1
1.0 0.000 0.000 0.000 1 * 1
1.5 0.514 0.232 0.044 1 * 3
2.0 0.444 0.238 0.067 1 * 4
2.5 0.536 0.398 0.122 2 * 3 6
3.0 0.814 0.623 0.242 2 * 3 9
3.5 0.596 0.460 0.264 3 * 2 11 12
4.0 0.588 0.607 0.524 4 * 3 8 17 20
4.5 0.840 0.841 0.771 4 * 3 9 10 26
5.0 0.881 0.887 0.849 4 * 3 9 10 27
5.5 0.897 0.903 0.871 4 * 3 9 10 27
6.0 0.920 0.920 0.892 3 * 3 9 27
6.5 0.912 0.912 0.901 3 * 3 9 27
7.0 0.932 0.938 0.910 4 * 3 9 10 27
7.5 0.947 0.947 0.923 3 * 3 9 27
8.0 0.941 0.947 0.922 4 * 3 9 10 27
8.5 0.853 0.897 0.926 4 * 3 7 12 27
9.0 0.999 0.999 0.999 3 * 3 9 27
9.5 0.861 0.921 0.932 5 * 3 4 8 14 27
10.0 1.000 1.000 0.999 3 * 3 9 27
0.5 0.000 0.000 0.000 1 * 1
1.0 0.000 0.000 0.000 1 * 1
1.5 0.529 0.237 0.046 1 * 3
2.0 0.285 0.193 0.076 1 * 5
2.5 0.615 0.462 0.157 2 * 3 7
3.0 0.821 0.629 0.243 2 * 3 9
3.5 0.562 0.448 0.282 4 * 2 7 11 12
4.0 0.691 0.691 0.506 3 * 3 9 19
4.5 0.841 0.842 0.775 4 * 3 9 10 26
5.0 0.877 0.882 0.850 4 * 3 9 10 27
5.5 0.903 0.903 0.877 3 * 3 9 27
6.0 0.912 0.919 0.888 4 * 3 9 10 27
6.5 0.922 0.928 0.903 4 * 3 9 10 27
7.0 0.932 0.938 0.909 4 * 3 9 10 27
7.5 0.939 0.946 0.917 4 * 3 9 10 27
8.0 0.947 0.947 0.922 3 * 3 9 27
8.5 0.999 0.999 0.997 3 * 3 9 27
9.0 0.953 0.960 0.932 4 * 3 9 10 27
9.5 0.956 0.963 0.935 4 * 3 9 10 27
10.0 1.000 1.000 0.999 3 * 3 9 27
0.5 0.000 0.000 0.000 1 * 1
1.0 0.000 0.000 0.000 1 * 1
1.5 0.568 0.254 0.047 1 * 3
2.0 0.463 0.239 0.064 1 * 4
2.5 0.650 0.491 0.174 2 * 3 8
3.0 0.821 0.628 0.242 2 * 3 9
3.5 0.651 0.569 0.282 3 * 3 5 12
4.0 0.725 0.716 0.475 3 * 3 9 18
4.5 0.761 0.761 0.768 3 * 3 7 26
5.0 0.892 0.892 0.846 3 * 3 9 27
5.5 0.902 0.902 0.868 3 * 3 9 27
6.0 0.915 0.922 0.887 4 * 3 9 10 27
6.5 0.927 0.927 0.900 3 * 3 9 27
7.0 0.931 0.939 0.909 4 * 3 9 10 27
7.5 0.943 0.943 0.915 3 * 3 9 27
8.0 0.955 0.955 0.923 3 * 3 9 27
8.5 0.946 0.952 0.929 4 * 3 9 10 27
9.0 0.999 0.999 0.999 3 * 3 9 27
9.5 0.999 0.999 0.999 3 * 3 9 27
10.0 1.000 1.000 1.000 3 * 3 9 27
0.5 0.000 0.000 0.000 1 * 1
1.0 0.000 0.000 0.000 1 * 1
1.5 0.536 0.241 0.046 1 * 3
2.0 0.449 0.239 0.067 1 * 4
2.5 0.642 0.484 0.169 2 * 3 8
3.0 0.827 0.634 0.249 2 * 3 9
3.5 0.570 0.454 0.289 4 * 2 7 11 12
4.0 0.731 0.698 0.443 3 * 3 9 17
4.5 0.849 0.853 0.811 4 * 3 9 10 27
5.0 0.879 0.879 0.843 3 * 3 9 27
5.5 0.857 0.857 0.875 3 * 3 9 27
6.0 0.917 0.917 0.887 3 * 3 9 27
6.5 0.923 0.923 0.897 3 * 3 9 27
7.0 0.931 0.939 0.913 4 * 3 9 10 27
7.5 0.934 0.941 0.917 4 * 3 9 10 27
8.0 0.950 0.950 0.924 3 * 3 9 27
8.5 0.956 0.956 0.930 3 * 3 9 27
9.0 0.999 0.999 0.998 3 * 3 9 27
9.5 0.999 0.999 0.999 3 * 3 9 27
10.0 1.000 1.000 0.999 3 * 3 9 27
0.5 0.000 0.000 0.000 1 * 1
1.0 0.000 0.000 0.000 1 * 1
1.5 0.554 0.249 0.048 1 * 3
2.0 0.462 0.243 0.066 1 * 4
2.5 0.615 0.462 0.155 2 * 3 7
3.0 0.815 0.625 0.244 2 * 3 9
3.5 0.696 0.571 0.287 4 * 3 9 11 12
4.0 0.724 0.722 0.500 3 * 3 9 19
4.5 0.906 0.918 0.824 4 * 3 9 11 25
5.0 0.879 0.884 0.847 4 * 3 9 10 27
5.5 0.902 0.902 0.873 3 * 3 9 27
6.0 0.866 0.866 0.887 3 * 3 9 27
6.5 0.932 0.932 0.902 3 * 3 9 27
7.0 0.933 0.940 0.908 4 * 3 9 10 27
7.5 0.935 0.942 0.915 4 * 3 9 10 27
8.0 0.941 0.948 0.919 4 * 3 9 10 27
8.5 0.935 0.935 0.924 3 * 3 9 27
9.0 0.892 0.950 0.934 4 * 3 9 20 27
9.5 0.999 0.999 0.999 3 * 3 9 27
10.0 1.000 1.000 0.999 3 * 3 9 27
0.5 0.000 0.000 0.000 1 * 1
1.0 0.000 0.000 0.000 1 * 1
1.5 0.537 0.243 0.047 1 * 3
2.0 0.726 0.324 0.060 1 * 3
2.5 0.644 0.487 0.175 2 * 3 8
3.0 0.823 0.631 0.247 2 * 3 9
3.5 0.729 0.594 0.268 3 * 3 11 12
4.0 0.726 0.702 0.472 4 * 3 8 12 18
4.5 0.822 0.839 0.775 4 * 3 8 10 26
5.0 0.888 0.888 0.850 3 * 3 9 27
5.5 0.896 0.902 0.871 4 * 3 9 10 27
6.0 0.911 0.918 0.890 4 * 3 9 10 27
6.5 0.918 0.924 0.900 4 * 3 9 10 27
7.0 0.938 0.938 0.909 3 * 3 9 27
7.5 0.943 0.943 0.913 3 * 3 9 27
8.0 0.998 0.998 0.997 3 * 3 9 27
8.5 0.941 0.948 0.926 4 * 3 9 10 27
9.0 0.999 0.999 0.998 3 * 3 9 27
9.5 0.999 0.999 0.999 3 * 3 9 27
10.0 1.000 1.000 0.999 3 * 3 9 27
0.5 0.000 0.000 0.000 1 * 1
1.0 0.178 0.081 0.017 1 * 2
1.5 0.541 0.243 0.046 1 * 3
2.0 0.718 0.321 0.060 1 * 3
2.5 0.406 0.316 0.138 2 * 2 7
3.0 0.821 0.629 0.244 2 * 3 9
3.5 0.630 0.570 0.310 4 * 3 4 9 13
4.0 0.736 0.720 0.474 3 * 3 9 18
4.5 0.850 0.850 0.785 3 * 3 9 26
5.0 0.885 0.885 0.849 3 * 3 9 27
5.5 0.900 0.906 0.875 4 * 3 9 10 27
6.0 0.911 0.917 0.889 4 * 3 9 10 27
6.5 0.921 0.927 0.900 4 * 3 9 10 27
7.0 0.930 0.930 0.906 3 * 3 9 27
7.5 0.926 0.926 0.915 3 * 3 9 27
8.0 0.915 0.915 0.923 3 * 3 9 27
8.5 0.999 0.999 0.998 3 * 3 9 27
9.0 0.886 0.886 0.931 3 * 3 8 27
9.5 0.999 0.999 0.999 3 * 3 9 27
10.0 1.000 1.000 1.000 3 * 3 9 27
0.5 0.000 0.000 0.000 1 * 1
1.0 0.094 0.045 0.011 1 * 2
1.5 0.527 0.236 0.044 1 * 3
2.0 0.466 0.239 0.061 1 * 4
2.5 0.604 0.454 0.154 2 * 3 7
3.0 0.820 0.627 0.241 2 * 3 9
3.5 0.650 0.586 0.309 4 * 3 5 12 13
4.0 0.630 0.637 0.468 7 * 3 4 6 12 13 14 18
4.5 0.851 0.851 0.772 3 * 3 9 26
5.0 0.841 0.834 0.845 4 * 3 9 10 27
5.5 0.902 0.902 0.871 3 * 3 9 27
6.0 0.904 0.910 0.884 4 * 3 9 10 27
6.5 0.920 0.928 0.897 4 * 3 9 10 27
7.0 0.927 0.933 0.908 4 * 3 9 10 27
7.5 0.935 0.942 0.915 4 * 3 9 10 27
8.0 0.776 0.776 0.924 3 * 2 9 27
8.5 0.950 0.957 0.927 4 * 3 9 10 27
9.0 0.999 0.999 0.998 3 * 3 9 27
9.5 0.999 0.999 0.999 3 * 3 9 27
10.0 0.999 0.999 0.999 3 * 3 9 27
0.5 0.000 0.000 0.000 1 * 1
1.0 0.005 0.003 0.002 1 * 2
1.5 0.552 0.247 0.046 1 * 3
2.0 0.710 0.317 0.059 1 * 3
2.5 0.616 0.462 0.152 2 * 3 7
3.0 0.817 0.626 0.244 2 * 3 9
3.5 0.719 0.584 0.256 3 * 3 10 11
4.0 0.683 0.666 0.473 3 * 3 9 18
4.5 0.801 0.818 0.733 4 * 3 9 12 25
5.0 0.885 0.891 0.851 4 * 3 9 10 27
5.5 0.902 0.908 0.872 4 * 3 9 10 27
6.0 0.905 0.911 0.888 4 * 3 9 10 27
6.5 0.926 0.933 0.898 4 * 3 9 10 27
7.0 0.830 0.869 0.909 4 * 3 7 13 27
7.5 0.935 0.942 0.913 4 * 3 9 10 27
8.0 0.998 0.998 0.997 3 * 3 9 27
8.5 0.954 0.954 0.927 3 * 3 9 27
9.0 0.999 0.999 0.998 3 * 3 9 27
9.5 1.000 1.000 0.999 3 * 3 9 27
10.0 1.000 1.000 1.000 3 * 3 9 27
0.5 0.000 0.000 0.000 1 * 1
1.0 0.152 0.069 0.014 1 * 2
1.5 0.537 0.242 0.046 1 * 3
2.0 0.722 0.322 0.058 1 * 3
2.5 0.630 0.476 0.168 2 * 3 8
3.0 0.821 0.628 0.242 2 * 3 9
3.5 0.701 0.597 0.282 4 * 3 10 11 12
4.0 0.717 0.717 0.503 3 * 3 9 19
4.5 0.867 0.867 0.814 3 * 3 9 27
5.0 0.877 0.883 0.844 4 * 3 9 10 27
5.5 0.904 0.904 0.875 3 * 3 9 27
6.0 0.915 0.915 0.885 3 * 3 9 27
6.5 0.916 0.922 0.898 4 * 3 9 10 27
7.0 0.921 0.921 0.910 3 * 3 9 27
7.5 0.932 0.939 0.914 4 * 3 9 10 27
8.0 0.913 0.689 0.921 2 * 3 27
8.5 0.947 0.954 0.925 4 * 3 9 10 27
9.0 0.919 0.919 0.929 3 * 3 9 27
9.5 0.999 0.999 0.999 3 * 3 9 27
10.0 1.000 1.000 1.000 3 * 3 9 27
0.5 0.000 0.000 0.000 1 * 1
1.0 0.000 0.000 0.000 1 * 1
1.5 0.534 0.240 0.046 1 * 3
2.0 0.723 0.323 0.060 1 * 3
2.5 0.536 0.398 0.122 2 * 3 7
3.0 0.656 0.513 0.200 3 * 3 4 9
3.5 0.717 0.584 0.265 3 * 3 10 11
4.0 0.523 0.507 0.475 3 * 2 7 18
4.5 0.791 0.809 0.711 4 * 3 9 12 26
5.0 0.886 0.886 0.844 3 * 3 9 27
5.5 0.897 0.902 0.874 4 * 3 9 10 27
6.0 0.922 0.922 0.890 3 * 3 9 27
6.5 0.919 0.926 0.898 4 * 3 9 10 27
7.0 0.936 0.936 0.911 3 * 3 9 27
7.5 0.944 0.944 0.919 3 * 3 9 27
8.0 0.880 0.880 0.922 3 * 3 9 27
8.5 0.950 0.957 0.928 4 * 3 9 10 27
9.0 0.999 0.999 0.999 3 * 3 9 27
9.5 0.999 0.999 0.999 3 * 3 9 27
10.0 1.000 1.000 1.000 3 * 3 9 27
0.5 0.004 0.003 0.002 1 * 2
1.0 0.000 0.000 0.000 1 * 1
1.5 0.528 0.239 0.047 1 * 3
2.0 0.730 0.326 0.059 1 * 3
2.5 0.624 0.473 0.169 2 * 3 8
3.0 0.748 0.576 0.233 2 * 3 10
3.5 0.718 0.582 0.261 3 * 3 10 11
4.0 0.727 0.714 0.467 3 * 3 9 18
4.5 0.758 0.758 0.720 3 * 3 7 25
5.0 0.883 0.883 0.844 3 * 3 9 27
5.5 0.879 0.879 0.867 3 * 3 9 27
6.0 0.907 0.913 0.885 4 * 3 9 10 27
6.5 0.920 0.927 0.901 4 * 3 9 10 27
7.0 0.931 0.938 0.910 4 * 3 9 10 27
7.5 0.939 0.939 0.912 3 * 3 9 27
8.0 0.998 0.998 0.996 3 * 3 9 27
8.5 0.951 0.959 0.930 4 * 3 9 10 27
9.0 0.999 0.999 0.998 3 * 3 9 27
9.5 0.999 0.999 0.999 3 * 3 9 27
10.0 0.825 0.935 0.938 4 * 2 3 9 27
0.5 0.000 0.000 0.000 1 * 1
1.0 0.000 0.000 0.000 1 * 1
1.5 0.543 0.244 0.046 1 * 3
2.0 0.468 0.240 0.064 1 * 4
2.5 0.567 0.424 0.138 2 * 3 7
3.0 0.822 0.630 0.244 2 * 3 9
3.5 0.654 0.574 0.288 3 * 3 5 12
4.0 0.724 0.718 0.489 3 * 3 9 19
4.5 0.837 0.846 0.768 4 * 3 9 11 26
5.0 0.885 0.890 0.852 4 * 3 9 10 27
5.5 0.913 0.913 0.877 3 * 3 9 27
6.0 0.908 0.915 0.885 4 * 3 9 10 27
6.5 0.931 0.931 0.899 3 * 3 9 27
7.0 0.855 0.897 0.911 5 * 3 4 8 12 27
7.5 0.933 0.940 0.914 4 * 3 9 10 27
8.0 0.937 0.937 0.923 3 * 3 9 27
8.5 0.999 0.999 0.998 3 * 3 9 27
9.0 0.889 0.889 0.933 3 * 3 9 27
9.5 0.999 0.999 0.999 3 * 3 9 27
10.0 1.000 1.000 0.999 3 * 3 9 27
0.5 0.000 0.000 0.000 1 * 1
1.0 0.000 0.000 0.000 1 * 1
1.5 0.561 0.252 0.048 1 * 3
2.0 0.730 0.326 0.060 1 * 3
2.5 0.625 0.469 0.156 2 * 3 7
3.0 0.826 0.632 0.245 2 * 3 9
3.5 0.634 0.558 0.306 3 * 3 5 13
4.0 0.585 0.579 0.475 3 * 2 9 18
4.5 0.846 0.846 0.768 3 * 3 9 26
5.0 0.890 0.890 0.846 3 * 3 9 27
5.5 0.895 0.901 0.871 4 * 3 9 10 27
6.0 0.911 0.918 0.889 4 * 3 9 10 27
6.5 0.925 0.925 0.897 3 * 3 9 27
7.0 0.925 0.932 0.908 4 * 3 9 10 27
7.5 0.934 0.941 0.913 4 * 3 9 10 27
8.0 0.844 0.904 0.920 5 * 3 4 8 14 27
8.5 0.952 0.952 0.924 3 * 3 9 27
9.0 0.999 0.999 0.998 3 * 3 9 27
9.5 0.999 0.999 0.998 3 * 3 9 27
10.0 1.000 1.000 0.999 3 * 3 9 27
0.5 0.000 0.000 0.000 1 * 1
1.0 0.079 0.037 0.009 1 * 2
1.5 0.569 0.256 0.049 1 * 3
2.0 0.714 0.319 0.059 1 * 3
2.5 0.666 0.504 0.179 2 * 3 8
3.0 0.824 0.631 0.246 2 * 3 9
3.5 0.722 0.586 0.264 3 * 3 10 11
4.0 0.568 0.542 0.501 5 * 2 7 12 15 19
4.5 0.804 0.820 0.741 5 * 3 8 10 11 25
5.0 0.883 0.883 0.850 3 * 3 9 27
5.5 0.904 0.904 0.875 3 * 3 9 27
6.0 0.910 0.917 0.888 4 * 3 9 10 27
6.5 0.920 0.927 0.899 4 * 3 9 10 27
7.0 0.907 0.907 0.908 3 * 3 10 27
7.5 0.943 0.943 0.917 3 * 3 9 27
8.0 0.943 0.950 0.925 4 * 3 9 10 27
8.5 0.944 0.951 0.926 4 * 3 9 10 27
9.0 0.999 0.999 0.999 3 * 3 9 27
9.5 0.999 0.999 0.999 3 * 3 9 27
10.0 0.999 0.999 0.999 3 * 3 9 27
0.5 0.000 0.000 0.000 1 * 1
1.0 0.151 0.070 0.016 1 * 2
1.5 0.537 0.244 0.048 1 * 3
2.0 0.716 0.321 0.060 1 * 3
2.5 0.635 0.480 0.171 2 * 3 8
3.0 0.824 0.631 0.246 2 * 3 9
3.5 0.661 0.583 0.289 4 * 3 7 11 12
4.0 0.610 0.451 0.506 3 * 8 15 19
4.5 0.845 0.855 0.780 4 * 3 9 11 26
5.0 0.880 0.880 0.843 3 * 3 9 27
5.5 0.903 0.903 0.872 3 * 3 9 27
6.0 0.910 0.916 0.886 4 * 3 9 10 27
6.5 0.908 0.908 0.897 3 * 3 9 27
7.0 0.931 0.937 0.908 4 * 3 9 10 27
7.5 0.937 0.944 0.917 4 * 3 9 10 27
8.0 0.998 0.998 0.997 3 * 3 9 27
8.5 0.947 0.954 0.928 4 * 3 9 10 27
9.0 0.999 0.999 0.998 3 * 3 9 27
9.5 0.999 0.999 0.999 3 * 3 9 27
10.0 0.999 0.999 0.999 3 * 3 9 27
0.5 0.000 0.000 0.000 1 * 1
1.0 0.000 0.000 0.000 1 * 1
1.5 0.553 0.250 0.048 1 * 3
2.0 0.451 0.233 0.062 1 * 4
2.5 0.606 0.454 0.152 2 * 3 7
3.0 0.815 0.624 0.242 2 * 3 9
3.5 0.670 0.586 0.284 4 * 3 7 11 12
4.0 0.727 0.727 0.510 3 * 3 9 19
4.5 0.854 0.854 0.777 3 * 3 9 26
5.0 0.856 0.877 0.851 4 * 3 8 10 27
5.5 0.894 0.900 0.869 4 * 3 9 10 27
6.0 0.795 0.764 0.890 4 * 2 9 10 27
6.5 0.918 0.924 0.899 4 * 3 9 10 27
7.0 0.931 0.938 0.909 4 * 3 9 10 27
7.5 0.935 0.942 0.916 4 * 3 9 10 27
8.0 0.943 0.943 0.918 3 * 3 9 27
8.5 0.999 0.999 0.998 3 * 3 9 27
9.0 0.999 0.999 0.998 3 * 3 9 27
9.5 1.000 1.000 0.999 3 * 3 9 27
10.0 1.000 1.000 0.999 3 * 3 9 27
0.5 0.000 0.000 0.000 1 * 1
1.0 0.000 0.000 0.000 1 * 1
1.5 0.541 0.243 0.046 1 * 3
2.0 0.707 0.315 0.058 1 * 3
2.5 0.556 0.418 0.144 2 * 3 7
3.0 0.822 0.630 0.248 2 * 3 9
3.5 0.744 0.589 0.277 2 * 3 12
4.0 0.726 0.711 0.475 5 * 3 9 11 13 18
4.5 0.781 0.822 0.771 4 * 3 7 11 26
5.0 0.883 0.889 0.852 4 * 3 9 10 27
5.5 0.898 0.898 0.869 3 * 3 9 27
6.0 0.920 0.920 0.889 3 * 3 9 27
6.5 0.930 0.930 0.902 3 * 3 9 27
7.0 0.920 0.920 0.910 3 * 3 9 27
7.5 0.874 0.874 0.916 3 * 3 9 27
8.0 0.939 0.939 0.925 3 * 3 9 27
8.5 0.933 0.948 0.887 4 * 3 9 26 27
9.0 0.949 0.955 0.930 4 * 3 9 10 27
9.5 0.999 0.999 0.999 3 * 3 9 27
10.0 1.000 1.000 0.999 3 * 3 9 27
0.5 0.000 0.000 0.000 1 * 1
1.0 0.000 0.000 0.000 1 * 1
1.5 0.555 0.249 0.047 1 * 3
2.0 0.451 0.238 0.066 1 * 4
2.5 0.415 0.326 0.147 2 * 2 7
3.0 0.821 0.629 0.245 2 * 3 9
3.5 0.697 0.592 0.279 4 * 3 10 11 12
4.0 0.753 0.738 0.495 4 * 3 9 10 19
4.5 0.840 0.850 0.774 5 * 3 9 10 11 26
5.0 0.876 0.881 0.843 4 * 3 9 10 27
5.5 0.908 0.908 0.872 3 * 3 9 27
6.0 0.909 0.915 0.884 4 * 3 9 10 27
6.5 0.916 0.922 0.897 4 * 3 9 10 27
7.0 0.931 0.938 0.912 4 * 3 9 10 27
7.5 0.936 0.944 0.915 4 * 3 9 10 27
8.0 0.949 0.949 0.924 3 * 3 9 27
8.5 0.935 0.935 0.925 3 * 3 9 27
9.0 0.999 0.999 0.998 3 * 3 9 27
9.5 0.999 0.999 0.999 3 * 3 9 27
10.0 1.000 1.000 0.999 3 * 3 9 27
0.5 0.000 0.000 0.000 1 * 1
1.0 0.000 0.000 0.000 1 * 1
1.5 0.540 0.243 0.047 1 * 3
2.0 0.720 0.322 0.059 1 * 3
2.5 0.611 0.459 0.154 2 * 3 7
3.0 0.827 0.635 0.251 2 * 3 9
3.5 0.641 0.563 0.288 3 * 3 5 12
4.0 0.725 0.725 0.497 3 * 3 9 19
4.5 0.845 0.845 0.775 3 * 3 9 26
5.0 0.883 0.889 0.848 4 * 3 9 10 27
5.5 0.897 0.903 0.873 4 * 3 9 10 27
6.0 0.910 0.916 0.887 4 * 3 9 10 27
6.5 0.921 0.928 0.898 4 * 3 9 10 27
7.0 0.943 0.943 0.913 3 * 3 9 27
7.5 0.847 0.890 0.917 4 * 3 7 12 27
8.0 0.917 0.692 0.922 2 * 3 27
8.5 0.947 0.955 0.925 4 * 3 9 10 27
9.0 0.999 0.999 0.999 3 * 3 9 27
9.5 1.000 1.000 0.999 3 * 3 9 27
10.0 0.999 0.999 0.999 3 * 3 9 27
0.5 0.000 0.000 0.000 1 * 1
1.0 0.000 0.000 0.000 1 * 1
1.5 0.545 0.245 0.046 1 * 3
2.0 0.454 0.234 0.063 1 * 4
2.5 0.607 0.455 0.151 2 * 3 7
3.0 0.820 0.628 0.244 2 * 3 9
3.5 0.528 0.441 0.308 3 * 2 7 13
4.0 0.587 0.587 0.494 3 * 2 9 19
4.5 0.841 0.841 0.774 3 * 3 9 26
5.0 0.876 0.881 0.846 4 * 3 9 10 27
5.5 0.897 0.903 0.874 4 * 3 9 10 27
6.0 0.912 0.918 0.889 4 * 3 9 10 27
6.5 0.920 0.926 0.902 4 * 3 9 10 27
7.0 0.929 0.936 0.912 4 * 3 9 10 27
7.5 0.913 0.690 0.919 2 * 3 27
8.0 0.949 0.949 0.924 3 * 3 9 27
8.5 0.772 0.866 0.932 4 * 2 3 8 27
9.0 0.999 0.999 0.998 3 * 3 9 27
9.5 0.947 0.947 0.937 3 * 3 9 27
10.0 1.000 1.000 0.999 3 * 3 9 27
0.5 0.000 0.000 0.000 1 * 1
1.0 0.000 0.000 0.000 1 * 1
1.5 0.527 0.238 0.046 1 * 3
2.0 0.710 0.318 0.059 1 * 3
2.5 0.616 0.462 0.154 2 * 3 7
3.0 0.818 0.626 0.244 2 * 3 9
3.5 0.521 0.435 0.305 3 * 2 7 13
4.0 0.644 0.659 0.469 4 * 3 4 9 18
4.5 0.871 0.871 0.781 3 * 3 9 25
5.0 0.888 0.888 0.850 3 * 3 9 27
5.5 0.865 0.865 0.867 3 * 3 9 27
6.0 0.912 0.918 0.886 4 * 3 9 10 27
6.5 0.856 0.879 0.905 4 * 3 4 8 27
7.0 0.938 0.938 0.911 3 * 3 9 27
7.5 0.845 0.888 0.916 4 * 3 7 12 27
8.0 0.944 0.952 0.923 4 * 3 9 10 27
8.5 0.884 0.884 0.928 3 * 3 9 27
9.0 0.999 0.999 0.999 3 * 3 9 27
9.5 0.999 0.999 0.999 3 * 3 9 27
10.0 1.000 1.000 0.999 3 * 3 9 27
0.5 0.000 0.000 0.000 1 * 1
1.0 0.000 0.000 0.000 1 * 1
1.5 0.312 0.162 0.045 1 * 4
2.0 0.716 0.320 0.059 1 * 3
2.5 0.642 0.495 0.174 3 * 3 4 8
3.0 0.824 0.632 0.246 2 * 3 9
3.5 0.722 0.622 0.307 3 * 3 9 13
4.0 0.621 0.642 0.444 4 * 2 3 7 18
4.5 0.851 0.851 0.774 3 * 3 9 26
5.0 0.879 0.879 0.847 3 * 3 9 27
5.5 0.909 0.909 0.875 3 * 3 9 27
6.0 0.913 0.913 0.886 3 * 3 9 27
6.5 0.925 0.932 0.901 4 * 3 9 10 27
7.0 0.846 0.893 0.910 4 * 3 7 11 27
7.5 0.940 0.940 0.917 3 * 3 9 27
8.0 0.943 0.949 0.924 4 * 3 9 10 27
8.5 0.902 0.910 0.880 4 * 3 9 26 27
9.0 0.999 0.999 0.999 3 * 3 9 27
9.5 0.999 0.999 0.999 3 * 3 9 27
10.0 1.000 1.000 0.999 3 * 3 9 27
0.5 0.000 0.000 0.000 1 * 1
1.0 0.000 0.000 0.000 1 * 1
1.5 0.538 0.242 0.046 1 * 3
2.0 0.715 0.320 0.059 1 * 3
2.5 0.404 0.317 0.143 2 * 2 7
3.0 0.829 0.635 0.247 2 * 3 9
3.5 0.720 0.623 0.309 3 * 3 9 13
4.0 0.738 0.738 0.522 3 * 3 9 20
4.5 0.849 0.851 0.776 4 * 3 9 10 26
5.0 0.816 0.865 0.847 4 * 3 7 10 27
5.5 0.892 0.898 0.870 4 * 3 9 10 27
6.0 0.914 0.921 0.891 4 * 3 9 10 27
6.5 0.929 0.929 0.902 3 * 3 9 27
7.0 0.932 0.932 0.907 3 * 3 9 27
7.5 0.941 0.941 0.916 3 * 3 9 27
8.0 0.945 0.953 0.922 4 * 3 9 10 27
8.5 0.999 0.999 0.998 3 * 3 9 27
9.0 0.959 0.959 0.929 3 * 3 9 27
9.5 0.791 0.892 0.935 4 * 2 3 9 27
10.0 1.000 1.000 0.999 3 * 3 9 27
0.5 0.000 0.000 0.000 1 * 1
1.0 0.000 0.000 0.000 1 * 1
1.5 0.525 0.237 0.046 1 * 3
2.0 0.461 0.235 0.060 1 * 4
2.5 0.640 0.485 0.175 2 * 3 8
3.0 0.740 0.570 0.231 2 * 3 10
3.5 0.537 0.442 0.264 3 * 2 7 12
4.0 0.576 0.607 0.508 5 * 3 4 6 15 19
4.5 0.850 0.850 0.804 3 * 3 9 27
5.0 0.882 0.882 0.850 3 * 3 9 27
5.5 0.899 0.905 0.873 4 * 3 9 10 27
6.0 0.920 0.920 0.889 3 * 3 9 27
6.5 0.926 0.926 0.899 3 * 3 9 27
7.0 0.929 0.936 0.911 4 * 3 9 10 27
7.5 0.936 0.943 0.919 4 * 3 9 10 27
8.0 0.883 0.883 0.927 3 * 3 9 27
8.5 0.948 0.956 0.927 4 * 3 9 10 27
9.0 0.954 0.961 0.931 4 * 3 9 10 27
9.5 0.999 0.999 0.999 3 * 3 9 27
10.0 1.000 1.000 0.999 3 * 3 9 27
0.5 0.000 0.000 0.000 1 * 1
1.0 0.000 0.000 0.000 1 * 1
1.5 0.538 0.242 0.046 1 * 3
2.0 0.731 0.326 0.060 1 * 3
2.5 0.618 0.464 0.154 2 * 3 7
3.0 0.823 0.630 0.245 2 * 3 9
3.5 0.657 0.572 0.284 3 * 3 5 12
4.0 0.750 0.716 0.462 5 * 3 9 10 12 18
4.5 0.859 0.863 0.815 4 * 3 9 10 27
5.0 0.885 0.890 0.848 4 * 3 9 10 27
5.5 0.895 0.900 0.871 4 * 3 9 10 27
6.0 0.919 0.919 0.887 3 * 3 9 27
6.5 0.928 0.928 0.902 3 * 3 9 27
7.0 0.929 0.699 0.908 2 * 3 27
7.5 0.937 0.944 0.915 4 * 3 9 10 27
8.0 0.916 0.691 0.925 2 * 3 27
8.5 0.999 0.999 0.998 3 * 3 9 27
9.0 0.999 0.999 0.998 3 * 3 9 27
9.5 0.999 0.999 0.999 3 * 3 9 27
10.0 1.000 1.000 0.999 3 * 3 9 27
0.5 0.000 0.000 0.000 1 * 1
1.0 0.000 0.000 0.000 1 * 1
1.5 0.542 0.243 0.046 1 * 3
2.0 0.712 0.318 0.059 1 * 3
2.5 0.589 0.442 0.148 2 * 3 7
3.0 0.826 0.633 0.246 2 * 3 9
3.5 0.700 0.606 0.293 4 * 3 10 11 13
4.0 0.751 0.718 0.455 3 * 3 9 17
4.5 0.857 0.861 0.815 4 * 3 9 10 27
5.0 0.880 0.880 0.849 3 * 3 9 27
5.5 0.903 0.903 0.873 3 * 3 9 27
6.0 0.916 0.923 0.891 4 * 3 9 10 27
6.5 0.924 0.931 0.906 4 * 3 9 10 27
7.0 0.918 0.918 0.910 3 * 3 9 27
7.5 0.935 0.942 0.918 4 * 3 9 10 27
8.0 0.948 0.948 0.923 3 * 3 9 27
8.5 0.999 0.999 0.998 3 * 3 9 27
9.0 0.886 0.886 0.929 3 * 3 9 27
9.5 1.000 1.000 0.999 3 * 3 9 27
10.0 1.000 1.000 0.999 3 * 3 9 27
0.5 0.000 0.000 0.000 1 * 1
1.0 0.000 0.000 0.000 1 * 1
1.5 0.539 0.243 0.047 1 * 3
2.0 0.720 0.322 0.060 1 * 3
2.5 0.687 0.522 0.191 2 * 3 9
3.0 0.820 0.630 0.250 2 * 3 9
3.5 0.541 0.448 0.276 3 * 2 7 12
4.0 0.734 0.734 0.518 3 * 3 9 20
4.5 0.813 0.827 0.779 4 * 3 8 11 26
5.0 0.889 0.889 0.851 3 * 3 9 27
5.5 0.901 0.908 0.877 4 * 3 9 10 27
6.0 0.881 0.903 0.889 4 * 3 8 10 27
6.5 0.929 0.929 0.901 3 * 3 9 27
7.0 0.941 0.941 0.913 3 * 3 9 27
7.5 0.903 0.903 0.915 3 * 3 8 27
8.0 0.934 0.934 0.923 3 * 3 9 27
8.5 0.844 0.834 0.875 4 * 3 7 26 27
9.0 0.999 0.999 0.999 3 * 3 9 27
9.5 1.000 1.000 0.999 3 * 3 9 27
10.0 1.000 1.000 0.999 3 * 3 9 27
0.5 0.000 0.000 0.000 1 * 1
1.0 0.000 0.000 0.000 1 * 1
1.5 0.541 0.244 0.048 1 * 3
2.0 0.724 0.324 0.060 1 * 3
2.5 0.599 0.449 0.148 2 * 3 7
3.0 0.813 0.623 0.243 2 * 3 9
3.5 0.522 0.431 0.292 3 * 2 7 13
4.0 0.695 0.695 0.539 3 * 3 9 20
4.5 0.858 0.858 0.802 3 * 3 9 27
5.0 0.884 0.884 0.845 3 * 3 9 27
5.5 0.908 0.914 0.878 4 * 3 9 10 27
6.0 0.914 0.920 0.890 4 * 3 9 10 27
6.5 0.873 0.873 0.899 3 * 3 9 27
7.0 0.924 0.931 0.907 4 * 3 9 10 27
7.5 0.936 0.943 0.917 4 * 3 9 10 27
8.0 0.998 0.998 0.996 3 * 3 9 27
8.5 0.918 0.918 0.925 3 * 3 9 27
9.0 0.999 0.999 0.998 3 * 3 9 27
9.5 0.999 0.999 0.999 3 * 3 9 27
10.0 0.999 0.999 0.999 3 * 3 9 27
0.5 0.000 0.000 0.000 1 * 1
1.0 0.132 0.061 0.014 1 * 2
1.5 0.551 0.247 0.047 1 * 3
2.0 0.720 0.322 0.059 1 * 3
2.5 0.590 0.442 0.146 2 * 3 7
3.0 0.824 0.631 0.244 2 * 3 9
3.5 0.716 0.600 0.279 3 * 3 10 12
4.0 0.734 0.734 0.527 3 * 3 9 20
4.5 0.921 0.921 0.830 3 * 3 9 25
5.0 0.885 0.891 0.850 4 * 3 9 10 27
5.5 0.901 0.901 0.874 3 * 3 9 27
6.0 0.921 0.921 0.888 3 * 3 9 27
6.5 0.926 0.926 0.903 3 * 3 9 27
7.0 0.942 0.942 0.913 3 * 3 9 27
7.5 0.839 0.851 0.862 4 * 3 8 23 27
8.0 0.935 0.935 0.924 3 * 3 9 27
8.5 0.948 0.956 0.927 4 * 3 9 10 27
9.0 0.999 0.999 0.998 3 * 3 9 27
9.5 0.999 0.999 0.999 3 * 3 9 27
10.0 1.000 1.000 0.999 3 * 3 9 27
0.5 0.000 0.000 0.000 1 * 1
1.0 0.146 0.067 0.014 1 * 2
1.5 0.543 0.244 0.047 1 * 3
2.0 0.724 0.323 0.059 1 * 3
2.5 0.651 0.491 0.172 2 * 3 8
3.0 0.825 0.632 0.247 2 * 3 9
3.5 0.627 0.568 0.303 4 * 3 4 9 13
4.0 0.737 0.737 0.504 3 * 3 9 19
4.5 0.803 0.803 0.749 3 * 3 8 25
5.0 0.876 0.883 0.847 4 * 3 9 10 27
5.5 0.898 0.898 0.867 3 * 3 9 27
6.0 0.911 0.918 0.888 4 * 3 9 10 27
6.5 0.928 0.928 0.898 3 * 3 9 27
7.0 0.933 0.933 0.909 3 * 3 9 27
7.5 0.927 0.927 0.917 3 * 3 9 27
8.0 0.933 0.933 0.923 3 * 3 9 27
8.5 0.840 0.876 0.879 6 * 3 4 9 10 26 27
9.0 0.949 0.956 0.932 4 * 3 9 10 27
9.5 0.999 0.999 0.999 3 * 3 9 27
10.0 0.999 0.999 0.999 3 * 3 9 27
0.5 0.000 0.000 0.000 1 * 1
1.0 0.000 0.000 0.000 1 * 1
1.5 0.537 0.242 0.047 1 * 3
2.0 0.709 0.317 0.059 1 * 3
2.5 0.643 0.486 0.173 2 * 3 8
3.0 0.736 0.568 0.232 2 * 3 10
3.5 0.745 0.577 0.242 2 * 3 10
4.0 0.725 0.715 0.466 3 * 3 9 18
4.5 0.801 0.814 0.764 4 * 3 8 11 26
5.0 0.887 0.887 0.847 3 * 3 9 27
5.5 0.895 0.901 0.865 4 * 3 9 10 27
6.0 0.910 0.916 0.890 4 * 3 9 10 27
6.5 0.919 0.925 0.902 4 * 3 9 10 27
7.0 0.935 0.935 0.909 3 * 3 9 27
7.5 0.940 0.940 0.916 3 * 3 9 27
8.0 0.932 0.932 0.921 3 * 3 9 27
8.5 0.859 0.902 0.879 6 * 3 4 8 13 26 27
9.0 0.925 0.925 0.934 3 * 3 9 27
9.5 1.000 1.000 0.999 3 * 3 9 27
10.0 1.000 1.000 0.999 3 * 3 9 27
0.5 0.000 0.000 0.000 1 * 1
1.0 0.000 0.000 0.000 1 * 1
1.5 0.542 0.243 0.046 1 * 3
2.0 0.465 0.233 0.057 1 * 4
2.5 0.623 0.466 0.153 2 * 3 7
3.0 0.820 0.628 0.245 2 * 3 9
3.5 0.726 0.594 0.272 3 * 3 11 12
4.0 0.709 0.621 0.445 2 * 3 18
4.5 0.733 0.722 0.774 4 * 3 8 11 26
5.0 0.875 0.875 0.842 3 * 3 9 27
5.5 0.903 0.903 0.873 3 * 3 9 27
6.0 0.915 0.915 0.890 3 * 3 9 27
6.5 0.922 0.929 0.897 4 * 3 9 10 27
7.0 0.939 0.939 0.912 3 * 3 9 27
7.5 0.935 0.942 0.916 4 * 3 9 10 27
8.0 0.942 0.950 0.922 4 * 3 9 10 27
8.5 0.923 0.923 0.930 3 * 3 9 27
9.0 0.999 0.999 0.999 3 * 3 9 27
9.5 0.999 0.999 0.999 3 * 3 9 27
10.0 1.000 1.000 0.999 3 * 3 9 27
0.5 0.000 0.000 0.000 1 * 1
1.0 0.000 0.000 0.000 1 * 1
1.5 0.545 0.244 0.046 1 * 3
2.0 0.731 0.327 0.061 1 * 3
2.5 0.653 0.494 0.176 2 * 3 8
3.0 0.826 0.632 0.245 2 * 3 9
3.5 0.652 0.570 0.302 3 * 3 5 13
4.0 0.730 0.730 0.505 3 * 3 9 19
4.5 0.798 0.812 0.768 4 * 3 8 11 26
5.0 0.877 0.883 0.840 4 * 3 9 10 27
5.5 0.895 0.901 0.872 4 * 3 9 10 27
6.0 0.910 0.916 0.887 4 * 3 9 10 27
6.5 0.932 0.932 0.902 3 * 3 9 27
7.0 0.930 0.937 0.908 4 * 3 9 10 27
7.5 0.933 0.940 0.916 4 * 3 9 10 27
8.0 0.901 0.909 0.877 4 * 3 9 26 27
8.5 0.924 0.924 0.929 3 * 3 9 27
9.0 0.999 0.999 0.999 3 * 3 9 27
9.5 0.999 0.999 0.999 3 * 3 9 27
10.0 1.000 1.000 0.999 3 * 3 9 27
0.5 0.000 0.000 0.000 1 * 1
1.0 0.154 0.070 0.015 1 * 2
1.5 0.530 0.239 0.047 1 * 3
2.0 0.462 0.246 0.069 1 * 4
2.5 0.639 0.482 0.167 2 * 3 8
3.0 0.723 0.561 0.237 2 * 3 10
3.5 0.704 0.586 0.274 3 * 3 10 12
4.0 0.738 0.738 0.506 3 * 3 9 19
4.5 0.867 0.872 0.813 4 * 3 9 10 27
5.0 0.890 0.890 0.850 3 * 3 9 27
5.5 0.903 0.903 0.870 3 * 3 9 27
6.0 0.906 0.912 0.884 4 * 3 9 10 27
6.5 0.929 0.929 0.903 3 * 3 9 27
7.0 0.925 0.931 0.906 4 * 3 9 10 27
7.5 0.928 0.928 0.917 3 * 3 9 27
8.0 0.943 0.950 0.922 4 * 3 9 10 27
8.5 0.999 0.999 0.997 3 * 3 9 27
9.0 0.999 0.999 0.998 3 * 3 9 27
9.5 0.999 0.999 0.999 3 * 3 9 27
10.0 1.000 1.000 0.999 3 * 3 9 27
0.5 0.000 0.000 0.000 1 * 1
1.0 0.137 0.063 0.014 1 * 2
1.5 0.546 0.246 0.047 1 * 3
2.0 0.436 0.229 0.063 1 * 4
2.5 0.646 0.489 0.175 2 * 3 8
3.0 0.823 0.631 0.248 2 * 3 9
3.5 0.511 0.434 0.335 3 * 2 7 14
4.0 0.752 0.752 0.539 3 * 3 9 20
4.5 0.842 0.842 0.767 4 * 3 9 10 26
5.0 0.882 0.882 0.842 3 * 3 9 27
5.5 0.908 0.908 0.874 3 * 3 9 27
6.0 0.916 0.916 0.891 3 * 3 9 27
6.5 0.910 0.910 0.899 3 * 3 9 27
7.0 0.941 0.941 0.913 3 * 3 9 27
7.5 0.939 0.946 0.916 4 * 3 9 10 27
8.0 0.998 0.998 0.996 3 * 3 9 27
8.5 0.999 0.999 0.997 3 * 3 9 27
9.0 0.950 0.957 0.930 4 * 3 9 10 27
9.5 0.999 0.999 0.999 3 * 3 9 27
10.0 1.000 1.000 1.000 3 * 3 9 27
0.5 0.000 0.000 0.000 1 * 1
1.0 0.000 0.000 0.000 1 * 1
1.5 0.544 0.245 0.047 1 * 3
2.0 0.472 0.244 0.065 1 * 4
2.5 0.622 0.473 0.174 2 * 3 9
3.0 0.742 0.575 0.241 2 * 3 10
3.5 0.710 0.593 0.279 3 * 3 10 12
4.0 0.729 0.729 0.538 3 * 3 9 20
4.5 0.910 0.921 0.832 4 * 3 9 11 25
5.0 0.878 0.878 0.845 3 * 3 9 27
5.5 0.903 0.903 0.869 3 * 3 9 27
6.0 0.913 0.913 0.885 3 * 3 9 27
6.5 0.927 0.927 0.901 3 * 3 9 27
7.0 0.927 0.934 0.908 4 * 3 9 10 27
7.5 0.939 0.946 0.916 4 * 3 9 10 27
8.0 0.943 0.950 0.924 4 * 3 9 10 27
8.5 0.946 0.953 0.927 4 * 3 9 10 27
9.0 0.999 0.999 0.999 3 * 3 9 27
9.5 0.999 0.999 0.999 3 * 3 9 27
10.0 1.000 1.000 0.999 3 * 3 9 27
0.5 0.000 0.000 0.000 1 * 1
1.0 0.000 0.000 0.000 1 * 1
1.5 0.546 0.246 0.047 1 * 3
2.0 0.724 0.324 0.060 1 * 3
2.5 0.592 0.443 0.144 2 * 3 7
3.0 0.731 0.562 0.226 2 * 3 10
3.5 0.708 0.590 0.281 3 * 3 10 12
4.0 0.760 0.742 0.515 5 * 3 9 10 11 19
4.5 0.843 0.843 0.772 3 * 3 9 26
5.0 0.891 0.891 0.850 3 * 3 9 27
5.5 0.895 0.901 0.870 4 * 3 9 10 27
6.0 0.917 0.923 0.887 4 * 3 9 10 27
6.5 0.928 0.928 0.900 3 * 3 9 27
7.0 0.937 0.937 0.908 3 * 3 9 27
7.5 0.943 0.943 0.918 3 * 3 9 27
8.0 0.998 0.998 0.996 3 * 3 9 27
8.5 0.949 0.956 0.927 4 * 3 9 10 27
9.0 0.999 0.999 0.998 3 * 3 9 27
9.5 0.999 0.999 0.999 3 * 3 9 27
10.0 1.000 1.000 0.999 3 * 3 9 27
0.5 0.000 0.000 0.000 1 * 1
1.0 0.000 0.000 0.000 1 * 1
1.5 0.546 0.247 0.048 1 * 3
2.0 0.453 0.231 0.061 1 * 4
2.5 0.635 0.486 0.163 3 * 3 4 8
3.0 0.820 0.628 0.243 2 * 3 9
3.5 0.716 0.583 0.263 3 * 3 11 12
4.0 0.703 0.667 0.493 4 * 3 9 10 19
4.5 0.812 0.828 0.772 4 * 3 8 10 26
5.0 0.882 0.882 0.849 3 * 3 9 27
5.5 0.898 0.904 0.873 4 * 3 9 10 27
6.0 0.918 0.918 0.887 3 * 3 9 27
6.5 0.927 0.927 0.901 3 * 3 9 27
7.0 0.926 0.933 0.905 4 * 3 9 10 27
7.5 0.892 0.747 0.917 3 * 3 4 27
8.0 0.930 0.930 0.921 3 * 3 9 27
8.5 0.874 0.874 0.925 3 * 3 7 27
9.0 0.999 0.999 0.998 3 * 3 9 27
9.5 1.000 1.000 0.999 3 * 3 9 27
10.0 1.000 1.000 0.999 3 * 3 9 27
0.5 0.000 0.000 0.000 1 * 1
1.0 0.000 0.000 0.000 1 * 1
1.5 0.540 0.243 0.046 1 * 3
2.0 0.715 0.319 0.059 1 * 3
2.5 0.686 0.522 0.195 2 * 3 9
3.0 0.812 0.622 0.240 2 * 3 9
3.5 0.728 0.608 0.278 3 * 3 10 12
4.0 0.717 0.717 0.509 3 * 3 8 20
4.5 0.811 0.811 0.721 3 * 3 9 26
5.0 0.880 0.880 0.846 3 * 3 9 27
5.5 0.906 0.906 0.871 3 * 3 9 27
6.0 0.923 0.923 0.890 3 * 3 9 27
6.5 0.922 0.929 0.901 4 * 3 9 10 27
7.0 0.935 0.942 0.911 4 * 3 9 10 27
7.5 0.940 0.947 0.918 4 * 3 9 10 27
8.0 0.828 0.872 0.878 5 * 3 4 9 26 27
8.5 0.950 0.957 0.929 4 * 3 9 10 27
9.0 0.999 0.999 0.998 3 * 3 9 27
9.5 0.964 0.964 0.934 3 * 3 9 27
10.0 1.000 1.000 1.000 3 * 3 9 27
0.5 0.000 0.000 0.000 1 * 1
1.0 0.000 0.000 0.000 1 * 1
1.5 0.542 0.246 0.048 1 * 3
2.0 0.719 0.321 0.059 1 * 3
2.5 0.652 0.492 0.173 2 * 3 8
3.0 0.821 0.630 0.246 2 * 3 9
3.5 0.539 0.446 0.290 3 * 2 7 12
4.0 0.685 0.685 0.504 5 * 3 4 9 10 19
4.5 0.918 0.918 0.825 3 * 3 9 25
5.0 0.877 0.882 0.840 4 * 3 9 10 27
5.5 0.908 0.908 0.874 3 * 3 9 27
6.0 0.913 0.919 0.886 4 * 3 9 10 27
6.5 0.922 0.929 0.902 4 * 3 9 10 27
7.0 0.935 0.935 0.907 3 * 3 9 27
7.5 0.918 0.918 0.921 3 * 3 9 27
8.0 0.934 0.934 0.924 3 * 3 9 27
8.5 0.942 0.949 0.925 4 * 3 9 10 27
9.0 0.999 0.999 0.999 3 * 3 9 27
9.5 0.963 0.963 0.936 3 * 3 9 27
10.0 1.000 1.000 1.000 3 * 3 9 27
0.5 0.000 0.000 0.000 1 * 1
1.0 0.000 0.000 0.000 1 * 1
1.5 0.505 0.229 0.044 1 * 3
2.0 0.714 0.320 0.059 1 * 3
2.5 0.594 0.446 0.150 2 * 3 7
3.0 0.814 0.624 0.244 2 * 3 9
3.5 0.654 0.573 0.291 3 * 3 5 12
4.0 0.739 0.739 0.502 3 * 3 9 19
4.5 0.853 0.853 0.812 3 * 3 9 27
5.0 0.871 0.877 0.845 4 * 3 9 10 27
5.5 0.901 0.908 0.873 4 * 3 9 10 27
6.0 0.912 0.919 0.886 4 * 3 9 10 27
6.5 0.921 0.928 0.903 4 * 3 9 10 27
7.0 0.923 0.923 0.910 3 * 3 9 27
7.5 0.936 0.943 0.915 4 * 3 9 10 27
8.0 0.916 0.916 0.920 3 * 3 9 27
8.5 0.945 0.952 0.927 4 * 3 9 10 27
9.0 0.999 0.999 0.998 3 * 3 9 27
9.5 0.999 0.999 0.999 3 * 3 9 27
10.0 1.000 1.000 0.999 3 * 3 9 27
0.5 0.000 0.000 0.000 1 * 1
1.0 0.000 0.000 0.000 1 * 1
1.5 0.553 0.249 0.048 1 * 3
2.0 0.706 0.315 0.058 1 * 3
2.5 0.624 0.471 0.164 2 * 3 8
3.0 0.729 0.564 0.236 2 * 3 10
3.5 0.699 0.613 0.298 4 * 3 9 12 13
4.0 0.689 0.673 0.467 3 * 3 9 18
4.5 0.816 0.835 0.772 5 * 3 8 10 11 26
5.0 0.876 0.881 0.850 4 * 3 9 10 27
5.5 0.894 0.900 0.872 4 * 3 9 10 27
6.0 0.906 0.912 0.882 4 * 3 9 10 27
6.5 0.935 0.935 0.904 3 * 3 9 27
7.0 0.941 0.941 0.913 3 * 3 9 27
7.5 0.942 0.942 0.918 3 * 3 9 27
8.0 0.942 0.949 0.920 4 * 3 9 10 27
8.5 0.999 0.999 0.998 3 * 3 9 27
9.0 0.999 0.999 0.998 3 * 3 9 27
9.5 0.958 0.965 0.936 4 * 3 9 10 27
10.0 1.000 1.000 0.999 3 * 3 9 27
0.5 0.000 0.000 0.000 1 * 1
1.0 0.076 0.037 0.010 1 * 2
1.5 0.539 0.243 0.047 1 * 3
2.0 0.714 0.320 0.060 1 * 3
2.5 0.608 0.455 0.148 2 * 3 7
3.0 0.817 0.626 0.244 2 * 3 9
3.5 0.723 0.592 0.267 3 * 3 10 11
4.0 0.631 0.647 0.499 4 * 3 8 16 19
4.5 0.854 0.859 0.804 4 * 3 9 10 27
5.0 0.843 0.837 0.853 4 * 3 9 10 27
5.5 0.892 0.898 0.871 4 * 3 9 10 27
6.0 0.918 0.918 0.893 3 * 3 9 27
6.5 0.926 0.926 0.901 3 * 3 9 27
7.0 0.928 0.935 0.907 4 * 3 9 10 27
7.5 0.938 0.945 0.920 4 * 3 9 10 27
8.0 0.945 0.945 0.921 3 * 3 9 27
8.5 0.937 0.937 0.927 3 * 3 9 27
9.0 0.999 0.999 0.999 3 * 3 9 27
9.5 0.999 0.999 0.999 3 * 3 9 27
10.0 1.000 1.000 0.999 3 * 3 9 27
