0.5 0.000 0.000 0.000 1 * 1
1.0 0.000 0.000 0.000 1 * 1
1.5 0.539 0.243 0.048 1 * 3
2.0 0.459 0.233 0.059 1 * 4
2.5 0.532 0.449 0.146 3 * 3 5 7
3.0 0.818 0.627 0.244 2 * 3 9
3.5 0.585 0.487 0.311 3 * 2 9 13
4.0 0.554 0.595 0.457 5 * 2 4 6 10 18
4.5 0.701 0.692 0.744 4 * 2 9 13 25
5.0 0.888 0.888 0.849 3 * 3 9 27
5.5 0.747 0.747 0.866 3 * 2 9 27
6.0 0.915 0.915 0.882 3 * 3 9 27
6.5 0.922 0.922 0.898 3 * 3 9 27
7.0 0.935 0.935 0.911 3 * 3 9 27
7.5 0.925 0.925 0.911 3 * 3 10 27
8.0 0.921 0.948 0.919 4 * 3 9 12 27
8.5 0.999 0.999 0.998 3 * 3 9 27
9.0 0.999 0.999 0.998 3 * 3 9 27
9.5 0.999 0.999 0.999 3 * 3 9 27
10.0 1.000 1.000 0.999 3 * 3 9 27
0.5 0.000 0.000 0.000 1 * 1
1.0 0.000 0.000 0.000 1 * 1
1.5 0.549 0.246 0.046 1 * 3
2.0 0.718 0.320 0.059 1 * 3
2.5 0.614 0.461 0.155 2 * 3 7
3.0 0.824 0.631 0.246 2 * 3 9
3.5 0.667 0.598 0.294 4 * 3 7 11 13
4.0 0.747 0.747 0.524 3 * 3 9 20
4.5 0.764 0.701 0.719 3 * 3 5 26
5.0 0.734 0.734 0.846 3 * 2 9 27
5.5 0.771 0.838 0.873 4 * 3 6 10 27
6.0 0.917 0.917 0.884 3 * 3 9 27
6.5 0.771 0.771 0.901 3 * 2 9 27
7.0 0.938 0.938 0.913 3 * 3 9 27
7.5 0.943 0.943 0.916 3 * 3 9 27
8.0 0.948 0.948 0.922 3 * 3 9 27
8.5 0.939 0.939 0.928 3 * 3 10 27
9.0 0.999 0.999 0.998 3 * 3 9 27
9.5 1.000 1.000 1.000 3 * 3 9 27
10.0 1.000 1.000 0.999 3 * 3 9 27
0.5 0.000 0.000 0.000 1 * 1
1.0 0.000 0.000 0.000 1 * 1
1.5 0.530 0.240 0.046 1 * 3
2.0 0.445 0.229 0.060 1 * 4
2.5 0.528 0.450 0.150 3 * 3 5 7
3.0 0.825 0.632 0.246 2 * 3 9
3.5 0.530 0.434 0.259 3 * 2 7 11
4.0 0.523 0.511 0.475 3 * 2 7 18
4.5 0.835 0.845 0.781 4 * 3 9 11 26
5.0 0.776 0.776 0.846 3 * 4 10 27
5.5 0.904 0.904 0.871 3 * 3 9 27
6.0 0.854 0.905 0.888 4 * 3 7 10 27
6.5 0.772 0.772 0.900 3 * 2 9 27
7.0 0.913 0.941 0.910 4 * 3 9 12 27
7.5 0.771 0.771 0.919 3 * 2 9 27
8.0 0.880 0.934 0.922 4 * 3 7 10 27
8.5 0.887 0.941 0.928 4 * 3 7 10 27
9.0 0.999 0.999 0.998 3 * 3 9 27
9.5 1.000 1.000 0.999 3 * 3 9 27
10.0 0.999 0.999 0.999 3 * 3 9 27
0.5 0.000 0.000 0.000 1 * 1
1.0 0.000 0.000 0.000 1 * 1
1.5 0.546 0.246 0.047 1 * 3
2.0 0.713 0.319 0.058 1 * 3
2.5 0.641 0.486 0.174 2 * 3 8
3.0 0.823 0.630 0.243 2 * 3 9
3.5 0.531 0.437 0.264 3 * 2 7 12
4.0 0.739 0.729 0.492 4 * 3 9 11 19
4.5 0.684 0.729 0.779 4 * 4 6 11 26
5.0 0.884 0.884 0.850 3 * 3 9 27
5.5 0.864 0.864 0.871 3 * 3 8 27
6.0 0.744 0.799 0.888 4 * 4 6 10 27
6.5 0.859 0.912 0.899 4 * 3 7 10 27
7.0 0.845 0.891 0.906 4 * 3 7 12 27
7.5 0.944 0.944 0.915 3 * 3 9 27
8.0 0.884 0.937 0.924 4 * 3 7 10 27
8.5 0.905 0.939 0.929 4 * 3 9 12 27
9.0 0.999 0.999 0.999 3 * 3 9 27
9.5 0.999 0.999 0.999 3 * 3 9 27
10.0 0.870 0.955 0.940 4 * 3 6 10 27
0.5 0.000 0.000 0.000 1 * 1
1.0 0.000 0.000 0.000 1 * 1
1.5 0.563 0.253 0.047 1 * 3
2.0 0.450 0.232 0.060 1 * 4
2.5 0.611 0.457 0.150 2 * 3 7
3.0 0.738 0.569 0.230 2 * 3 10
3.5 0.624 0.528 0.294 3 * 4 9 13
4.0 0.632 0.615 0.506 4 * 4 9 13 19
4.5 0.659 0.674 0.769 5 * 2 6 11 13 26
5.0 0.891 0.891 0.850 3 * 3 9 27
5.5 0.734 0.789 0.875 4 * 4 6 10 27
6.0 0.907 0.907 0.887 3 * 3 10 27
6.5 0.923 0.923 0.897 3 * 3 9 27
7.0 0.798 0.867 0.908 4 * 3 6 10 27
7.5 0.928 0.928 0.915 3 * 3 10 27
8.0 0.828 0.828 0.923 3 * 4 9 27
8.5 0.999 0.999 0.998 3 * 3 9 27
9.0 0.918 0.918 0.929 3 * 3 8 27
9.5 1.000 1.000 0.999 3 * 3 9 27
10.0 1.000 1.000 1.000 3 * 3 9 27
0.5 0.000 0.000 0.000 1 * 1
1.0 0.150 0.068 0.014 1 * 2
1.5 0.551 0.248 0.047 1 * 3
2.0 0.729 0.327 0.061 1 * 3
2.5 0.643 0.484 0.166 2 * 3 8
3.0 0.823 0.632 0.249 2 * 3 9
3.5 0.747 0.579 0.242 2 * 3 10
4.0 0.663 0.693 0.501 5 * 3 5 11 13 19
4.5 0.696 0.696 0.768 3 * 2 9 26
5.0 0.881 0.881 0.840 3 * 3 9 27
5.5 0.904 0.904 0.872 3 * 3 9 27
6.0 0.916 0.916 0.888 3 * 3 9 27
6.5 0.928 0.928 0.903 3 * 3 9 27
7.0 0.780 0.780 0.911 3 * 2 9 27
7.5 0.804 0.874 0.917 4 * 3 6 10 27
8.0 0.870 0.939 0.924 5 * 3 7 9 12 27
8.5 0.999 0.999 0.998 3 * 3 9 27
9.0 0.999 0.999 0.999 3 * 3 9 27
9.5 1.000 1.000 0.999 3 * 3 9 27
10.0 1.000 1.000 0.999 3 * 3 9 27
0.5 0.000 0.000 0.000 1 * 1
1.0 0.000 0.000 0.000 1 * 1
1.5 0.545 0.246 0.047 1 * 3
2.0 0.723 0.321 0.058 1 * 3
2.5 0.638 0.481 0.166 2 * 3 8
3.0 0.752 0.579 0.233 2 * 3 10
3.5 0.592 0.474 0.279 3 * 2 10 12
4.0 0.736 0.724 0.481 3 * 3 9 18
4.5 0.838 0.838 0.777 3 * 3 10 26
5.0 0.723 0.776 0.852 4 * 4 6 10 27
5.5 0.887 0.887 0.870 3 * 3 10 27
6.0 0.915 0.915 0.885 3 * 3 9 27
6.5 0.935 0.935 0.903 3 * 3 9 27
7.0 0.920 0.920 0.908 3 * 3 10 27
7.5 0.747 0.747 0.916 3 * 2 8 27
8.0 0.712 0.710 0.925 4 * 2 7 14 27
8.5 0.730 0.730 0.877 3 * 2 8 27
9.0 0.999 0.999 0.998 3 * 3 9 27
9.5 0.840 0.846 0.888 4 * 4 8 23 27
10.0 1.000 1.000 0.999 3 * 3 9 27
0.5 0.000 0.000 0.000 1 * 1
1.0 0.000 0.000 0.000 1 * 1
1.5 0.554 0.249 0.048 1 * 3
2.0 0.471 0.239 0.060 1 * 4
2.5 0.616 0.461 0.152 2 * 3 7
3.0 0.823 0.631 0.247 2 * 3 9
3.5 0.726 0.612 0.292 3 * 3 10 12
4.0 0.620 0.620 0.537 3 * 3 8 20
4.5 0.656 0.656 0.741 3 * 2 8 25
5.0 0.870 0.870 0.846 3 * 3 10 27
5.5 0.729 0.783 0.869 4 * 4 6 10 27
6.0 0.903 0.903 0.889 3 * 3 10 27
6.5 0.752 0.808 0.899 4 * 4 6 10 27
7.0 0.874 0.901 0.910 4 * 3 8 12 27
7.5 0.941 0.941 0.916 3 * 3 9 27
8.0 0.844 0.885 0.927 4 * 3 7 13 27
8.5 0.836 0.873 0.927 4 * 3 7 14 27
9.0 0.890 0.913 0.880 4 * 3 10 23 27
9.5 1.000 1.000 0.999 3 * 3 9 27
10.0 1.000 1.000 0.999 3 * 3 9 27
0.5 0.000 0.000 0.000 1 * 1
1.0 0.139 0.065 0.015 1 * 2
1.5 0.554 0.251 0.048 1 * 3
2.0 0.724 0.322 0.059 1 * 3
2.5 0.625 0.472 0.166 2 * 3 8
3.0 0.820 0.628 0.245 2 * 3 9
3.5 0.585 0.467 0.281 3 * 2 10 12
4.0 0.651 0.630 0.475 3 * 4 9 18
4.5 0.837 0.847 0.769 4 * 3 9 11 26
5.0 0.887 0.887 0.853 3 * 3 9 27
5.5 0.899 0.899 0.878 3 * 3 10 27
6.0 0.906 0.906 0.892 3 * 3 10 27
6.5 0.915 0.915 0.898 3 * 3 10 27
7.0 0.937 0.937 0.911 3 * 3 9 27
7.5 0.928 0.928 0.916 3 * 3 10 27
8.0 0.774 0.774 0.922 3 * 2 10 27
8.5 0.999 0.999 0.998 3 * 3 9 27
9.0 0.901 0.918 0.932 4 * 3 8 11 27
9.5 0.999 0.999 0.999 3 * 3 9 27
10.0 1.000 1.000 0.999 3 * 3 9 27
0.5 0.000 0.000 0.000 1 * 1
1.0 0.000 0.000 0.000 1 * 1
1.5 0.531 0.240 0.047 1 * 3
2.0 0.721 0.322 0.059 1 * 3
2.5 0.641 0.484 0.169 2 * 3 8
3.0 0.815 0.624 0.242 2 * 3 9
3.5 0.651 0.568 0.283 3 * 3 5 12
4.0 0.539 0.552 0.564 5 * 2 5 7 16 21
4.5 0.811 0.844 0.769 5 * 3 9 11 13 26
5.0 0.879 0.879 0.845 3 * 3 9 27
5.5 0.820 0.881 0.878 5 * 3 7 11 13 27
6.0 0.916 0.916 0.888 3 * 3 9 27
6.5 0.924 0.924 0.898 3 * 3 9 27
7.0 0.919 0.919 0.909 3 * 3 10 27
7.5 0.946 0.946 0.920 3 * 3 9 27
8.0 0.934 0.934 0.922 3 * 3 10 27
8.5 0.780 0.780 0.929 3 * 2 9 27
9.0 0.999 0.999 0.999 3 * 3 9 27
9.5 0.999 0.999 0.999 3 * 3 9 27
10.0 1.000 1.000 0.999 3 * 3 9 27
0.5 0.000 0.000 0.000 1 * 1
1.0 0.000 0.000 0.000 1 * 1
1.5 0.540 0.244 0.046 1 * 3
2.0 0.440 0.231 0.065 1 * 4
2.5 0.410 0.219 0.135 1 * 7
3.0 0.813 0.623 0.243 2 * 3 9
3.5 0.658 0.576 0.282 3 * 3 5 12
4.0 0.641 0.626 0.474 3 * 4 9 18
4.5 0.727 0.700 0.770 4 * 2 9 11 26
5.0 0.755 0.821 0.852 4 * 3 6 10 27
5.5 0.770 0.837 0.873 4 * 3 6 10 27
6.0 0.921 0.921 0.890 3 * 3 9 27
6.5 0.923 0.923 0.898 3 * 3 9 27
7.0 0.900 0.900 0.912 3 * 3 8 27
7.5 0.997 0.997 0.995 3 * 3 9 27
8.0 0.948 0.948 0.919 3 * 3 9 27
8.5 0.941 0.941 0.926 3 * 3 10 27
9.0 0.999 0.999 0.999 3 * 3 9 27
9.5 0.999 0.999 0.999 3 * 3 9 27
10.0 1.000 1.000 0.999 3 * 3 9 27
0.5 0.000 0.000 0.000 1 * 1
1.0 0.000 0.000 0.000 1 * 1
1.5 0.560 0.250 0.047 1 * 3
2.0 0.474 0.246 0.066 1 * 4
2.5 0.370 0.287 0.121 2 * 2 6
3.0 0.818 0.628 0.247 2 * 3 9
3.5 0.556 0.455 0.254 2 * 2 11
4.0 0.672 0.640 0.506 4 * 4 9 11 19
4.5 0.705 0.685 0.731 4 * 2 9 12 25
5.0 0.859 0.883 0.846 4 * 3 9 12 27
5.5 0.865 0.907 0.874 5 * 3 9 11 13 27
6.0 0.785 0.853 0.888 4 * 3 6 10 27
6.5 0.863 0.915 0.899 4 * 3 7 10 27
7.0 0.934 0.934 0.908 3 * 3 9 27
7.5 0.943 0.943 0.918 3 * 3 9 27
8.0 0.998 0.998 0.996 3 * 3 9 27
8.5 0.873 0.924 0.928 4 * 3 7 10 27
9.0 0.770 0.770 0.933 3 * 2 10 27
9.5 0.999 0.999 0.998 3 * 3 9 27
10.0 0.999 0.999 0.999 3 * 3 9 27
0.5 0.000 0.000 0.000 1 * 1
1.0 0.000 0.000 0.000 1 * 1
1.5 0.538 0.240 0.045 1 * 3
2.0 0.468 0.236 0.060 1 * 4
2.5 0.582 0.439 0.154 2 * 3 7
3.0 0.821 0.629 0.245 2 * 3 9
3.5 0.545 0.447 0.268 3 * 2 7 11
4.0 0.578 0.560 0.508 4 * 2 8 15 19
4.5 0.843 0.854 0.778 4 * 3 9 11 26
5.0 0.718 0.770 0.846 4 * 4 6 10 27
5.5 0.825 0.861 0.804 5 * 3 9 11 13 27
6.0 0.922 0.922 0.889 3 * 3 9 27
6.5 0.926 0.926 0.900 3 * 3 9 27
7.0 0.904 0.904 0.910 3 * 3 9 27
7.5 0.950 0.950 0.919 3 * 3 9 27
8.0 0.856 0.904 0.922 4 * 3 7 11 27
8.5 0.999 0.999 0.998 3 * 3 9 27
9.0 0.819 0.890 0.930 4 * 4 6 10 27
9.5 0.785 0.785 0.937 3 * 2 9 27
10.0 1.000 1.000 1.000 3 * 3 9 27
0.5 0.000 0.000 0.000 1 * 1
1.0 0.135 0.063 0.014 1 * 2
1.5 0.538 0.241 0.045 1 * 3
2.0 0.448 0.219 0.051 1 * 4
2.5 0.624 0.471 0.167 2 * 3 8
3.0 0.829 0.636 0.251 2 * 3 9
3.5 0.545 0.445 0.258 3 * 2 7 11
4.0 0.739 0.739 0.531 3 * 3 9 20
4.5 0.820 0.851 0.779 5 * 3 9 11 13 26
5.0 0.755 0.820 0.848 4 * 3 6 10 27
5.5 0.907 0.907 0.873 3 * 3 9 27
6.0 0.780 0.848 0.886 4 * 3 6 10 27
6.5 0.771 0.771 0.898 3 * 2 9 27
7.0 0.904 0.931 0.908 4 * 3 9 12 27
7.5 0.943 0.943 0.915 3 * 3 9 27
8.0 0.864 0.934 0.920 5 * 3 7 9 12 27
8.5 0.939 0.939 0.925 3 * 3 10 27
9.0 0.841 0.879 0.934 4 * 3 7 14 27
9.5 0.999 0.999 0.999 3 * 3 9 27
10.0 1.000 1.000 0.999 3 * 3 9 27
0.5 0.000 0.000 0.000 1 * 1
1.0 0.000 0.000 0.000 1 * 1
1.5 0.541 0.244 0.047 1 * 3
2.0 0.705 0.314 0.058 1 * 3
2.5 0.637 0.480 0.166 2 * 3 8
3.0 0.821 0.630 0.247 2 * 3 9
3.5 0.554 0.438 0.283 3 * 2 8 12
4.0 0.826 0.826 0.604 3 * 3 9 20
4.5 0.664 0.640 0.724 4 * 2 8 12 26
5.0 0.881 0.881 0.848 3 * 3 9 27
5.5 0.903 0.903 0.873 3 * 3 9 27
6.0 0.889 0.889 0.893 3 * 3 8 27
6.5 0.771 0.754 0.897 4 * 2 9 11 27
7.0 0.790 0.778 0.910 4 * 2 9 12 27
7.5 0.857 0.926 0.914 5 * 3 7 9 12 27
8.0 0.954 0.954 0.926 3 * 3 9 27
8.5 0.998 0.998 0.998 3 * 3 9 27
9.0 0.893 0.947 0.935 4 * 3 7 10 27
9.5 1.000 1.000 0.999 3 * 3 9 27
10.0 1.000 1.000 0.999 3 * 3 9 27
0.5 0.000 0.000 0.000 1 * 1
1.0 0.071 0.035 0.009 1 * 2
1.5 0.553 0.249 0.046 1 * 3
2.0 0.710 0.317 0.059 1 * 3
2.5 0.601 0.452 0.153 2 * 3 7
3.0 0.817 0.626 0.244 2 * 3 9
3.5 0.594 0.496 0.302 3 * 3 8 13
4.0 0.746 0.746 0.513 3 * 3 9 19
4.5 0.767 0.565 0.738 3 * 8 11 25
5.0 0.823 0.871 0.847 4 * 3 7 10 27
5.5 0.840 0.890 0.872 4 * 3 7 10 27
6.0 0.792 0.860 0.892 4 * 4 6 10 27
6.5 0.772 0.772 0.898 3 * 2 9 27
7.0 0.918 0.918 0.907 3 * 3 10 27
7.5 0.874 0.926 0.913 4 * 3 7 10 27
8.0 0.912 0.912 0.925 3 * 3 8 27
8.5 0.783 0.783 0.931 3 * 2 9 27
9.0 0.999 0.999 0.998 3 * 3 9 27
9.5 0.999 0.999 0.999 3 * 3 9 27
10.0 1.000 1.000 1.000 3 * 3 9 27
0.5 0.000 0.000 0.000 1 * 1
1.0 0.045 0.024 0.008 1 * 2
1.5 0.534 0.241 0.047 1 * 3
2.0 0.707 0.315 0.058 1 * 3
2.5 0.603 0.450 0.145 2 * 3 7
3.0 0.823 0.631 0.245 2 * 3 9
3.5 0.685 0.557 0.300 2 * 3 13
4.0 0.724 0.714 0.466 3 * 3 9 18
4.5 0.818 0.831 0.744 4 * 3 10 12 25
5.0 0.831 0.831 0.842 3 * 3 9 27
5.5 0.908 0.908 0.872 3 * 3 9 27
6.0 0.917 0.917 0.888 3 * 3 9 27
6.5 0.733 0.733 0.901 3 * 2 8 27
7.0 0.934 0.934 0.909 3 * 3 9 27
7.5 0.929 0.929 0.918 3 * 3 10 27
8.0 0.787 0.850 0.871 4 * 4 6 10 27
8.5 0.951 0.951 0.928 3 * 3 9 27
9.0 0.999 0.999 0.999 3 * 3 9 27
9.5 1.000 1.000 0.999 3 * 3 9 27
10.0 1.000 1.000 0.999 3 * 3 9 27
0.5 0.000 0.000 0.000 1 * 1
1.0 0.000 0.000 0.000 1 * 1
1.5 0.551 0.247 0.048 1 * 3
2.0 0.719 0.320 0.059 1 * 3
2.5 0.563 0.421 0.135 2 * 3 7
3.0 0.818 0.626 0.241 2 * 3 9
3.5 0.714 0.596 0.278 3 * 3 10 12
4.0 0.787 0.787 0.588 3 * 3 10 21
4.5 0.699 0.677 0.775 4 * 2 8 11 26
5.0 0.719 0.771 0.847 4 * 4 6 10 27
5.5 0.893 0.893 0.875 3 * 3 10 27
6.0 0.913 0.913 0.884 3 * 3 9 27
6.5 0.924 0.924 0.899 3 * 3 9 27
7.0 0.936 0.936 0.911 3 * 3 9 27
7.5 0.879 0.932 0.917 4 * 3 7 10 27
8.0 0.844 0.884 0.926 4 * 3 7 13 27
8.5 0.999 0.999 0.998 3 * 3 9 27
9.0 0.999 0.999 0.998 3 * 3 9 27
9.5 0.772 0.772 0.935 3 * 2 10 27
10.0 1.000 1.000 0.999 3 * 3 9 27
0.5 0.000 0.000 0.000 1 * 1
1.0 0.000 0.000 0.000 1 * 1
1.5 0.522 0.233 0.043 1 * 3
2.0 0.453 0.239 0.065 1 * 4
2.5 0.401 0.315 0.143 2 * 2 7
3.0 0.735 0.567 0.231 2 * 3 10
3.5 0.647 0.560 0.303 3 * 3 7 13
4.0 0.673 0.661 0.467 4 * 3 9 13 18
4.5 0.818 0.818 0.775 3 * 3 8 26
5.0 0.737 0.737 0.850 3 * 2 9 27
5.5 0.845 0.895 0.871 4 * 3 7 10 27
6.0 0.915 0.915 0.884 3 * 3 9 27
6.5 0.922 0.922 0.893 3 * 3 9 27
7.0 0.898 0.898 0.912 3 * 3 8 27
7.5 0.940 0.940 0.916 3 * 3 9 27
8.0 0.935 0.935 0.925 3 * 3 9 27
8.5 0.882 0.937 0.926 4 * 3 7 10 27
9.0 0.999 0.999 0.999 3 * 3 9 27
9.5 0.999 0.999 0.999 3 * 3 9 27
10.0 1.000 1.000 0.999 3 * 3 9 27
0.5 0.000 0.000 0.000 1 * 1
1.0 0.136 0.063 0.014 1 * 2
1.5 0.540 0.243 0.046 1 * 3
2.0 0.458 0.242 0.067 1 * 4
2.5 0.612 0.459 0.154 2 * 3 7
3.0 0.819 0.627 0.243 2 * 3 9
3.5 0.663 0.578 0.286 3 * 3 5 12
4.0 0.744 0.729 0.477 3 * 3 9 18
4.5 0.860 0.860 0.814 3 * 3 9 27
5.0 0.887 0.887 0.843 3 * 3 9 27
5.5 0.767 0.833 0.868 4 * 3 6 10 27
6.0 0.847 0.898 0.886 4 * 3 7 10 27
6.5 0.791 0.860 0.900 4 * 3 6 10 27
7.0 0.799 0.868 0.908 4 * 3 6 10 27
7.5 0.943 0.943 0.916 3 * 3 9 27
8.0 0.825 0.895 0.923 5 * 3 7 12 14 27
8.5 0.818 0.888 0.927 4 * 4 6 10 27
9.0 0.779 0.779 0.931 3 * 2 9 27
9.5 0.999 0.999 0.999 3 * 3 9 27
10.0 1.000 1.000 1.000 3 * 3 9 27
0.5 0.000 0.000 0.000 1 * 1
1.0 0.000 0.000 0.000 1 * 1
1.5 0.549 0.247 0.047 1 * 3
2.0 0.391 0.243 0.066 2 * 2 4
2.5 0.601 0.450 0.148 2 * 3 7
3.0 0.822 0.630 0.245 2 * 3 9
3.5 0.534 0.437 0.262 3 * 2 7 11
4.0 0.738 0.728 0.484 3 * 3 9 18
4.5 0.659 0.693 0.748 4 * 4 6 13 25
5.0 0.721 0.774 0.847 4 * 4 6 10 27
5.5 0.886 0.886 0.872 3 * 3 10 27
6.0 0.779 0.846 0.883 4 * 3 6 10 27
6.5 0.926 0.926 0.902 3 * 3 9 27
7.0 0.764 0.764 0.913 3 * 2 9 27
7.5 0.876 0.929 0.914 4 * 3 7 10 27
8.0 0.948 0.948 0.923 3 * 3 9 27
8.5 0.883 0.937 0.925 4 * 3 7 10 27
9.0 0.999 0.999 0.998 3 * 3 9 27
9.5 0.999 0.999 0.999 3 * 3 9 27
10.0 0.949 0.949 0.935 3 * 3 10 27
0.5 0.000 0.000 0.000 1 * 1
1.0 0.101 0.047 0.010 1 * 2
1.5 0.536 0.240 0.046 1 * 3
2.0 0.713 0.318 0.058 1 * 3
2.5 0.613 0.460 0.152 2 * 3 7
3.0 0.741 0.573 0.237 2 * 3 10
3.5 0.704 0.610 0.310 3 * 3 9 13
4.0 0.650 0.641 0.514 4 * 4 9 13 19
4.5 0.649 0.649 0.732 3 * 2 8 25
5.0 0.869 0.869 0.846 3 * 3 10 27
5.5 0.909 0.909 0.877 3 * 3 9 27
6.0 0.922 0.922 0.892 3 * 3 9 27
6.5 0.921 0.921 0.896 3 * 3 9 27
7.0 0.940 0.940 0.914 3 * 3 9 27
7.5 0.933 0.933 0.919 3 * 3 10 27
8.0 0.938 0.938 0.924 3 * 3 10 27
8.5 0.833 0.833 0.928 3 * 4 9 27
9.0 0.999 0.999 0.998 3 * 3 9 27
9.5 0.999 0.999 0.999 3 * 3 9 27
10.0 1.000 1.000 0.999 3 * 3 9 27
0.5 0.000 0.000 0.000 1 * 1
1.0 0.000 0.000 0.000 1 * 1
1.5 0.563 0.253 0.047 1 * 3
2.0 0.721 0.322 0.059 1 * 3
2.5 0.634 0.478 0.165 2 * 3 8
3.0 0.820 0.628 0.245 2 * 3 9
3.5 0.570 0.520 0.317 3 * 4 6 14
4.0 0.621 0.608 0.505 4 * 3 8 14 19
4.5 0.829 0.829 0.770 3 * 3 9 26
5.0 0.826 0.875 0.850 4 * 3 7 10 27
5.5 0.894 0.894 0.870 3 * 3 10 27
6.0 0.928 0.928 0.895 3 * 3 9 27
6.5 0.863 0.915 0.901 4 * 3 7 10 27
7.0 0.936 0.936 0.908 3 * 3 9 27
7.5 0.927 0.927 0.914 3 * 3 10 27
8.0 0.937 0.937 0.926 3 * 3 9 27
8.5 0.780 0.780 0.925 3 * 2 10 27
9.0 0.947 0.947 0.931 3 * 3 10 27
9.5 0.999 0.999 0.999 3 * 3 9 27
10.0 1.000 1.000 0.999 3 * 3 9 27
0.5 0.000 0.000 0.000 1 * 1
1.0 0.000 0.000 0.000 1 * 1
1.5 0.335 0.171 0.044 1 * 4
2.0 0.447 0.244 0.071 1 * 4
2.5 0.602 0.452 0.150 2 * 3 7
3.0 0.817 0.626 0.242 2 * 3 9
3.5 0.639 0.563 0.291 3 * 3 5 12
4.0 0.677 0.672 0.491 3 * 3 9 19
4.5 0.720 0.695 0.769 4 * 2 9 11 26
5.0 0.699 0.699 0.850 3 * 2 8 27
5.5 0.904 0.904 0.869 3 * 3 9 27
6.0 0.741 0.796 0.886 4 * 4 6 10 27
6.5 0.922 0.922 0.897 3 * 3 9 27
7.0 0.918 0.918 0.907 3 * 3 9 27
7.5 0.942 0.942 0.916 3 * 3 9 27
8.0 0.763 0.751 0.925 4 * 2 8 12 27
8.5 0.884 0.938 0.927 4 * 3 7 10 27
9.0 0.784 0.784 0.933 3 * 2 9 27
9.5 1.000 1.000 0.999 3 * 3 9 27
10.0 1.000 1.000 0.999 3 * 3 9 27
0.5 0.000 0.000 0.000 1 * 1
1.0 0.000 0.000 0.000 1 * 1
1.5 0.541 0.245 0.047 1 * 3
2.0 0.710 0.317 0.058 1 * 3
2.5 0.587 0.441 0.148 2 * 3 7
3.0 0.828 0.633 0.245 2 * 3 9
3.5 0.647 0.568 0.286 3 * 3 5 12
4.0 0.770 0.814 0.572 5 * 3 9 11 17 19
4.5 0.821 0.851 0.778 4 * 3 9 13 26
5.0 0.880 0.880 0.855 3 * 3 10 27
5.5 0.890 0.890 0.871 3 * 3 10 27
6.0 0.870 0.914 0.887 4 * 3 9 14 27
6.5 0.889 0.930 0.901 5 * 3 9 11 13 27
7.0 0.760 0.760 0.908 3 * 2 9 27
7.5 0.943 0.943 0.917 3 * 3 9 27
8.0 0.789 0.789 0.922 3 * 2 9 27
8.5 0.999 0.999 0.997 3 * 3 9 27
9.0 0.944 0.944 0.931 3 * 3 10 27
9.5 1.000 1.000 0.999 3 * 3 9 27
10.0 1.000 1.000 0.999 3 * 3 9 27
0.5 0.000 0.000 0.000 1 * 1
1.0 0.000 0.000 0.000 1 * 1
1.5 0.534 0.239 0.045 1 * 3
2.0 0.433 0.231 0.064 1 * 4
2.5 0.634 0.479 0.170 2 * 3 8
3.0 0.817 0.625 0.241 2 * 3 9
3.5 0.714 0.579 0.309 2 * 3 13
4.0 0.559 0.526 0.438 3 * 2 8 17
4.5 0.774 0.774 0.771 3 * 3 7 26
5.0 0.875 0.875 0.849 3 * 3 10 27
5.5 0.868 0.868 0.869 3 * 3 8 27
6.0 0.786 0.853 0.888 4 * 3 6 10 27
6.5 0.925 0.925 0.901 3 * 3 9 27
7.0 0.930 0.930 0.905 3 * 3 9 27
7.5 0.860 0.910 0.912 4 * 3 7 10 27
8.0 0.949 0.949 0.922 3 * 3 9 27
8.5 0.917 0.917 0.929 3 * 3 8 27
9.0 0.999 0.999 0.998 3 * 3 9 27
9.5 0.999 0.999 0.999 3 * 3 9 27
10.0 0.999 0.999 0.999 3 * 3 9 27
0.5 0.000 0.000 0.000 1 * 1
1.0 0.000 0.000 0.000 1 * 1
1.5 0.540 0.244 0.047 1 * 3
2.0 0.725 0.323 0.059 1 * 3
2.5 0.650 0.491 0.173 2 * 3 8
3.0 0.822 0.630 0.245 2 * 3 9
3.5 0.544 0.447 0.267 3 * 2 7 11
4.0 0.605 0.568 0.540 4 * 2 8 11 20
4.5 0.863 0.863 0.804 3 * 3 9 27
5.0 0.717 0.770 0.845 4 * 4 6 10 27
5.5 0.862 0.862 0.871 3 * 3 8 27
6.0 0.921 0.921 0.891 3 * 3 9 27
6.5 0.858 0.911 0.899 4 * 3 7 10 27
7.0 0.848 0.894 0.909 4 * 3 7 11 27
7.5 0.877 0.930 0.917 4 * 3 7 10 27
8.0 0.937 0.937 0.922 3 * 3 10 27
8.5 0.999 0.999 0.998 3 * 3 9 27
9.0 0.960 0.960 0.930 3 * 3 9 27
9.5 1.000 1.000 0.999 3 * 3 9 27
10.0 1.000 1.000 0.999 3 * 3 9 27
0.5 0.000 0.000 0.000 1 * 1
1.0 0.178 0.080 0.016 1 * 2
1.5 0.530 0.239 0.046 1 * 3
2.0 0.452 0.241 0.070 1 * 4
2.5 0.596 0.446 0.147 2 * 3 7
3.0 0.828 0.634 0.246 2 * 3 9
3.5 0.656 0.575 0.282 3 * 3 5 12
4.0 0.707 0.671 0.471 4 * 3 9 11 18
4.5 0.815 0.849 0.781 5 * 3 9 11 13 26
5.0 0.692 0.681 0.773 5 * 2 10 12 14 27
5.5 0.905 0.905 0.871 3 * 3 9 27
6.0 0.782 0.850 0.888 4 * 3 6 10 27
6.5 0.920 0.920 0.903 3 * 3 10 27
7.0 0.923 0.923 0.908 3 * 3 10 27
7.5 0.783 0.783 0.916 3 * 2 9 27
8.0 0.827 0.899 0.924 5 * 3 7 12 14 27
8.5 0.942 0.942 0.929 3 * 3 9 27
9.0 0.943 0.943 0.929 3 * 3 10 27
9.5 0.999 0.999 0.999 3 * 3 9 27
10.0 1.000 1.000 0.999 3 * 3 9 27
0.5 0.000 0.000 0.000 1 * 1
1.0 0.000 0.000 0.000 1 * 1
1.5 0.516 0.233 0.045 1 * 3
2.0 0.712 0.319 0.060 1 * 3
2.5 0.600 0.448 0.144 2 * 3 7
3.0 0.671 0.511 0.193 2 * 3 9
3.5 0.645 0.564 0.285 3 * 3 5 12
4.0 0.593 0.580 0.477 3 * 2 9 18
4.5 0.721 0.778 0.779 4 * 3 6 11 26
5.0 0.753 0.744 0.777 4 * 4 9 11 27
5.5 0.772 0.839 0.874 4 * 3 6 10 27
6.0 0.784 0.853 0.890 4 * 3 6 10 27
6.5 0.867 0.893 0.905 4 * 3 8 12 27
7.0 0.779 0.779 0.909 3 * 2 9 27
7.5 0.805 0.874 0.915 4 * 3 6 10 27
8.0 0.800 0.867 0.923 4 * 3 6 10 27
8.5 0.999 0.999 0.997 3 * 3 9 27
9.0 0.999 0.999 0.999 3 * 3 9 27
9.5 0.999 0.999 0.999 3 * 3 9 27
10.0 1.000 1.000 0.999 3 * 3 9 27
0.5 0.000 0.000 0.000 1 * 1
1.0 0.000 0.000 0.000 1 * 1
1.5 0.556 0.249 0.048 1 * 3
2.0 0.720 0.321 0.058 1 * 3
2.5 0.625 0.469 0.156 2 * 3 7
3.0 0.822 0.629 0.244 2 * 3 9
3.5 0.539 0.441 0.264 3 * 2 7 11
4.0 0.524 0.524 0.532 3 * 2 7 20
4.5 0.692 0.739 0.776 4 * 4 6 10 26
5.0 0.873 0.873 0.850 3 * 3 10 27
5.5 0.897 0.897 0.868 3 * 3 9 27
6.0 0.743 0.799 0.889 4 * 4 6 10 27
6.5 0.932 0.932 0.902 3 * 3 9 27
7.0 0.868 0.921 0.910 4 * 3 7 10 27
7.5 0.774 0.774 0.919 3 * 2 10 27
8.0 0.937 0.937 0.921 3 * 3 10 27
8.5 0.725 0.726 0.928 4 * 2 7 13 27
9.0 0.999 0.999 0.999 3 * 3 9 27
9.5 0.999 0.999 0.999 3 * 3 9 27
10.0 1.000 1.000 0.999 3 * 3 9 27
0.5 0.000 0.000 0.000 1 * 1
1.0 0.000 0.000 0.000 1 * 1
1.5 0.524 0.235 0.046 1 * 3
2.0 0.463 0.246 0.069 1 * 4
2.5 0.572 0.424 0.128 2 * 3 6
3.0 0.815 0.624 0.240 2 * 3 9
3.5 0.649 0.568 0.284 3 * 3 5 12
4.0 0.639 0.597 0.509 4 * 2 9 11 19
4.5 0.841 0.841 0.775 3 * 3 9 26
5.0 0.883 0.883 0.846 3 * 3 9 27
5.5 0.846 0.896 0.874 4 * 3 7 10 27
6.0 0.915 0.915 0.888 3 * 3 9 27
6.5 0.929 0.929 0.901 3 * 3 9 27
7.0 0.923 0.923 0.910 3 * 3 10 27
7.5 0.931 0.931 0.918 3 * 3 9 27
8.0 0.775 0.775 0.922 3 * 2 9 27
8.5 0.999 0.999 0.998 3 * 3 9 27
9.0 0.957 0.957 0.932 3 * 3 9 27
9.5 0.999 0.999 0.999 3 * 3 9 27
10.0 0.999 0.999 0.999 3 * 3 9 27
0.5 0.000 0.000 0.000 1 * 1
1.0 0.000 0.000 0.000 1 * 1
1.5 0.540 0.243 0.047 1 * 3
2.0 0.466 0.239 0.062 1 * 4
2.5 0.437 0.219 0.147 1 * 8
3.0 0.823 0.631 0.246 2 * 3 9
3.5 0.645 0.566 0.289 3 * 3 5 12
4.0 0.618 0.600 0.535 4 * 2 9 13 20
4.5 0.831 0.838 0.729 4 * 3 9 11 25
5.0 0.794 0.853 0.846 5 * 3 7 11 13 27
5.5 0.893 0.893 0.874 3 * 3 10 27
6.0 0.898 0.898 0.885 3 * 3 9 27
6.5 0.927 0.927 0.898 3 * 3 9 27
7.0 0.852 0.920 0.909 5 * 3 7 9 12 27
7.5 0.876 0.929 0.917 4 * 3 7 10 27
8.0 0.949 0.949 0.924 3 * 3 9 27
8.5 0.776 0.776 0.928 3 * 2 9 27
9.0 0.804 0.854 0.882 5 * 3 5 7 23 27
9.5 0.999 0.999 0.999 3 * 3 9 27
10.0 0.999 0.999 0.999 3 * 3 9 27
0.5 0.000 0.000 0.000 1 * 1
1.0 0.002 0.002 0.002 1 * 2
1.5 0.541 0.242 0.046 1 * 3
2.0 0.438 0.228 0.061 1 * 4
2.5 0.533 0.396 0.123 2 * 3 6
3.0 0.828 0.634 0.245 2 * 3 9
3.5 0.652 0.568 0.275 3 * 3 5 12
4.0 0.752 0.752 0.539 3 * 3 9 20
4.5 0.809 0.822 0.773 4 * 3 8 11 26
5.0 0.885 0.885 0.848 3 * 3 9 27
5.5 0.887 0.887 0.871 3 * 3 10 27
6.0 0.921 0.921 0.889 3 * 3 9 27
6.5 0.923 0.923 0.899 3 * 3 9 27
7.0 0.871 0.923 0.908 4 * 3 7 10 27
7.5 0.942 0.942 0.916 3 * 3 9 27
8.0 0.951 0.951 0.922 3 * 3 9 27
8.5 0.999 0.999 0.997 3 * 3 9 27
9.0 0.999 0.999 0.999 3 * 3 9 27
9.5 0.999 0.999 0.999 3 * 3 9 27
10.0 1.000 1.000 1.000 3 * 3 9 27
0.5 0.000 0.000 0.000 1 * 1
1.0 0.000 0.000 0.000 1 * 1
1.5 0.550 0.249 0.049 1 * 3
2.0 0.728 0.325 0.060 1 * 3
2.5 0.601 0.450 0.148 2 * 3 7
3.0 0.830 0.635 0.245 2 * 3 9
3.5 0.660 0.576 0.288 3 * 3 5 12
4.0 0.738 0.738 0.498 4 * 3 9 12 19
4.5 0.721 0.694 0.766 4 * 2 9 11 26
5.0 0.890 0.890 0.852 3 * 3 9 27
5.5 0.908 0.908 0.874 3 * 3 9 27
6.0 0.782 0.850 0.886 4 * 3 6 10 27
6.5 0.915 0.915 0.900 3 * 3 10 27
7.0 0.939 0.939 0.911 3 * 3 9 27
7.5 0.933 0.933 0.916 3 * 3 10 27
8.0 0.880 0.934 0.919 4 * 3 10 15 27
8.5 0.910 0.957 0.929 4 * 3 9 14 27
9.0 0.999 0.999 0.998 3 * 3 9 27
9.5 0.786 0.786 0.937 3 * 2 9 27
10.0 0.964 0.964 0.937 3 * 3 9 27
0.5 0.000 0.000 0.000 1 * 1
1.0 0.116 0.054 0.013 1 * 2
1.5 0.535 0.241 0.046 1 * 3
2.0 0.722 0.322 0.060 1 * 3
2.5 0.441 0.347 0.160 2 * 2 8
3.0 0.825 0.632 0.248 2 * 3 9
3.5 0.715 0.599 0.288 3 * 3 10 12
4.0 0.628 0.614 0.471 5 * 4 6 10 12 18
4.5 0.933 0.933 0.867 3 * 3 9 26
5.0 0.866 0.866 0.843 3 * 3 10 27
5.5 0.898 0.898 0.870 3 * 3 9 27
6.0 0.913 0.913 0.887 3 * 3 9 27
6.5 0.819 0.856 0.905 4 * 3 7 14 27
7.0 0.876 0.929 0.912 4 * 3 7 10 27
7.5 0.874 0.927 0.913 4 * 3 7 10 27
8.0 0.772 0.772 0.920 3 * 2 9 27
8.5 0.949 0.714 0.930 2 * 3 27
9.0 0.956 0.956 0.929 3 * 3 9 27
9.5 1.000 1.000 0.999 3 * 3 9 27
10.0 1.000 1.000 0.999 3 * 3 9 27
0.5 0.000 0.000 0.000 1 * 1
1.0 0.000 0.000 0.000 1 * 1
1.5 0.510 0.231 0.046 1 * 3
2.0 0.460 0.233 0.061 1 * 4
2.5 0.562 0.421 0.140 2 * 3 7
3.0 0.812 0.623 0.246 2 * 3 9
3.5 0.647 0.564 0.278 3 * 3 5 12
4.0 0.587 0.566 0.536 5 * 2 8 10 17 20
4.5 0.698 0.675 0.779 4 * 2 8 11 26
5.0 0.882 0.882 0.846 3 * 3 9 27
5.5 0.899 0.899 0.873 3 * 3 9 27
6.0 0.903 0.903 0.887 3 * 3 10 27
6.5 0.926 0.926 0.901 3 * 3 9 27
7.0 0.938 0.938 0.912 3 * 3 9 27
7.5 0.931 0.931 0.917 3 * 3 10 27
8.0 0.734 0.738 0.925 4 * 2 7 12 27
8.5 0.942 0.942 0.929 3 * 3 10 27
9.0 1.000 1.000 0.999 3 * 3 9 27
9.5 0.999 0.999 0.999 3 * 3 9 27
10.0 1.000 1.000 0.999 3 * 3 9 27
0.5 0.000 0.000 0.000 1 * 1
1.0 0.000 0.000 0.000 1 * 1
1.5 0.561 0.252 0.048 1 * 3
2.0 0.718 0.320 0.059 1 * 3
2.5 0.639 0.484 0.173 2 * 3 8
3.0 0.811 0.622 0.243 2 * 3 9
3.5 0.720 0.602 0.281 3 * 3 10 12
4.0 0.764 0.764 0.569 3 * 3 9 21
4.5 0.709 0.702 0.774 4 * 2 9 13 26
5.0 0.696 0.696 0.848 3 * 2 8 27
5.5 0.909 0.909 0.877 3 * 3 9 27
6.0 0.912 0.912 0.885 3 * 3 9 27
6.5 0.923 0.923 0.899 3 * 3 9 27
7.0 0.925 0.925 0.911 3 * 3 10 27
7.5 0.929 0.929 0.917 3 * 3 10 27
8.0 0.870 0.921 0.923 4 * 3 7 10 27
8.5 0.954 0.954 0.926 3 * 3 9 27
9.0 0.999 0.999 0.998 3 * 3 9 27
9.5 0.842 0.880 0.932 4 * 3 7 14 27
10.0 0.999 0.999 0.999 3 * 3 9 27
0.5 0.000 0.000 0.000 1 * 1
1.0 0.000 0.000 0.000 1 * 1
1.5 0.537 0.239 0.044 1 * 3
2.0 0.719 0.321 0.059 1 * 3
2.5 0.637 0.481 0.170 2 * 3 8
3.0 0.816 0.627 0.249 2 * 3 9
3.5 0.662 0.578 0.282 3 * 3 5 12
4.0 0.649 0.454 0.505 3 * 8 12 19
4.5 0.858 0.858 0.778 3 * 3 9 26
5.0 0.824 0.873 0.852 4 * 3 7 10 27
5.5 0.731 0.785 0.868 4 * 4 6 10 27
6.0 0.915 0.915 0.889 3 * 3 9 27
6.5 0.918 0.918 0.894 3 * 3 9 27
7.0 0.934 0.934 0.907 3 * 3 9 27
7.5 0.874 0.927 0.915 4 * 3 7 10 27
8.0 0.934 0.934 0.921 3 * 3 10 27
8.5 0.959 0.959 0.930 3 * 3 9 27
9.0 0.919 0.919 0.931 3 * 3 8 27
9.5 0.893 0.947 0.937 4 * 3 7 10 27
10.0 1.000 1.000 0.999 3 * 3 9 27
0.5 0.000 0.000 0.000 1 * 1
1.0 0.000 0.000 0.000 1 * 1
1.5 0.556 0.251 0.048 1 * 3
2.0 0.725 0.323 0.059 1 * 3
2.5 0.608 0.456 0.151 2 * 3 7
3.0 0.821 0.630 0.248 2 * 3 9
3.5 0.541 0.441 0.258 3 * 2 7 11
4.0 0.568 0.543 0.498 4 * 2 12 14 19
4.5 0.764 0.820 0.769 4 * 3 5 11 26
5.0 0.733 0.733 0.842 3 * 2 9 27
5.5 0.704 0.710 0.873 4 * 2 7 11 27
6.0 0.917 0.917 0.888 3 * 3 9 27
6.5 0.928 0.928 0.897 3 * 3 9 27
7.0 0.928 0.928 0.911 3 * 3 10 27
7.5 0.933 0.933 0.918 3 * 3 10 27
8.0 0.951 0.951 0.924 3 * 3 9 27
8.5 0.999 0.999 0.998 3 * 3 9 27
9.0 0.929 0.956 0.932 4 * 3 9 12 27
9.5 1.000 1.000 0.999 3 * 3 9 27
10.0 1.000 1.000 0.999 3 * 3 9 27
0.5 0.000 0.000 0.000 1 * 1
1.0 0.000 0.000 0.000 1 * 1
1.5 0.547 0.246 0.048 1 * 3
2.0 0.388 0.241 0.066 2 * 2 4
2.5 0.637 0.482 0.171 2 * 3 8
3.0 0.826 0.633 0.246 2 * 3 9
3.5 0.702 0.572 0.313 2 * 3 13
4.0 0.580 0.583 0.439 4 * 4 6 10 18
4.5 0.674 0.661 0.739 6 * 2 8 11 13 18 25
5.0 0.758 0.822 0.847 4 * 3 6 10 27
5.5 0.903 0.903 0.871 3 * 3 9 27
6.0 0.923 0.923 0.890 3 * 3 9 27
6.5 0.908 0.908 0.896 3 * 3 10 27
7.0 0.874 0.927 0.913 4 * 3 7 10 27
7.5 0.876 0.929 0.917 4 * 3 7 10 27
8.0 0.882 0.935 0.922 4 * 3 7 10 27
8.5 0.999 0.999 0.998 3 * 3 9 27
9.0 0.788 0.788 0.938 3 * 2 9 27
9.5 1.000 1.000 0.999 3 * 3 9 27
10.0 0.999 0.999 0.999 3 * 3 9 27
0.5 0.000 0.000 0.000 1 * 1
1.0 0.000 0.000 0.000 1 * 1
1.5 0.538 0.241 0.046 1 * 3
2.0 0.464 0.243 0.066 1 * 4
2.5 0.610 0.456 0.148 2 * 3 7
3.0 0.815 0.625 0.245 2 * 3 9
3.5 0.534 0.437 0.264 3 * 2 7 11
4.0 0.523 0.499 0.456 3 * 2 7 18
4.5 0.665 0.665 0.780 3 * 2 8 26
5.0 0.885 0.885 0.850 3 * 3 9 27
5.5 0.901 0.901 0.871 3 * 3 9 27
6.0 0.731 0.731 0.893 3 * 2 8 27
6.5 0.857 0.909 0.899 4 * 3 7 10 27
7.0 0.869 0.922 0.908 4 * 3 7 10 27
7.5 0.899 0.941 0.917 5 * 3 9 11 13 27
8.0 0.933 0.933 0.921 3 * 3 10 27
8.5 0.999 0.999 0.998 3 * 3 9 27
9.0 0.999 0.999 0.998 3 * 3 9 27
9.5 0.999 0.999 0.999 3 * 3 9 27
10.0 1.000 1.000 0.999 3 * 3 9 27
0.5 0.000 0.000 0.000 1 * 1
1.0 0.000 0.000 0.000 1 * 1
1.5 0.531 0.238 0.046 1 * 3
2.0 0.300 0.186 0.066 1 * 5
2.5 0.588 0.437 0.134 2 * 3 6
3.0 0.749 0.576 0.229 2 * 3 10
3.5 0.707 0.589 0.278 3 * 3 10 12
4.0 0.625 0.624 0.507 5 * 4 6 10 12 19
4.5 0.814 0.814 0.737 3 * 3 10 25
5.0 0.733 0.733 0.848 3 * 2 9 27
5.5 0.863 0.903 0.868 5 * 3 9 11 13 27
6.0 0.902 0.902 0.890 3 * 3 10 27
6.5 0.929 0.929 0.900 3 * 3 9 27
7.0 0.934 0.934 0.909 3 * 3 9 27
7.5 0.997 0.997 0.995 3 * 3 9 27
8.0 0.811 0.881 0.922 4 * 3 6 10 27
8.5 0.775 0.775 0.925 3 * 2 9 27
9.0 0.999 0.999 0.998 3 * 3 9 27
9.5 0.999 0.999 0.999 3 * 3 9 27
10.0 1.000 1.000 0.999 3 * 3 9 27
0.5 0.000 0.000 0.000 1 * 1
1.0 0.000 0.000 0.000 1 * 1
1.5 0.554 0.250 0.048 1 * 3
2.0 0.715 0.320 0.060 1 * 3
2.5 0.687 0.523 0.194 2 * 3 9
3.0 0.819 0.628 0.245 2 * 3 9
3.5 0.681 0.585 0.281 3 * 3 5 12
4.0 0.717 0.717 0.503 3 * 3 9 19
4.5 0.725 0.700 0.775 4 * 2 9 11 26
5.0 0.887 0.887 0.850 3 * 3 9 27
5.5 0.896 0.896 0.869 3 * 3 9 27
6.0 0.917 0.917 0.888 3 * 3 9 27
6.5 0.919 0.919 0.902 3 * 3 10 27
7.0 0.900 0.900 0.909 3 * 3 8 27
7.5 0.812 0.881 0.919 4 * 4 6 10 27
8.0 0.950 0.950 0.920 3 * 3 9 27
8.5 0.938 0.938 0.926 3 * 3 10 27
9.0 0.999 0.999 0.999 3 * 3 9 27
9.5 1.000 1.000 0.999 3 * 3 9 27
10.0 0.999 0.999 0.999 3 * 3 9 27
0.5 0.000 0.000 0.000 1 * 1
1.0 0.000 0.000 0.000 1 * 1
1.5 0.547 0.246 0.047 1 * 3
2.0 0.719 0.321 0.059 1 * 3
2.5 0.652 0.493 0.174 2 * 3 8
3.0 0.817 0.627 0.246 2 * 3 9
3.5 0.548 0.448 0.265 3 * 2 7 11
4.0 0.764 0.764 0.540 3 * 3 9 20
4.5 0.854 0.854 0.807 3 * 3 9 27
5.0 0.878 0.878 0.840 3 * 3 9 27
5.5 0.903 0.903 0.868 3 * 3 9 27
6.0 0.891 0.917 0.889 4 * 3 9 12 27
6.5 0.915 0.915 0.902 3 * 3 10 27
7.0 0.934 0.934 0.909 3 * 3 9 27
7.5 0.943 0.943 0.913 3 * 3 9 27
8.0 0.950 0.950 0.924 3 * 3 9 27
8.5 0.998 0.998 0.997 3 * 3 9 27
9.0 0.999 0.999 0.998 3 * 3 9 27
9.5 0.999 0.999 0.999 3 * 3 9 27
10.0 0.999 0.999 0.999 3 * 3 9 27
0.5 0.000 0.000 0.000 1 * 1
1.0 0.000 0.000 0.000 1 * 1
1.5 0.563 0.252 0.047 1 * 3
2.0 0.725 0.324 0.060 1 * 3
2.5 0.618 0.467 0.167 2 * 3 8
3.0 0.816 0.625 0.243 2 * 3 9
3.5 0.591 0.470 0.281 3 * 2 10 12
4.0 0.663 0.660 0.472 4 * 3 10 14 18
4.5 0.793 0.792 0.765 4 * 3 9 11 26
5.0 0.838 0.877 0.844 5 * 3 9 11 13 27
5.5 0.912 0.912 0.874 3 * 3 9 27
6.0 0.785 0.851 0.887 4 * 3 6 10 27
6.5 0.760 0.760 0.902 3 * 2 9 27
7.0 0.767 0.767 0.911 3 * 2 10 27
7.5 0.837 0.877 0.917 4 * 3 7 13 27
8.0 0.949 0.949 0.921 3 * 3 9 27
8.5 0.852 0.911 0.928 5 * 3 8 12 14 27
9.0 0.860 0.905 0.934 4 * 3 7 12 27
9.5 0.999 0.999 0.999 3 * 3 9 27
10.0 1.000 1.000 1.000 3 * 3 9 27
0.5 0.000 0.000 0.000 1 * 1
1.0 0.000 0.000 0.000 1 * 1
1.5 0.543 0.243 0.046 1 * 3
2.0 0.719 0.321 0.059 1 * 3
2.5 0.598 0.447 0.144 2 * 3 7
3.0 0.819 0.627 0.242 2 * 3 9
3.5 0.534 0.439 0.265 3 * 2 7 12
4.0 0.649 0.649 0.498 3 * 3 7 19
4.5 0.843 0.843 0.775 3 * 3 9 26
5.0 0.869 0.869 0.844 3 * 3 10 27
5.5 0.904 0.904 0.872 3 * 3 9 27
6.0 0.907 0.907 0.893 3 * 3 10 27
6.5 0.927 0.927 0.901 3 * 3 9 27
7.0 0.934 0.934 0.910 3 * 3 9 27
7.5 0.924 0.924 0.911 3 * 3 10 27
8.0 0.998 0.998 0.996 3 * 3 9 27
8.5 0.955 0.955 0.927 3 * 3 9 27
9.0 0.999 0.999 0.998 3 * 3 9 27
9.5 0.999 0.999 0.999 3 * 3 9 27
10.0 1.000 1.000 0.999 3 * 3 9 27
0.5 0.000 0.000 0.000 1 * 1
1.0 0.000 0.000 0.000 1 * 1
1.5 0.540 0.242 0.045 1 * 3
2.0 0.458 0.234 0.062 1 * 4
2.5 0.609 0.456 0.151 2 * 3 7
3.0 0.813 0.623 0.245 2 * 3 9
3.5 0.720 0.600 0.283 3 * 3 10 12
4.0 0.605 0.451 0.498 2 * 8 19
4.5 0.690 0.738 0.775 4 * 4 6 10 26
5.0 0.735 0.735 0.850 3 * 2 9 27
5.5 0.770 0.837 0.871 4 * 3 6 10 27
6.0 0.864 0.876 0.816 4 * 3 9 11 27
6.5 0.930 0.930 0.901 3 * 3 9 27
7.0 0.925 0.925 0.909 3 * 3 10 27
7.5 0.878 0.931 0.917 4 * 3 7 10 27
8.0 0.776 0.776 0.924 3 * 2 9 27
8.5 0.902 0.935 0.875 4 * 3 9 13 27
9.0 0.821 0.892 0.933 4 * 4 6 10 27
9.5 0.999 0.999 0.999 3 * 3 9 27
10.0 1.000 1.000 0.999 3 * 3 9 27
0.5 0.000 0.000 0.000 1 * 1
1.0 0.000 0.000 0.000 1 * 1
1.5 0.531 0.238 0.045 1 * 3
2.0 0.713 0.319 0.059 1 * 3
2.5 0.589 0.445 0.157 2 * 3 8
3.0 0.822 0.629 0.245 2 * 3 9
3.5 0.520 0.439 0.316 3 * 2 7 13
4.0 0.601 0.601 0.534 3 * 2 9 20
4.5 0.783 0.827 0.742 5 * 3 7 10 12 25
5.0 0.888 0.888 0.842 3 * 3 9 27
5.5 0.895 0.895 0.868 3 * 3 9 27
6.0 0.911 0.911 0.887 3 * 3 9 27
6.5 0.852 0.901 0.903 4 * 3 7 10 27
7.0 0.869 0.922 0.909 4 * 3 7 10 27
7.5 0.940 0.940 0.916 3 * 3 9 27
8.0 0.935 0.935 0.924 3 * 3 10 27
8.5 0.999 0.999 0.997 3 * 3 9 27
9.0 0.999 0.999 0.999 3 * 3 9 27
9.5 0.999 0.999 0.999 3 * 3 9 27
10.0 1.000 1.000 1.000 3 * 3 9 27
0.5 0.000 0.000 0.000 1 * 1
1.0 0.003 0.002 0.002 1 * 2
1.5 0.562 0.251 0.048 1 * 3
2.0 0.463 0.239 0.063 1 * 4
2.5 0.612 0.458 0.150 2 * 3 7
3.0 0.822 0.629 0.243 2 * 3 9
3.5 0.529 0.433 0.257 3 * 2 7 11
4.0 0.731 0.733 0.498 5 * 3 9 11 13 19
4.5 0.855 0.855 0.807 3 * 3 9 27
5.0 0.883 0.883 0.846 3 * 3 9 27
5.5 0.766 0.833 0.870 4 * 3 6 10 27
6.0 0.922 0.922 0.890 3 * 3 9 27
6.5 0.867 0.919 0.903 4 * 3 7 10 27
7.0 0.921 0.921 0.907 3 * 3 10 27
7.5 0.775 0.775 0.872 3 * 2 9 27
8.0 0.933 0.933 0.922 3 * 3 10 27
8.5 0.956 0.956 0.929 3 * 3 9 27
9.0 0.999 0.999 0.998 3 * 3 9 27
9.5 0.999 0.999 0.999 3 * 3 9 27
10.0 1.000 1.000 0.999 3 * 3 9 27
0.5 0.003 0.003 0.002 1 * 2
1.0 0.000 0.000 0.000 1 * 1
1.5 0.526 0.235 0.043 1 * 3
2.0 0.723 0.323 0.060 1 * 3
2.5 0.613 0.459 0.150 2 * 3 7
3.0 0.815 0.624 0.242 2 * 3 9
3.5 0.651 0.572 0.295 3 * 3 5 12
4.0 0.573 0.566 0.468 3 * 2 9 18
4.5 0.726 0.699 0.770 4 * 2 9 11 26
5.0 0.844 0.881 0.848 5 * 3 9 11 13 27
5.5 0.901 0.901 0.872 3 * 3 9 27
6.0 0.789 0.857 0.891 4 * 3 6 10 27
6.5 0.929 0.929 0.901 3 * 3 9 27
7.0 0.764 0.764 0.906 3 * 2 10 27
7.5 0.785 0.849 0.916 4 * 3 6 11 27
8.0 0.939 0.939 0.921 3 * 3 10 27
8.5 0.998 0.998 0.997 3 * 3 9 27
9.0 0.779 0.779 0.930 3 * 2 9 27
9.5 1.000 1.000 0.999 3 * 3 9 27
10.0 0.999 0.999 0.999 3 * 3 9 27
