0.5 0.000 0.000 0.000 1 * 1
1.0 0.000 0.000 0.000 1 * 1
1.5 0.251 0.224 0.205 1 * 3
2.0 0.352 0.325 0.305 1 * 4
2.5 0.445 0.430 0.391 2 * 3 5
3.0 0.583 0.569 0.540 2 * 3 5
3.5 0.681 0.668 0.640 2 * 3 5
4.0 0.735 0.717 0.680 2 * 3 6
4.5 0.679 0.618 0.679 1 * 7
5.0 0.755 0.755 0.755 3 * 3 5 7
5.5 0.801 0.801 0.803 3 * 3 5 7
6.0 0.854 0.854 0.859 3 * 3 5 7
6.5 0.893 0.893 0.895 3 * 3 5 7
7.0 0.922 0.922 0.925 3 * 3 5 7
7.5 0.939 0.939 0.943 3 * 3 5 7
8.0 0.952 0.952 0.954 3 * 3 5 7
8.5 0.965 0.965 0.967 3 * 3 5 7
9.0 0.971 0.971 0.973 3 * 3 5 7
9.5 0.974 0.974 0.976 3 * 3 5 7
10.0 0.981 0.981 0.982 3 * 3 5 7
0.5 0.000 0.000 0.000 1 * 1
1.0 0.000 0.000 0.000 1 * 1
1.5 0.251 0.224 0.206 1 * 3
2.0 0.458 0.409 0.375 1 * 3
2.5 0.442 0.427 0.389 2 * 3 5
3.0 0.563 0.550 0.523 2 * 3 5
3.5 0.652 0.635 0.601 2 * 3 6
4.0 0.751 0.775 0.656 3 * 3 5 7
4.5 0.670 0.610 0.670 1 * 7
5.0 0.766 0.725 0.760 2 * 5 7
5.5 0.808 0.764 0.803 2 * 5 7
6.0 0.846 0.846 0.850 3 * 3 5 7
6.5 0.888 0.888 0.890 3 * 3 5 7
7.0 0.919 0.919 0.922 3 * 3 5 7
7.5 0.938 0.938 0.941 3 * 3 5 7
8.0 0.950 0.950 0.952 3 * 3 5 7
8.5 0.963 0.963 0.965 3 * 3 5 7
9.0 0.968 0.968 0.969 3 * 3 5 7
9.5 0.974 0.974 0.976 3 * 3 5 7
10.0 0.980 0.980 0.981 3 * 3 5 7
0.5 0.000 0.000 0.000 1 * 1
1.0 0.000 0.000 0.000 1 * 1
1.5 0.234 0.209 0.192 1 * 3
2.0 0.441 0.393 0.361 1 * 3
2.5 0.456 0.440 0.407 2 * 3 5
3.0 0.589 0.575 0.547 2 * 3 5
3.5 0.676 0.663 0.636 2 * 3 5
4.0 0.731 0.713 0.677 2 * 3 6
4.5 0.677 0.615 0.677 1 * 7
5.0 0.746 0.705 0.737 2 * 5 7
5.5 0.805 0.805 0.807 3 * 3 5 7
6.0 0.856 0.856 0.858 3 * 3 5 7
6.5 0.882 0.882 0.885 3 * 3 5 7
7.0 0.917 0.917 0.920 3 * 3 5 7
7.5 0.936 0.936 0.938 3 * 3 5 7
8.0 0.952 0.952 0.955 3 * 3 5 7
8.5 0.962 0.962 0.963 3 * 3 5 7
9.0 0.971 0.971 0.973 3 * 3 5 7
9.5 0.976 0.976 0.977 3 * 3 5 7
10.0 0.985 0.985 0.986 3 * 3 5 7
0.5 0.000 0.000 0.000 1 * 1
1.0 0.000 0.000 0.000 1 * 1
1.5 0.265 0.237 0.217 1 * 3
2.0 0.462 0.413 0.379 1 * 3
2.5 0.453 0.432 0.413 1 * 4
3.0 0.577 0.562 0.534 2 * 3 5
3.5 0.676 0.663 0.636 2 * 3 5
4.0 0.718 0.740 0.631 3 * 3 5 7
4.5 0.687 0.626 0.687 1 * 7
5.0 0.741 0.702 0.731 2 * 5 7
5.5 0.805 0.805 0.807 3 * 3 5 7
6.0 0.845 0.845 0.848 3 * 3 5 7
6.5 0.883 0.883 0.885 3 * 3 5 7
7.0 0.915 0.915 0.918 3 * 3 5 7
7.5 0.933 0.933 0.936 3 * 3 5 7
8.0 0.954 0.954 0.955 3 * 3 5 7
8.5 0.964 0.964 0.965 3 * 3 5 7
9.0 0.970 0.970 0.972 3 * 3 5 7
9.5 0.976 0.976 0.978 3 * 3 5 7
10.0 0.985 0.985 0.986 3 * 3 5 7
0.5 0.000 0.000 0.000 1 * 1
1.0 0.000 0.000 0.000 1 * 1
1.5 0.252 0.225 0.206 1 * 3
2.0 0.451 0.402 0.369 1 * 3
2.5 0.471 0.446 0.425 1 * 4
3.0 0.592 0.577 0.548 2 * 3 5
3.5 0.684 0.671 0.646 2 * 3 5
4.0 0.741 0.764 0.647 3 * 3 5 7
4.5 0.677 0.616 0.677 1 * 7
5.0 0.787 0.799 0.747 3 * 3 5 7
5.5 0.821 0.821 0.824 3 * 3 5 7
6.0 0.844 0.844 0.847 3 * 3 5 7
6.5 0.896 0.896 0.898 3 * 3 5 7
7.0 0.908 0.908 0.911 3 * 3 5 7
7.5 0.940 0.940 0.942 3 * 3 5 7
8.0 0.933 0.947 0.881 3 * 3 5 7
8.5 0.956 0.956 0.958 3 * 3 5 7
9.0 0.970 0.970 0.971 3 * 3 5 7
9.5 0.981 0.981 0.983 3 * 3 5 7
10.0 0.980 0.980 0.982 3 * 3 5 7
0.5 0.000 0.000 0.000 1 * 1
1.0 0.031 0.028 0.025 1 * 2
1.5 0.268 0.239 0.219 1 * 3
2.0 0.457 0.407 0.374 1 * 3
2.5 0.400 0.387 0.384 1 * 5
3.0 0.578 0.562 0.531 2 * 3 5
3.5 0.683 0.670 0.646 2 * 3 5
4.0 0.716 0.739 0.629 3 * 3 5 7
4.5 0.666 0.606 0.666 1 * 7
5.0 0.748 0.738 0.756 2 * 3 7
5.5 0.799 0.799 0.801 3 * 3 5 7
6.0 0.854 0.854 0.858 3 * 3 5 7
6.5 0.890 0.890 0.893 3 * 3 5 7
7.0 0.917 0.917 0.920 3 * 3 5 7
7.5 0.931 0.931 0.933 3 * 3 5 7
8.0 0.956 0.956 0.958 3 * 3 5 7
8.5 0.963 0.963 0.965 3 * 3 5 7
9.0 0.969 0.969 0.971 3 * 3 5 7
9.5 0.977 0.977 0.978 3 * 3 5 7
10.0 0.984 0.984 0.985 3 * 3 5 7
0.5 0.000 0.000 0.000 1 * 1
1.0 0.000 0.000 0.000 1 * 1
1.5 0.261 0.233 0.214 1 * 3
2.0 0.448 0.400 0.367 1 * 3
2.5 0.432 0.420 0.377 2 * 3 5
3.0 0.578 0.563 0.534 2 * 3 5
3.5 0.678 0.664 0.638 2 * 3 5
4.0 0.739 0.763 0.649 3 * 3 5 7
4.5 0.682 0.620 0.682 1 * 7
5.0 0.757 0.715 0.750 2 * 5 7
5.5 0.808 0.808 0.811 3 * 3 5 7
6.0 0.845 0.845 0.846 3 * 3 5 7
6.5 0.887 0.887 0.891 3 * 3 5 7
7.0 0.915 0.915 0.917 3 * 3 5 7
7.5 0.935 0.935 0.937 3 * 3 5 7
8.0 0.953 0.953 0.956 3 * 3 5 7
8.5 0.962 0.962 0.964 3 * 3 5 7
9.0 0.972 0.972 0.974 3 * 3 5 7
9.5 0.978 0.978 0.979 3 * 3 5 7
10.0 0.982 0.982 0.984 3 * 3 5 7
0.5 0.000 0.000 0.000 1 * 1
1.0 0.000 0.000 0.000 1 * 1
1.5 0.246 0.219 0.201 1 * 3
2.0 0.445 0.397 0.364 1 * 3
2.5 0.430 0.420 0.373 2 * 3 5
3.0 0.584 0.570 0.542 2 * 3 5
3.5 0.681 0.669 0.645 2 * 3 5
4.0 0.733 0.714 0.677 2 * 3 6
4.5 0.662 0.603 0.662 1 * 7
5.0 0.753 0.712 0.745 2 * 5 7
5.5 0.802 0.758 0.796 2 * 5 7
6.0 0.847 0.847 0.850 3 * 3 5 7
6.5 0.875 0.875 0.879 3 * 3 5 7
7.0 0.920 0.920 0.922 3 * 3 5 7
7.5 0.934 0.934 0.936 3 * 3 5 7
8.0 0.952 0.952 0.955 3 * 3 5 7
8.5 0.969 0.969 0.971 3 * 3 5 7
9.0 0.969 0.969 0.971 3 * 3 5 7
9.5 0.979 0.979 0.980 3 * 3 5 7
10.0 0.980 0.980 0.981 3 * 3 5 7
0.5 0.000 0.000 0.000 1 * 1
1.0 0.000 0.000 0.000 1 * 1
1.5 0.240 0.214 0.197 1 * 3
2.0 0.435 0.388 0.356 1 * 3
2.5 0.486 0.465 0.446 1 * 4
3.0 0.574 0.560 0.531 2 * 3 5
3.5 0.681 0.668 0.642 2 * 3 5
4.0 0.663 0.653 0.635 2 * 3 7
4.5 0.673 0.613 0.673 1 * 7
5.0 0.758 0.717 0.751 2 * 5 7
5.5 0.805 0.805 0.808 3 * 3 5 7
6.0 0.859 0.859 0.862 3 * 3 5 7
6.5 0.884 0.884 0.886 3 * 3 5 7
7.0 0.911 0.911 0.913 3 * 3 5 7
7.5 0.937 0.937 0.940 3 * 3 5 7
8.0 0.949 0.949 0.952 3 * 3 5 7
8.5 0.961 0.961 0.964 3 * 3 5 7
9.0 0.967 0.967 0.969 3 * 3 5 7
9.5 0.976 0.976 0.977 3 * 3 5 7
10.0 0.983 0.983 0.984 3 * 3 5 7
0.5 0.000 0.000 0.000 1 * 1
1.0 0.011 0.010 0.009 1 * 2
1.5 0.253 0.226 0.208 1 * 3
2.0 0.454 0.405 0.372 1 * 3
2.5 0.452 0.436 0.398 2 * 3 5
3.0 0.581 0.568 0.540 2 * 3 5
3.5 0.678 0.665 0.639 2 * 3 5
4.0 0.725 0.706 0.670 2 * 3 6
4.5 0.680 0.619 0.680 1 * 7
5.0 0.764 0.722 0.757 2 * 5 7
5.5 0.808 0.808 0.811 3 * 3 5 7
6.0 0.856 0.856 0.859 3 * 3 5 7
6.5 0.886 0.886 0.888 3 * 3 5 7
7.0 0.914 0.914 0.917 3 * 3 5 7
7.5 0.933 0.933 0.935 3 * 3 5 7
8.0 0.948 0.948 0.951 3 * 3 5 7
8.5 0.967 0.967 0.968 3 * 3 5 7
9.0 0.972 0.972 0.974 3 * 3 5 7
9.5 0.977 0.977 0.979 3 * 3 5 7
10.0 0.983 0.983 0.984 3 * 3 5 7
0.5 0.000 0.000 0.000 1 * 1
1.0 0.000 0.000 0.000 1 * 1
1.5 0.269 0.240 0.221 1 * 3
2.0 0.449 0.401 0.368 1 * 3
2.5 0.448 0.433 0.394 2 * 3 5
3.0 0.591 0.576 0.546 2 * 3 5
3.5 0.670 0.656 0.628 2 * 3 5
4.0 0.751 0.775 0.658 3 * 3 5 7
4.5 0.687 0.625 0.687 1 * 7
5.0 0.764 0.723 0.758 2 * 5 7
5.5 0.800 0.800 0.803 3 * 3 5 7
6.0 0.862 0.862 0.864 3 * 3 5 7
6.5 0.893 0.893 0.896 3 * 3 5 7
7.0 0.913 0.913 0.915 3 * 3 5 7
7.5 0.939 0.939 0.941 3 * 3 5 7
8.0 0.948 0.948 0.950 3 * 3 5 7
8.5 0.963 0.963 0.965 3 * 3 5 7
9.0 0.979 0.979 0.980 3 * 3 5 7
9.5 0.976 0.976 0.978 3 * 3 5 7
10.0 0.981 0.981 0.983 3 * 3 5 7
0.5 0.000 0.000 0.000 1 * 1
1.0 0.000 0.000 0.000 1 * 1
1.5 0.270 0.241 0.222 1 * 3
2.0 0.457 0.408 0.375 1 * 3
2.5 0.405 0.395 0.389 1 * 5
3.0 0.582 0.568 0.539 2 * 3 5
3.5 0.684 0.671 0.644 2 * 3 5
4.0 0.733 0.756 0.641 3 * 3 5 7
4.5 0.676 0.614 0.676 1 * 7
5.0 0.784 0.796 0.742 3 * 3 5 7
5.5 0.796 0.796 0.797 3 * 3 5 7
6.0 0.843 0.843 0.846 3 * 3 5 7
6.5 0.891 0.891 0.893 3 * 3 5 7
7.0 0.912 0.912 0.916 3 * 3 5 7
7.5 0.941 0.941 0.944 3 * 3 5 7
8.0 0.954 0.954 0.956 3 * 3 5 7
8.5 0.966 0.966 0.967 3 * 3 5 7
9.0 0.970 0.970 0.971 3 * 3 5 7
9.5 0.973 0.973 0.975 3 * 3 5 7
10.0 0.986 0.986 0.986 3 * 3 5 7
0.5 0.000 0.000 0.000 1 * 1
1.0 0.036 0.031 0.028 1 * 2
1.5 0.242 0.216 0.198 1 * 3
2.0 0.455 0.406 0.373 1 * 3
2.5 0.446 0.429 0.396 2 * 3 5
3.0 0.575 0.561 0.532 2 * 3 5
3.5 0.682 0.669 0.643 2 * 3 5
4.0 0.739 0.762 0.648 3 * 3 5 7
4.5 0.659 0.602 0.659 1 * 7
5.0 0.747 0.706 0.739 2 * 5 7
5.5 0.790 0.790 0.792 3 * 3 5 7
6.0 0.838 0.838 0.842 3 * 3 5 7
6.5 0.887 0.887 0.889 3 * 3 5 7
7.0 0.915 0.915 0.917 3 * 3 5 7
7.5 0.932 0.932 0.934 3 * 3 5 7
8.0 0.951 0.951 0.953 3 * 3 5 7
8.5 0.962 0.962 0.963 3 * 3 5 7
9.0 0.971 0.971 0.973 3 * 3 5 7
9.5 0.980 0.980 0.981 3 * 3 5 7
10.0 0.985 0.985 0.986 3 * 3 5 7
0.5 0.000 0.000 0.000 1 * 1
1.0 0.033 0.029 0.026 1 * 2
1.5 0.260 0.232 0.213 1 * 3
2.0 0.449 0.401 0.368 1 * 3
2.5 0.454 0.433 0.413 1 * 4
3.0 0.580 0.565 0.537 2 * 3 5
3.5 0.680 0.667 0.642 2 * 3 5
4.0 0.724 0.747 0.635 3 * 3 5 7
4.5 0.730 0.718 0.703 2 * 3 7
5.0 0.761 0.761 0.763 3 * 3 5 7
5.5 0.811 0.811 0.814 3 * 3 5 7
6.0 0.840 0.840 0.843 3 * 3 5 7
6.5 0.889 0.889 0.891 3 * 3 5 7
7.0 0.913 0.913 0.916 3 * 3 5 7
7.5 0.934 0.934 0.936 3 * 3 5 7
8.0 0.948 0.948 0.951 3 * 3 5 7
8.5 0.965 0.965 0.966 3 * 3 5 7
9.0 0.970 0.970 0.972 3 * 3 5 7
9.5 0.977 0.977 0.979 3 * 3 5 7
10.0 0.984 0.984 0.985 3 * 3 5 7
0.5 0.000 0.000 0.000 1 * 1
1.0 0.000 0.000 0.000 1 * 1
1.5 0.251 0.224 0.205 1 * 3
2.0 0.445 0.397 0.364 1 * 3
2.5 0.472 0.450 0.430 1 * 4
3.0 0.577 0.562 0.532 2 * 3 5
3.5 0.685 0.672 0.644 2 * 3 5
4.0 0.728 0.751 0.637 3 * 3 5 7
4.5 0.688 0.649 0.678 2 * 5 7
5.0 0.746 0.736 0.754 2 * 3 7
5.5 0.806 0.806 0.809 3 * 3 5 7
6.0 0.864 0.878 0.815 3 * 3 5 7
6.5 0.892 0.892 0.895 3 * 3 5 7
7.0 0.921 0.921 0.923 3 * 3 5 7
7.5 0.938 0.938 0.939 3 * 3 5 7
8.0 0.948 0.948 0.950 3 * 3 5 7
8.5 0.962 0.962 0.964 3 * 3 5 7
9.0 0.969 0.969 0.970 3 * 3 5 7
9.5 0.979 0.979 0.981 3 * 3 5 7
10.0 0.981 0.981 0.983 3 * 3 5 7
0.5 0.000 0.000 0.000 1 * 1
1.0 0.000 0.000 0.000 1 * 1
1.5 0.255 0.227 0.209 1 * 3
2.0 0.335 0.307 0.288 1 * 4
2.5 0.465 0.437 0.415 1 * 4
3.0 0.569 0.556 0.528 2 * 3 5
3.5 0.675 0.662 0.635 2 * 3 5
4.0 0.661 0.623 0.660 1 * 6
4.5 0.722 0.704 0.690 2 * 5 7
5.0 0.760 0.719 0.752 2 * 5 7
5.5 0.801 0.758 0.796 2 * 5 7
6.0 0.864 0.864 0.866 3 * 3 5 7
6.5 0.885 0.885 0.888 3 * 3 5 7
7.0 0.918 0.918 0.921 3 * 3 5 7
7.5 0.934 0.934 0.937 3 * 3 5 7
8.0 0.952 0.952 0.954 3 * 3 5 7
8.5 0.960 0.960 0.962 3 * 3 5 7
9.0 0.971 0.971 0.973 3 * 3 5 7
9.5 0.981 0.981 0.983 3 * 3 5 7
10.0 0.984 0.984 0.985 3 * 3 5 7
0.5 0.000 0.000 0.000 1 * 1
1.0 0.000 0.000 0.000 1 * 2
1.5 0.240 0.214 0.197 1 * 3
2.0 0.436 0.389 0.357 1 * 3
2.5 0.468 0.450 0.431 1 * 4
3.0 0.581 0.566 0.537 2 * 3 5
3.5 0.686 0.673 0.647 2 * 3 5
4.0 0.730 0.753 0.640 3 * 3 5 7
4.5 0.675 0.615 0.675 1 * 7
5.0 0.746 0.704 0.737 2 * 5 7
5.5 0.813 0.813 0.816 3 * 3 5 7
6.0 0.847 0.847 0.852 3 * 3 5 7
6.5 0.876 0.876 0.879 3 * 3 5 7
7.0 0.913 0.913 0.915 3 * 3 5 7
7.5 0.938 0.938 0.940 3 * 3 5 7
8.0 0.956 0.956 0.959 3 * 3 5 7
8.5 0.961 0.961 0.962 3 * 3 5 7
9.0 0.975 0.975 0.976 3 * 3 5 7
9.5 0.975 0.975 0.977 3 * 3 5 7
10.0 0.979 0.979 0.981 3 * 3 5 7
0.5 0.000 0.000 0.000 1 * 1
1.0 0.025 0.022 0.020 1 * 2
1.5 0.259 0.231 0.212 1 * 3
2.0 0.451 0.402 0.369 1 * 3
2.5 0.465 0.448 0.414 2 * 3 5
3.0 0.575 0.561 0.534 2 * 3 5
3.5 0.648 0.631 0.596 2 * 3 6
4.0 0.663 0.625 0.663 1 * 6
4.5 0.728 0.717 0.701 2 * 3 7
5.0 0.736 0.669 0.736 1 * 7
5.5 0.804 0.804 0.805 3 * 3 5 7
6.0 0.847 0.847 0.850 3 * 3 5 7
6.5 0.885 0.885 0.888 3 * 3 5 7
7.0 0.907 0.907 0.910 3 * 3 5 7
7.5 0.937 0.937 0.939 3 * 3 5 7
8.0 0.951 0.951 0.953 3 * 3 5 7
8.5 0.963 0.963 0.964 3 * 3 5 7
9.0 0.975 0.975 0.976 3 * 3 5 7
9.5 0.977 0.977 0.978 3 * 3 5 7
10.0 0.983 0.983 0.984 3 * 3 5 7
0.5 0.000 0.000 0.000 1 * 1
1.0 0.000 0.000 0.000 1 * 1
1.5 0.266 0.238 0.218 1 * 3
2.0 0.447 0.399 0.366 1 * 3
2.5 0.461 0.445 0.411 2 * 3 5
3.0 0.575 0.561 0.531 2 * 3 5
3.5 0.649 0.632 0.597 2 * 3 6
4.0 0.744 0.767 0.651 3 * 3 5 7
4.5 0.667 0.607 0.667 1 * 7
5.0 0.744 0.703 0.736 2 * 5 7
5.5 0.803 0.803 0.805 3 * 3 5 7
6.0 0.851 0.851 0.853 3 * 3 5 7
6.5 0.885 0.885 0.887 3 * 3 5 7
7.0 0.917 0.917 0.920 3 * 3 5 7
7.5 0.937 0.937 0.939 3 * 3 5 7
8.0 0.952 0.952 0.954 3 * 3 5 7
8.5 0.965 0.965 0.966 3 * 3 5 7
9.0 0.973 0.973 0.975 3 * 3 5 7
9.5 0.979 0.979 0.981 3 * 3 5 7
10.0 0.987 0.987 0.988 3 * 3 5 7
0.5 0.000 0.000 0.000 1 * 1
1.0 0.000 0.000 0.000 1 * 1
1.5 0.239 0.214 0.196 1 * 3
2.0 0.461 0.411 0.378 1 * 3
2.5 0.401 0.389 0.386 1 * 5
3.0 0.582 0.568 0.539 2 * 3 5
3.5 0.669 0.656 0.632 2 * 3 5
4.0 0.726 0.707 0.670 2 * 3 6
4.5 0.671 0.610 0.671 1 * 7
5.0 0.748 0.681 0.748 1 * 7
5.5 0.809 0.809 0.812 3 * 3 5 7
6.0 0.851 0.851 0.853 3 * 3 5 7
6.5 0.893 0.893 0.895 3 * 3 5 7
7.0 0.913 0.926 0.862 3 * 3 5 7
7.5 0.937 0.937 0.940 3 * 3 5 7
8.0 0.958 0.958 0.960 3 * 3 5 7
8.5 0.959 0.959 0.961 3 * 3 5 7
9.0 0.972 0.972 0.973 3 * 3 5 7
9.5 0.977 0.977 0.979 3 * 3 5 7
10.0 0.982 0.982 0.984 3 * 3 5 7
0.5 0.000 0.000 0.000 1 * 1
1.0 0.016 0.014 0.013 1 * 3
1.5 0.243 0.217 0.200 1 * 3
2.0 0.448 0.401 0.368 1 * 3
2.5 0.466 0.443 0.422 1 * 4
3.0 0.572 0.557 0.527 2 * 3 5
3.5 0.643 0.625 0.589 2 * 3 6
4.0 0.725 0.748 0.636 3 * 3 5 7
4.5 0.736 0.750 0.693 3 * 3 5 7
5.0 0.749 0.708 0.741 2 * 5 7
5.5 0.822 0.822 0.823 3 * 3 5 7
6.0 0.860 0.860 0.863 3 * 3 5 7
6.5 0.893 0.893 0.896 3 * 3 5 7
7.0 0.916 0.916 0.920 3 * 3 5 7
7.5 0.942 0.942 0.945 3 * 3 5 7
8.0 0.953 0.953 0.955 3 * 3 5 7
8.5 0.956 0.956 0.958 3 * 3 5 7
9.0 0.972 0.972 0.975 3 * 3 5 7
9.5 0.976 0.976 0.977 3 * 3 5 7
10.0 0.983 0.983 0.984 3 * 3 5 7
0.5 0.000 0.000 0.000 1 * 1
1.0 0.000 0.000 0.000 1 * 1
1.5 0.243 0.216 0.199 1 * 3
2.0 0.460 0.410 0.377 1 * 3
2.5 0.398 0.387 0.383 1 * 5
3.0 0.578 0.563 0.533 2 * 3 5
3.5 0.676 0.662 0.635 2 * 3 5
4.0 0.718 0.740 0.633 3 * 3 5 7
4.5 0.690 0.653 0.679 2 * 5 7
5.0 0.771 0.729 0.766 2 * 5 7
5.5 0.804 0.804 0.806 3 * 3 5 7
6.0 0.853 0.853 0.855 3 * 3 5 7
6.5 0.888 0.902 0.839 3 * 3 5 7
7.0 0.911 0.911 0.914 3 * 3 5 7
7.5 0.934 0.934 0.935 3 * 3 5 7
8.0 0.953 0.953 0.955 3 * 3 5 7
8.5 0.964 0.964 0.966 3 * 3 5 7
9.0 0.970 0.970 0.972 3 * 3 5 7
9.5 0.976 0.976 0.977 3 * 3 5 7
10.0 0.984 0.984 0.985 3 * 3 5 7
0.5 0.000 0.000 0.000 1 * 1
1.0 0.000 0.000 0.000 1 * 1
1.5 0.254 0.227 0.208 1 * 3
2.0 0.442 0.394 0.362 1 * 3
2.5 0.459 0.442 0.406 2 * 3 5
3.0 0.567 0.553 0.525 2 * 3 5
3.5 0.686 0.673 0.648 2 * 3 5
4.0 0.736 0.760 0.644 3 * 3 5 7
4.5 0.672 0.610 0.672 1 * 7
5.0 0.743 0.702 0.735 2 * 5 7
5.5 0.803 0.803 0.806 3 * 3 5 7
6.0 0.852 0.852 0.854 3 * 3 5 7
6.5 0.892 0.892 0.893 3 * 3 5 7
7.0 0.915 0.915 0.917 3 * 3 5 7
7.5 0.931 0.931 0.934 3 * 3 5 7
8.0 0.948 0.948 0.949 3 * 3 5 7
8.5 0.962 0.962 0.964 3 * 3 5 7
9.0 0.969 0.969 0.970 3 * 3 5 7
9.5 0.979 0.979 0.980 3 * 3 5 7
10.0 0.986 0.986 0.987 3 * 3 5 7
0.5 0.000 0.000 0.000 1 * 1
1.0 0.000 0.000 0.000 1 * 1
1.5 0.243 0.217 0.199 1 * 3
2.0 0.441 0.393 0.361 1 * 3
2.5 0.408 0.395 0.393 1 * 5
3.0 0.567 0.553 0.524 2 * 3 5
3.5 0.661 0.643 0.605 2 * 3 6
4.0 0.727 0.750 0.637 3 * 3 5 7
4.5 0.804 0.830 0.703 3 * 3 5 7
5.0 0.768 0.725 0.762 2 * 5 7
5.5 0.814 0.814 0.817 3 * 3 5 7
6.0 0.851 0.851 0.855 3 * 3 5 7
6.5 0.891 0.891 0.893 3 * 3 5 7
7.0 0.915 0.915 0.919 3 * 3 5 7
7.5 0.936 0.936 0.938 3 * 3 5 7
8.0 0.948 0.948 0.950 3 * 3 5 7
8.5 0.965 0.965 0.966 3 * 3 5 7
9.0 0.974 0.974 0.976 3 * 3 5 7
9.5 0.978 0.978 0.979 3 * 3 5 7
10.0 0.986 0.986 0.987 3 * 3 5 7
0.5 0.000 0.000 0.000 1 * 1
1.0 0.000 0.000 0.000 1 * 1
1.5 0.276 0.247 0.227 1 * 3
2.0 0.440 0.393 0.360 1 * 3
2.5 0.470 0.450 0.430 1 * 4
3.0 0.582 0.567 0.538 2 * 3 5
3.5 0.661 0.643 0.609 2 * 3 6
4.0 0.717 0.698 0.662 2 * 3 6
4.5 0.667 0.607 0.667 1 * 7
5.0 0.747 0.708 0.739 2 * 5 7
5.5 0.837 0.871 0.761 3 * 3 6 8
6.0 0.857 0.857 0.857 3 * 3 5 7
6.5 0.887 0.887 0.890 3 * 3 5 7
7.0 0.916 0.916 0.919 3 * 3 5 7
7.5 0.934 0.934 0.937 3 * 3 5 7
8.0 0.951 0.951 0.954 3 * 3 5 7
8.5 0.964 0.964 0.965 3 * 3 5 7
9.0 0.965 0.965 0.968 3 * 3 5 7
9.5 0.976 0.976 0.977 3 * 3 5 7
10.0 0.984 0.984 0.986 3 * 3 5 7
0.5 0.000 0.000 0.000 1 * 1
1.0 0.000 0.000 0.000 1 * 1
1.5 0.241 0.216 0.198 1 * 3
2.0 0.454 0.405 0.372 1 * 3
2.5 0.398 0.388 0.383 1 * 5
3.0 0.572 0.556 0.525 2 * 3 5
3.5 0.686 0.672 0.644 2 * 3 5
4.0 0.595 0.542 0.595 1 * 7
4.5 0.687 0.624 0.687 1 * 7
5.0 0.759 0.716 0.751 2 * 5 7
5.5 0.809 0.809 0.812 3 * 3 5 7
6.0 0.858 0.858 0.861 3 * 3 5 7
6.5 0.892 0.892 0.895 3 * 3 5 7
7.0 0.914 0.914 0.917 3 * 3 5 7
7.5 0.940 0.940 0.942 3 * 3 5 7
8.0 0.954 0.954 0.956 3 * 3 5 7
8.5 0.962 0.962 0.964 3 * 3 5 7
9.0 0.975 0.975 0.976 3 * 3 5 7
9.5 0.979 0.979 0.980 3 * 3 5 7
10.0 0.985 0.985 0.986 3 * 3 5 7
0.5 0.000 0.000 0.000 1 * 1
1.0 0.000 0.000 0.000 1 * 1
1.5 0.247 0.220 0.202 1 * 3
2.0 0.451 0.403 0.370 1 * 3
2.5 0.472 0.447 0.426 1 * 4
3.0 0.579 0.564 0.534 2 * 3 5
3.5 0.690 0.677 0.650 2 * 3 5
4.0 0.635 0.593 0.635 1 * 7
4.5 0.671 0.611 0.671 1 * 7
5.0 0.786 0.799 0.743 3 * 3 5 7
5.5 0.797 0.797 0.800 3 * 3 5 7
6.0 0.864 0.864 0.867 3 * 3 5 7
6.5 0.890 0.890 0.894 3 * 3 5 7
7.0 0.912 0.912 0.915 3 * 3 5 7
7.5 0.932 0.932 0.935 3 * 3 5 7
8.0 0.948 0.948 0.951 3 * 3 5 7
8.5 0.962 0.962 0.965 3 * 3 5 7
9.0 0.975 0.975 0.977 3 * 3 5 7
9.5 0.972 0.972 0.974 3 * 3 5 7
10.0 0.980 0.980 0.981 3 * 3 5 7
0.5 0.000 0.000 0.000 1 * 1
1.0 0.000 0.000 0.000 1 * 1
1.5 0.244 0.218 0.200 1 * 3
2.0 0.449 0.400 0.367 1 * 3
2.5 0.476 0.456 0.437 1 * 4
3.0 0.573 0.558 0.530 2 * 3 5
3.5 0.682 0.670 0.646 2 * 3 5
4.0 0.663 0.625 0.663 1 * 6
4.5 0.676 0.615 0.676 1 * 7
5.0 0.754 0.714 0.746 2 * 5 7
5.5 0.807 0.807 0.810 3 * 3 5 7
6.0 0.851 0.851 0.854 3 * 3 5 7
6.5 0.890 0.890 0.892 3 * 3 5 7
7.0 0.918 0.918 0.921 3 * 3 5 7
7.5 0.938 0.938 0.941 3 * 3 5 7
8.0 0.947 0.947 0.950 3 * 3 5 7
8.5 0.960 0.960 0.962 3 * 3 5 7
9.0 0.975 0.975 0.976 3 * 3 5 7
9.5 0.979 0.979 0.980 3 * 3 5 7
10.0 0.980 0.980 0.982 3 * 3 5 7
0.5 0.000 0.000 0.000 1 * 1
1.0 0.000 0.000 0.000 1 * 1
1.5 0.268 0.239 0.219 1 * 3
2.0 0.453 0.404 0.371 1 * 3
2.5 0.442 0.428 0.388 2 * 3 5
3.0 0.592 0.577 0.547 2 * 3 5
3.5 0.680 0.667 0.641 2 * 3 5
4.0 0.584 0.532 0.584 1 * 7
4.5 0.674 0.613 0.674 1 * 7
5.0 0.754 0.714 0.747 2 * 5 7
5.5 0.814 0.814 0.817 3 * 3 5 7
6.0 0.857 0.857 0.858 3 * 3 5 7
6.5 0.888 0.888 0.891 3 * 3 5 7
7.0 0.919 0.919 0.921 3 * 3 5 7
7.5 0.911 0.949 0.826 3 * 3 6 8
8.0 0.952 0.952 0.954 3 * 3 5 7
8.5 0.960 0.960 0.962 3 * 3 5 7
9.0 0.968 0.968 0.970 3 * 3 5 7
9.5 0.978 0.978 0.979 3 * 3 5 7
10.0 0.982 0.982 0.983 3 * 3 5 7
0.5 0.000 0.000 0.000 1 * 1
1.0 0.000 0.000 0.000 1 * 1
1.5 0.240 0.214 0.197 1 * 3
2.0 0.326 0.295 0.274 1 * 4
2.5 0.439 0.423 0.389 2 * 3 5
3.0 0.578 0.564 0.536 2 * 3 5
3.5 0.683 0.671 0.646 2 * 3 5
4.0 0.730 0.712 0.675 2 * 3 6
4.5 0.682 0.619 0.682 1 * 7
5.0 0.750 0.709 0.743 2 * 5 7
5.5 0.796 0.796 0.798 3 * 3 5 7
6.0 0.856 0.856 0.859 3 * 3 5 7
6.5 0.886 0.886 0.887 3 * 3 5 7
7.0 0.911 0.911 0.914 3 * 3 5 7
7.5 0.932 0.932 0.936 3 * 3 5 7
8.0 0.950 0.950 0.952 3 * 3 5 7
8.5 0.961 0.961 0.963 3 * 3 5 7
9.0 0.973 0.973 0.975 3 * 3 5 7
9.5 0.977 0.977 0.979 3 * 3 5 7
10.0 0.985 0.985 0.986 3 * 3 5 7
0.5 0.000 0.000 0.000 1 * 1
1.0 0.017 0.015 0.013 1 * 2
1.5 0.249 0.222 0.204 1 * 3
2.0 0.442 0.395 0.363 1 * 3
2.5 0.458 0.442 0.403 2 * 3 5
3.0 0.562 0.547 0.518 2 * 3 5
3.5 0.675 0.662 0.636 2 * 3 5
4.0 0.661 0.644 0.631 2 * 5 7
4.5 0.669 0.609 0.669 1 * 7
5.0 0.742 0.702 0.735 2 * 5 7
5.5 0.798 0.798 0.799 3 * 3 5 7
6.0 0.849 0.849 0.851 3 * 3 5 7
6.5 0.888 0.888 0.892 3 * 3 5 7
7.0 0.912 0.926 0.861 3 * 3 5 7
7.5 0.938 0.938 0.940 3 * 3 5 7
8.0 0.947 0.947 0.950 3 * 3 5 7
8.5 0.961 0.961 0.963 3 * 3 5 7
9.0 0.969 0.969 0.971 3 * 3 5 7
9.5 0.972 0.972 0.973 3 * 3 5 7
10.0 0.982 0.982 0.984 3 * 3 5 7
0.5 0.000 0.000 0.000 1 * 1
1.0 0.000 0.000 0.000 1 * 1
1.5 0.246 0.219 0.201 1 * 3
2.0 0.443 0.395 0.363 1 * 3
2.5 0.452 0.435 0.401 2 * 3 5
3.0 0.566 0.552 0.522 2 * 3 5
3.5 0.683 0.671 0.647 2 * 3 5
4.0 0.734 0.758 0.642 3 * 3 5 7
4.5 0.671 0.611 0.671 1 * 7
5.0 0.760 0.720 0.752 2 * 5 7
5.5 0.800 0.800 0.803 3 * 3 5 7
6.0 0.854 0.854 0.856 3 * 3 5 7
6.5 0.891 0.891 0.895 3 * 3 5 7
7.0 0.908 0.908 0.911 3 * 3 5 7
7.5 0.940 0.940 0.942 3 * 3 5 7
8.0 0.951 0.951 0.954 3 * 3 5 7
8.5 0.963 0.963 0.965 3 * 3 5 7
9.0 0.973 0.973 0.974 3 * 3 5 7
9.5 0.975 0.975 0.976 3 * 3 5 7
10.0 0.980 0.980 0.982 3 * 3 5 7
0.5 0.000 0.000 0.000 1 * 1
1.0 0.000 0.000 0.000 1 * 2
1.5 0.240 0.214 0.197 1 * 3
2.0 0.450 0.402 0.369 1 * 3
2.5 0.455 0.430 0.409 1 * 4
3.0 0.580 0.566 0.539 2 * 3 5
3.5 0.678 0.665 0.638 2 * 3 5
4.0 0.584 0.531 0.584 1 * 7
4.5 0.701 0.663 0.691 2 * 5 7
5.0 0.736 0.671 0.736 1 * 7
5.5 0.806 0.806 0.809 3 * 3 5 7
6.0 0.848 0.848 0.851 3 * 3 5 7
6.5 0.885 0.885 0.888 3 * 3 5 7
7.0 0.913 0.913 0.914 3 * 3 5 7
7.5 0.928 0.928 0.931 3 * 3 5 7
8.0 0.950 0.950 0.953 3 * 3 5 7
8.5 0.963 0.963 0.965 3 * 3 5 7
9.0 0.970 0.970 0.972 3 * 3 5 7
9.5 0.975 0.975 0.977 3 * 3 5 7
10.0 0.983 0.983 0.984 3 * 3 5 7
0.5 0.000 0.000 0.000 1 * 1
1.0 0.000 0.000 0.000 1 * 1
1.5 0.261 0.233 0.214 1 * 3
2.0 0.351 0.317 0.294 1 * 4
2.5 0.464 0.446 0.427 1 * 4
3.0 0.567 0.552 0.521 2 * 3 5
3.5 0.676 0.662 0.636 2 * 3 5
4.0 0.732 0.755 0.644 3 * 3 5 7
4.5 0.690 0.628 0.690 1 * 7
5.0 0.753 0.714 0.744 2 * 5 7
5.5 0.797 0.797 0.801 3 * 3 5 7
6.0 0.848 0.848 0.852 3 * 3 5 7
6.5 0.888 0.888 0.890 3 * 3 5 7
7.0 0.910 0.910 0.913 3 * 3 5 7
7.5 0.938 0.938 0.940 3 * 3 5 7
8.0 0.950 0.950 0.952 3 * 3 5 7
8.5 0.965 0.965 0.966 3 * 3 5 7
9.0 0.966 0.966 0.967 3 * 3 5 7
9.5 0.977 0.977 0.979 3 * 3 5 7
10.0 0.979 0.979 0.980 3 * 3 5 7
0.5 0.000 0.000 0.000 1 * 1
1.0 0.000 0.000 0.000 1 * 1
1.5 0.269 0.241 0.221 1 * 3
2.0 0.462 0.412 0.378 1 * 3
2.5 0.469 0.443 0.422 1 * 4
3.0 0.593 0.580 0.553 2 * 3 5
3.5 0.680 0.667 0.639 2 * 3 5
4.0 0.654 0.617 0.654 1 * 6
4.5 0.677 0.616 0.677 1 * 7
5.0 0.764 0.722 0.758 2 * 5 7
5.5 0.798 0.798 0.800 3 * 3 5 7
6.0 0.847 0.847 0.851 3 * 3 5 7
6.5 0.884 0.884 0.886 3 * 3 5 7
7.0 0.918 0.918 0.921 3 * 3 5 7
7.5 0.935 0.935 0.937 3 * 3 5 7
8.0 0.951 0.951 0.953 3 * 3 5 7
8.5 0.959 0.959 0.961 3 * 3 5 7
9.0 0.973 0.973 0.975 3 * 3 5 7
9.5 0.976 0.976 0.977 3 * 3 5 7
10.0 0.983 0.983 0.984 3 * 3 5 7
0.5 0.000 0.000 0.000 1 * 1
1.0 0.000 0.000 0.000 1 * 1
1.5 0.239 0.214 0.196 1 * 3
2.0 0.458 0.409 0.375 1 * 3
2.5 0.420 0.405 0.404 1 * 5
3.0 0.557 0.541 0.511 2 * 3 5
3.5 0.684 0.671 0.644 2 * 3 5
4.0 0.725 0.707 0.669 2 * 3 6
4.5 0.739 0.768 0.672 3 * 3 6 8
5.0 0.753 0.753 0.753 3 * 3 5 7
5.5 0.804 0.804 0.807 3 * 3 5 7
6.0 0.848 0.848 0.852 3 * 3 5 7
6.5 0.885 0.885 0.888 3 * 3 5 7
7.0 0.917 0.917 0.920 3 * 3 5 7
7.5 0.934 0.934 0.937 3 * 3 5 7
8.0 0.953 0.953 0.955 3 * 3 5 7
8.5 0.962 0.962 0.964 3 * 3 5 7
9.0 0.969 0.969 0.971 3 * 3 5 7
9.5 0.977 0.977 0.979 3 * 3 5 7
10.0 0.979 0.979 0.981 3 * 3 5 7
0.5 0.000 0.000 0.000 1 * 1
1.0 0.000 0.000 0.000 1 * 1
1.5 0.259 0.232 0.213 1 * 3
2.0 0.471 0.421 0.386 1 * 3
2.5 0.417 0.401 0.401 1 * 5
3.0 0.579 0.564 0.534 2 * 3 5
3.5 0.691 0.679 0.655 2 * 3 5
4.0 0.716 0.739 0.630 3 * 3 5 7
4.5 0.670 0.609 0.670 1 * 7
5.0 0.758 0.718 0.750 2 * 5 7
5.5 0.804 0.762 0.799 2 * 5 7
6.0 0.849 0.849 0.851 3 * 3 5 7
6.5 0.890 0.890 0.892 3 * 3 5 7
7.0 0.914 0.914 0.917 3 * 3 5 7
7.5 0.940 0.940 0.943 3 * 3 5 7
8.0 0.951 0.951 0.953 3 * 3 5 7
8.5 0.961 0.961 0.963 3 * 3 5 7
9.0 0.971 0.971 0.972 3 * 3 5 7
9.5 0.977 0.977 0.979 3 * 3 5 7
10.0 0.985 0.985 0.986 3 * 3 5 7
0.5 0.000 0.000 0.000 1 * 1
1.0 0.000 0.000 0.000 1 * 1
1.5 0.257 0.229 0.210 1 * 3
2.0 0.435 0.388 0.356 1 * 3
2.5 0.378 0.373 0.364 1 * 5
3.0 0.574 0.560 0.531 2 * 3 5
3.5 0.680 0.667 0.640 2 * 3 5
4.0 0.731 0.754 0.642 3 * 3 5 7
4.5 0.680 0.619 0.680 1 * 7
5.0 0.755 0.755 0.755 3 * 3 5 7
5.5 0.792 0.792 0.795 3 * 3 5 7
6.0 0.845 0.845 0.848 3 * 3 5 7
6.5 0.884 0.884 0.888 3 * 3 5 7
7.0 0.917 0.917 0.919 3 * 3 5 7
7.5 0.934 0.934 0.936 3 * 3 5 7
8.0 0.956 0.956 0.957 3 * 3 5 7
8.5 0.961 0.961 0.964 3 * 3 5 7
9.0 0.966 0.966 0.968 3 * 3 5 7
9.5 0.981 0.981 0.982 3 * 3 5 7
10.0 0.983 0.983 0.984 3 * 3 5 7
0.5 0.000 0.000 0.000 1 * 1
1.0 0.000 0.000 0.000 1 * 1
1.5 0.238 0.213 0.196 1 * 3
2.0 0.448 0.400 0.367 1 * 3
2.5 0.453 0.436 0.402 2 * 3 5
3.0 0.572 0.557 0.527 2 * 3 5
3.5 0.684 0.672 0.647 2 * 3 5
4.0 0.741 0.764 0.648 3 * 3 5 7
4.5 0.669 0.609 0.669 1 * 7
5.0 0.746 0.746 0.748 3 * 3 5 7
5.5 0.808 0.808 0.811 3 * 3 5 7
6.0 0.845 0.845 0.848 3 * 3 5 7
6.5 0.898 0.898 0.900 3 * 3 5 7
7.0 0.917 0.917 0.921 3 * 3 5 7
7.5 0.934 0.934 0.937 3 * 3 5 7
8.0 0.951 0.951 0.954 3 * 3 5 7
8.5 0.962 0.962 0.964 3 * 3 5 7
9.0 0.966 0.966 0.968 3 * 3 5 7
9.5 0.976 0.976 0.978 3 * 3 5 7
10.0 0.985 0.985 0.986 3 * 3 5 7
0.5 0.000 0.000 0.000 1 * 1
1.0 0.000 0.000 0.000 1 * 1
1.5 0.270 0.241 0.221 1 * 3
2.0 0.449 0.400 0.367 1 * 3
2.5 0.442 0.428 0.387 2 * 3 5
3.0 0.560 0.545 0.516 2 * 3 5
3.5 0.674 0.662 0.637 2 * 3 5
4.0 0.731 0.754 0.641 3 * 3 5 7
4.5 0.677 0.614 0.677 1 * 7
5.0 0.751 0.710 0.743 2 * 5 7
5.5 0.803 0.803 0.807 3 * 3 5 7
6.0 0.843 0.843 0.846 3 * 3 5 7
6.5 0.884 0.884 0.886 3 * 3 5 7
7.0 0.911 0.911 0.914 3 * 3 5 7
7.5 0.928 0.928 0.931 3 * 3 5 7
8.0 0.951 0.951 0.952 3 * 3 5 7
8.5 0.963 0.963 0.965 3 * 3 5 7
9.0 0.968 0.968 0.970 3 * 3 5 7
9.5 0.977 0.977 0.978 3 * 3 5 7
10.0 0.983 0.983 0.984 3 * 3 5 7
0.5 0.000 0.000 0.000 1 * 1
1.0 0.010 0.009 0.008 1 * 2
1.5 0.222 0.198 0.181 1 * 3
2.0 0.450 0.402 0.368 1 * 3
2.5 0.411 0.400 0.396 1 * 5
3.0 0.572 0.558 0.529 2 * 3 5
3.5 0.669 0.657 0.632 2 * 3 5
4.0 0.732 0.755 0.641 3 * 3 5 7
4.5 0.674 0.611 0.674 1 * 7
5.0 0.755 0.714 0.745 2 * 5 7
5.5 0.838 0.850 0.793 3 * 3 5 7
6.0 0.847 0.847 0.852 3 * 3 5 7
6.5 0.885 0.885 0.888 3 * 3 5 7
7.0 0.910 0.910 0.912 3 * 3 5 7
7.5 0.933 0.933 0.936 3 * 3 5 7
8.0 0.951 0.951 0.953 3 * 3 5 7
8.5 0.960 0.960 0.962 3 * 3 5 7
9.0 0.971 0.971 0.974 3 * 3 5 7
9.5 0.976 0.976 0.978 3 * 3 5 7
10.0 0.982 0.982 0.983 3 * 3 5 7
0.5 0.000 0.000 0.000 1 * 1
1.0 0.000 0.000 0.000 1 * 1
1.5 0.251 0.224 0.206 1 * 3
2.0 0.460 0.410 0.376 1 * 3
2.5 0.415 0.399 0.399 1 * 5
3.0 0.581 0.568 0.541 2 * 3 5
3.5 0.688 0.675 0.649 2 * 3 5
4.0 0.649 0.611 0.647 1 * 6
4.5 0.665 0.604 0.665 1 * 7
5.0 0.743 0.702 0.734 2 * 5 7
5.5 0.811 0.768 0.807 2 * 5 7
6.0 0.847 0.847 0.850 3 * 3 5 7
6.5 0.881 0.881 0.884 3 * 3 5 7
7.0 0.909 0.909 0.912 3 * 3 5 7
7.5 0.934 0.934 0.937 3 * 3 5 7
8.0 0.946 0.946 0.948 3 * 3 5 7
8.5 0.929 0.968 0.841 3 * 3 6 8
9.0 0.967 0.967 0.970 3 * 3 5 7
9.5 0.979 0.979 0.981 3 * 3 5 7
10.0 0.982 0.982 0.983 3 * 3 5 7
0.5 0.000 0.000 0.000 1 * 1
1.0 0.000 0.000 0.000 1 * 1
1.5 0.246 0.220 0.202 1 * 3
2.0 0.360 0.334 0.315 1 * 4
2.5 0.440 0.424 0.388 2 * 3 5
3.0 0.586 0.572 0.542 2 * 3 5
3.5 0.673 0.660 0.635 2 * 3 5
4.0 0.754 0.778 0.660 3 * 3 5 7
4.5 0.699 0.661 0.689 2 * 5 7
5.0 0.751 0.711 0.743 2 * 5 7
5.5 0.809 0.809 0.809 3 * 3 5 7
6.0 0.855 0.855 0.858 3 * 3 5 7
6.5 0.884 0.884 0.888 3 * 3 5 7
7.0 0.912 0.912 0.916 3 * 3 5 7
7.5 0.930 0.930 0.933 3 * 3 5 7
8.0 0.945 0.945 0.946 3 * 3 5 7
8.5 0.961 0.961 0.964 3 * 3 5 7
9.0 0.968 0.968 0.970 3 * 3 5 7
9.5 0.982 0.982 0.983 3 * 3 5 7
10.0 0.983 0.983 0.983 3 * 3 5 7
0.5 0.000 0.000 0.000 1 * 1
1.0 0.000 0.000 0.000 1 * 1
1.5 0.255 0.228 0.210 1 * 3
2.0 0.447 0.399 0.366 1 * 3
2.5 0.476 0.448 0.425 1 * 4
3.0 0.580 0.567 0.539 2 * 3 5
3.5 0.640 0.623 0.589 2 * 3 6
4.0 0.672 0.667 0.658 2 * 3 6
4.5 0.670 0.610 0.670 1 * 7
5.0 0.770 0.729 0.764 2 * 5 7
5.5 0.807 0.807 0.810 3 * 3 5 7
6.0 0.846 0.846 0.849 3 * 3 5 7
6.5 0.883 0.919 0.802 3 * 3 6 8
7.0 0.918 0.918 0.920 3 * 3 5 7
7.5 0.936 0.936 0.939 3 * 3 5 7
8.0 0.954 0.954 0.955 3 * 3 5 7
8.5 0.962 0.962 0.964 3 * 3 5 7
9.0 0.971 0.971 0.972 3 * 3 5 7
9.5 0.978 0.978 0.979 3 * 3 5 7
10.0 0.981 0.981 0.982 3 * 3 5 7
0.5 0.000 0.000 0.000 1 * 1
1.0 0.000 0.000 0.000 1 * 1
1.5 0.232 0.207 0.190 1 * 3
2.0 0.428 0.382 0.350 1 * 3
2.5 0.442 0.428 0.387 2 * 3 5
3.0 0.571 0.556 0.526 2 * 3 5
3.5 0.683 0.670 0.645 2 * 3 5
4.0 0.653 0.644 0.631 2 * 3 7
4.5 0.682 0.620 0.682 1 * 7
5.0 0.739 0.699 0.730 2 * 5 7
5.5 0.798 0.798 0.800 3 * 3 5 7
6.0 0.866 0.866 0.869 3 * 3 5 7
6.5 0.893 0.893 0.896 3 * 3 5 7
7.0 0.914 0.914 0.917 3 * 3 5 7
7.5 0.939 0.939 0.941 3 * 3 5 7
8.0 0.954 0.954 0.956 3 * 3 5 7
8.5 0.955 0.955 0.958 3 * 3 5 7
9.0 0.972 0.972 0.973 3 * 3 5 7
9.5 0.977 0.977 0.978 3 * 3 5 7
10.0 0.982 0.982 0.983 3 * 3 5 7
0.5 0.000 0.000 0.000 1 * 1
1.0 0.000 0.000 0.000 1 * 1
1.5 0.254 0.227 0.208 1 * 3
2.0 0.445 0.397 0.364 1 * 3
2.5 0.407 0.395 0.392 1 * 5
3.0 0.587 0.574 0.548 2 * 3 5
3.5 0.678 0.666 0.642 2 * 3 5
4.0 0.659 0.620 0.659 1 * 6
4.5 0.676 0.617 0.676 1 * 7
5.0 0.751 0.711 0.743 2 * 5 7
5.5 0.810 0.765 0.805 2 * 5 7
6.0 0.842 0.842 0.845 3 * 3 5 7
6.5 0.887 0.887 0.889 3 * 3 5 7
7.0 0.918 0.918 0.921 3 * 3 5 7
7.5 0.932 0.932 0.934 3 * 3 5 7
8.0 0.954 0.954 0.957 3 * 3 5 7
8.5 0.956 0.956 0.957 3 * 3 5 7
9.0 0.971 0.971 0.973 3 * 3 5 7
9.5 0.977 0.977 0.979 3 * 3 5 7
10.0 0.980 0.980 0.982 3 * 3 5 7
0.5 0.000 0.000 0.000 1 * 1
1.0 0.000 0.000 0.000 1 * 1
1.5 0.267 0.239 0.219 1 * 3
2.0 0.448 0.400 0.367 1 * 3
2.5 0.417 0.402 0.401 1 * 5
3.0 0.582 0.568 0.539 2 * 3 5
3.5 0.681 0.668 0.642 2 * 3 5
4.0 0.727 0.750 0.637 3 * 3 5 7
4.5 0.660 0.600 0.660 1 * 7
5.0 0.753 0.713 0.745 2 * 5 7
5.5 0.798 0.798 0.800 3 * 3 5 7
6.0 0.849 0.849 0.852 3 * 3 5 7
6.5 0.888 0.888 0.891 3 * 3 5 7
7.0 0.914 0.914 0.917 3 * 3 5 7
7.5 0.936 0.936 0.939 3 * 3 5 7
8.0 0.947 0.947 0.949 3 * 3 5 7
8.5 0.964 0.964 0.965 3 * 3 5 7
9.0 0.969 0.969 0.970 3 * 3 5 7
9.5 0.980 0.980 0.982 3 * 3 5 7
10.0 0.986 0.986 0.988 3 * 3 5 7
0.5 0.000 0.000 0.000 1 * 1
1.0 0.000 0.000 0.000 1 * 1
1.5 0.231 0.206 0.189 1 * 3
2.0 0.459 0.410 0.376 1 * 3
2.5 0.450 0.438 0.393 2 * 3 5
3.0 0.583 0.569 0.542 2 * 3 5
3.5 0.684 0.672 0.647 2 * 3 5
4.0 0.729 0.710 0.673 2 * 3 6
4.5 0.675 0.613 0.675 1 * 7
5.0 0.755 0.714 0.748 2 * 5 7
5.5 0.807 0.807 0.810 3 * 3 5 7
6.0 0.851 0.851 0.854 3 * 3 5 7
6.5 0.888 0.888 0.891 3 * 3 5 7
7.0 0.919 0.919 0.922 3 * 3 5 7
7.5 0.936 0.936 0.938 3 * 3 5 7
8.0 0.954 0.954 0.957 3 * 3 5 7
8.5 0.969 0.969 0.970 3 * 3 5 7
9.0 0.972 0.972 0.974 3 * 3 5 7
9.5 0.975 0.975 0.976 3 * 3 5 7
10.0 0.983 0.983 0.985 3 * 3 5 7
0.5 0.000 0.000 0.000 1 * 1
1.0 0.000 0.000 0.000 1 * 1
1.5 0.239 0.214 0.197 1 * 3
2.0 0.445 0.397 0.364 1 * 3
2.5 0.466 0.444 0.424 1 * 4
3.0 0.586 0.572 0.544 2 * 3 5
3.5 0.686 0.673 0.648 2 * 3 5
4.0 0.719 0.742 0.632 3 * 3 5 7
4.5 0.679 0.616 0.679 1 * 7
5.0 0.748 0.748 0.749 3 * 3 5 7
5.5 0.792 0.792 0.794 3 * 3 5 7
6.0 0.853 0.853 0.858 3 * 3 5 7
6.5 0.895 0.895 0.898 3 * 3 5 7
7.0 0.917 0.917 0.920 3 * 3 5 7
7.5 0.932 0.932 0.935 3 * 3 5 7
8.0 0.950 0.950 0.953 3 * 3 5 7
8.5 0.966 0.966 0.967 3 * 3 5 7
9.0 0.973 0.973 0.974 3 * 3 5 7
9.5 0.980 0.980 0.981 3 * 3 5 7
10.0 0.983 0.983 0.985 3 * 3 5 7
0.5 0.000 0.000 0.000 1 * 1
1.0 0.000 0.000 0.000 1 * 1
1.5 0.262 0.234 0.215 1 * 3
2.0 0.441 0.394 0.361 1 * 3
2.5 0.398 0.386 0.383 1 * 5
3.0 0.571 0.556 0.527 2 * 3 5
3.5 0.653 0.634 0.597 2 * 3 6
4.0 0.731 0.712 0.673 2 * 3 6
4.5 0.679 0.617 0.679 1 * 7
5.0 0.742 0.676 0.742 1 * 7
5.5 0.805 0.805 0.807 3 * 3 5 7
6.0 0.857 0.857 0.860 3 * 3 5 7
6.5 0.879 0.879 0.883 3 * 3 5 7
7.0 0.910 0.910 0.913 3 * 3 5 7
7.5 0.933 0.933 0.934 3 * 3 5 7
8.0 0.952 0.952 0.953 3 * 3 5 7
8.5 0.963 0.963 0.964 3 * 3 5 7
9.0 0.971 0.971 0.973 3 * 3 5 7
9.5 0.977 0.977 0.979 3 * 3 5 7
10.0 0.983 0.983 0.984 3 * 3 5 7
