0.5 0.000 0.000 0.000 3 * 0.000 0.000 0.000
1.0 0.014 0.015 0.013 3 * 0.013 0.014 0.013
1.5 0.113 0.109 0.103 3 * 0.103 0.104 0.103
2.0 0.207 0.200 0.188 3 * 0.196 0.195 0.188
2.5 0.391 0.402 0.331 3 * 0.445 0.387 0.331
3.0 0.523 0.538 0.453 3 * 0.563 0.536 0.453
3.5 0.650 0.670 0.570 3 * 0.684 0.676 0.570
4.0 0.725 0.748 0.635 3 * 0.765 0.754 0.635
4.5 0.721 0.733 0.680 3 * 0.736 0.745 0.680
5.0 0.802 0.814 0.757 3 * 0.819 0.828 0.757
5.5 0.800 0.800 0.800 3 * 0.788 0.811 0.800
6.0 0.855 0.855 0.856 3 * 0.845 0.865 0.856
6.5 0.883 0.883 0.887 3 * 0.871 0.892 0.887
7.0 0.907 0.907 0.910 3 * 0.900 0.912 0.910
7.5 0.926 0.940 0.875 3 * 0.949 0.955 0.875
8.0 0.950 0.950 0.953 3 * 0.943 0.954 0.953
8.5 0.967 0.967 0.969 3 * 0.964 0.969 0.969
9.0 0.970 0.970 0.972 3 * 0.965 0.972 0.972
9.5 0.981 0.981 0.982 3 * 0.979 0.982 0.982
10.0 0.981 0.981 0.982 3 * 0.978 0.982 0.982
0.5 0.001 0.001 0.001 3 * 0.000 0.001 0.001
1.0 0.019 0.019 0.017 3 * 0.018 0.019 0.017
1.5 0.099 0.102 0.096 3 * 0.083 0.092 0.096
2.0 0.209 0.198 0.183 3 * 0.209 0.194 0.183
2.5 0.415 0.426 0.352 3 * 0.466 0.415 0.352
3.0 0.534 0.550 0.464 3 * 0.575 0.548 0.464
3.5 0.641 0.661 0.560 3 * 0.679 0.665 0.560
4.0 0.745 0.768 0.651 3 * 0.786 0.775 0.651
4.5 0.654 0.651 0.676 3 * 0.535 0.700 0.676
5.0 0.739 0.739 0.742 3 * 0.720 0.754 0.742
5.5 0.799 0.799 0.802 3 * 0.784 0.813 0.802
6.0 0.843 0.843 0.845 3 * 0.832 0.852 0.845
6.5 0.885 0.885 0.886 3 * 0.876 0.892 0.886
7.0 0.919 0.919 0.923 3 * 0.908 0.925 0.923
7.5 0.932 0.932 0.935 3 * 0.926 0.936 0.935
8.0 0.952 0.952 0.954 3 * 0.946 0.955 0.954
8.5 0.958 0.958 0.960 3 * 0.955 0.960 0.960
9.0 0.974 0.974 0.975 3 * 0.971 0.975 0.975
9.5 0.980 0.980 0.981 3 * 0.977 0.981 0.981
10.0 0.979 0.979 0.981 3 * 0.977 0.980 0.981
0.5 0.001 0.001 0.002 3 * 0.001 0.001 0.002
1.0 0.013 0.014 0.012 3 * 0.011 0.013 0.012
1.5 0.113 0.110 0.104 3 * 0.102 0.104 0.104
2.0 0.223 0.211 0.179 3 * 0.231 0.205 0.179
2.5 0.415 0.427 0.353 3 * 0.463 0.416 0.353
3.0 0.543 0.560 0.471 3 * 0.584 0.558 0.471
3.5 0.646 0.667 0.569 3 * 0.676 0.675 0.569
4.0 0.732 0.756 0.644 3 * 0.765 0.766 0.644
4.5 0.679 0.679 0.677 3 * 0.660 0.701 0.677
5.0 0.736 0.736 0.738 3 * 0.719 0.752 0.738
5.5 0.804 0.804 0.807 3 * 0.787 0.818 0.807
6.0 0.848 0.848 0.850 3 * 0.838 0.856 0.850
6.5 0.881 0.881 0.882 3 * 0.873 0.887 0.882
7.0 0.915 0.915 0.918 3 * 0.906 0.921 0.918
7.5 0.927 0.927 0.930 3 * 0.919 0.932 0.930
8.0 0.952 0.952 0.953 3 * 0.948 0.955 0.953
8.5 0.967 0.967 0.968 3 * 0.963 0.969 0.968
9.0 0.967 0.967 0.969 3 * 0.963 0.969 0.969
9.5 0.977 0.977 0.978 3 * 0.975 0.978 0.978
10.0 0.987 0.987 0.988 3 * 0.986 0.987 0.988
0.5 0.001 0.001 0.001 3 * 0.000 0.000 0.001
1.0 0.014 0.016 0.015 3 * 0.010 0.015 0.015
1.5 0.112 0.109 0.100 3 * 0.101 0.105 0.100
2.0 0.200 0.201 0.190 3 * 0.168 0.190 0.190
2.5 0.374 0.385 0.313 3 * 0.432 0.367 0.313
3.0 0.537 0.553 0.465 3 * 0.578 0.551 0.465
3.5 0.639 0.659 0.557 3 * 0.676 0.663 0.557
4.0 0.608 0.610 0.603 3 * 0.589 0.632 0.603
4.5 0.690 0.690 0.689 3 * 0.670 0.711 0.689
5.0 0.788 0.801 0.744 3 * 0.806 0.814 0.744
5.5 0.802 0.802 0.804 3 * 0.787 0.815 0.804
6.0 0.850 0.850 0.852 3 * 0.839 0.858 0.852
6.5 0.883 0.883 0.888 3 * 0.873 0.890 0.888
7.0 0.917 0.917 0.919 3 * 0.910 0.921 0.919
7.5 0.934 0.934 0.938 3 * 0.926 0.938 0.938
8.0 0.951 0.951 0.953 3 * 0.946 0.954 0.953
8.5 0.961 0.961 0.964 3 * 0.957 0.963 0.964
9.0 0.970 0.970 0.972 3 * 0.966 0.972 0.972
9.5 0.982 0.982 0.983 3 * 0.980 0.983 0.983
10.0 0.983 0.983 0.984 3 * 0.981 0.984 0.984
0.5 0.001 0.001 0.001 3 * 0.001 0.001 0.001
1.0 0.010 0.010 0.008 3 * 0.011 0.008 0.008
1.5 0.102 0.103 0.097 3 * 0.085 0.097 0.097
2.0 0.251 0.253 0.194 3 * 0.284 0.225 0.194
2.5 0.396 0.407 0.336 3 * 0.446 0.395 0.336
3.0 0.550 0.566 0.478 3 * 0.588 0.567 0.478
3.5 0.633 0.653 0.553 3 * 0.672 0.656 0.553
4.0 0.734 0.758 0.643 3 * 0.772 0.766 0.643
4.5 0.662 0.662 0.663 3 * 0.638 0.686 0.663
5.0 0.752 0.752 0.753 3 * 0.734 0.768 0.753
5.5 0.812 0.812 0.814 3 * 0.799 0.823 0.814
6.0 0.848 0.848 0.852 3 * 0.836 0.857 0.852
6.5 0.889 0.889 0.892 3 * 0.880 0.896 0.892
7.0 0.909 0.909 0.913 3 * 0.900 0.915 0.913
7.5 0.935 0.935 0.937 3 * 0.929 0.938 0.937
8.0 0.949 0.949 0.950 3 * 0.944 0.952 0.950
8.5 0.963 0.963 0.965 3 * 0.959 0.966 0.965
9.0 0.972 0.972 0.973 3 * 0.968 0.973 0.973
9.5 0.975 0.975 0.977 3 * 0.973 0.976 0.977
10.0 0.984 0.984 0.985 3 * 0.982 0.985 0.985
0.5 0.001 0.001 0.001 3 * 0.001 0.001 0.001
1.0 0.016 0.018 0.016 3 * 0.011 0.018 0.016
1.5 0.101 0.101 0.095 3 * 0.083 0.097 0.095
2.0 0.155 0.191 0.181 3 * 0.128 0.121 0.181
2.5 0.408 0.419 0.347 3 * 0.456 0.407 0.347
3.0 0.542 0.558 0.470 3 * 0.584 0.555 0.470
3.5 0.642 0.662 0.561 3 * 0.680 0.667 0.561
4.0 0.733 0.756 0.640 3 * 0.776 0.762 0.640
4.5 0.680 0.680 0.680 3 * 0.659 0.700 0.680
5.0 0.756 0.756 0.759 3 * 0.736 0.773 0.759
5.5 0.811 0.811 0.813 3 * 0.799 0.823 0.813
6.0 0.849 0.849 0.852 3 * 0.838 0.857 0.852
6.5 0.879 0.879 0.881 3 * 0.870 0.885 0.881
7.0 0.913 0.913 0.917 3 * 0.904 0.919 0.917
7.5 0.934 0.934 0.937 3 * 0.927 0.938 0.937
8.0 0.949 0.949 0.951 3 * 0.944 0.952 0.951
8.5 0.964 0.964 0.965 3 * 0.961 0.965 0.965
9.0 0.972 0.972 0.973 3 * 0.969 0.973 0.973
9.5 0.980 0.980 0.981 3 * 0.978 0.981 0.981
10.0 0.983 0.983 0.984 3 * 0.981 0.984 0.984
0.5 0.001 0.001 0.001 3 * 0.001 0.001 0.001
1.0 0.021 0.020 0.018 3 * 0.023 0.018 0.018
1.5 0.107 0.108 0.101 3 * 0.087 0.104 0.101
2.0 0.217 0.207 0.184 3 * 0.214 0.202 0.184
2.5 0.401 0.412 0.336 3 * 0.460 0.396 0.336
3.0 0.544 0.560 0.472 3 * 0.584 0.559 0.472
3.5 0.650 0.671 0.568 3 * 0.688 0.675 0.568
4.0 0.720 0.743 0.630 3 * 0.761 0.749 0.630
4.5 0.681 0.681 0.682 3 * 0.659 0.702 0.682
5.0 0.757 0.757 0.760 3 * 0.740 0.770 0.760
5.5 0.794 0.794 0.797 3 * 0.778 0.808 0.797
6.0 0.839 0.839 0.843 3 * 0.825 0.850 0.843
6.5 0.892 0.892 0.894 3 * 0.884 0.898 0.894
7.0 0.916 0.916 0.920 3 * 0.907 0.922 0.920
7.5 0.938 0.938 0.940 3 * 0.932 0.941 0.940
8.0 0.953 0.953 0.955 3 * 0.948 0.955 0.955
8.5 0.965 0.965 0.966 3 * 0.960 0.967 0.966
9.0 0.969 0.969 0.971 3 * 0.965 0.971 0.971
9.5 0.979 0.979 0.980 3 * 0.977 0.979 0.980
10.0 0.983 0.983 0.984 3 * 0.982 0.984 0.984
0.5 0.001 0.001 0.001 3 * 0.000 0.001 0.001
1.0 0.010 0.010 0.009 3 * 0.009 0.010 0.009
1.5 0.132 0.125 0.103 3 * 0.141 0.118 0.103
2.0 0.210 0.200 0.190 3 * 0.207 0.191 0.190
2.5 0.398 0.409 0.339 3 * 0.448 0.397 0.339
3.0 0.555 0.571 0.481 3 * 0.597 0.570 0.481
3.5 0.639 0.659 0.559 3 * 0.674 0.664 0.559
4.0 0.716 0.739 0.631 3 * 0.750 0.749 0.631
4.5 0.674 0.674 0.672 3 * 0.657 0.694 0.672
5.0 0.747 0.747 0.749 3 * 0.727 0.765 0.749
5.5 0.791 0.791 0.793 3 * 0.774 0.804 0.793
6.0 0.851 0.851 0.853 3 * 0.842 0.860 0.853
6.5 0.893 0.893 0.897 3 * 0.882 0.899 0.897
7.0 0.910 0.910 0.913 3 * 0.901 0.915 0.913
7.5 0.935 0.935 0.938 3 * 0.929 0.938 0.938
8.0 0.946 0.946 0.949 3 * 0.942 0.949 0.949
8.5 0.961 0.961 0.962 3 * 0.957 0.963 0.962
9.0 0.972 0.972 0.974 3 * 0.969 0.973 0.974
9.5 0.978 0.978 0.980 3 * 0.976 0.980 0.980
10.0 0.985 0.985 0.986 3 * 0.982 0.986 0.986
0.5 0.000 0.000 0.000 3 * 0.000 0.000 0.000
1.0 0.015 0.015 0.013 3 * 0.016 0.014 0.013
1.5 0.130 0.124 0.104 3 * 0.136 0.120 0.104
2.0 0.242 0.245 0.201 3 * 0.275 0.212 0.201
2.5 0.397 0.408 0.336 3 * 0.447 0.396 0.336
3.0 0.541 0.557 0.468 3 * 0.584 0.554 0.468
3.5 0.658 0.678 0.574 3 * 0.699 0.681 0.574
4.0 0.738 0.762 0.648 3 * 0.774 0.770 0.648
4.5 0.688 0.688 0.685 3 * 0.672 0.707 0.685
5.0 0.765 0.765 0.766 3 * 0.749 0.778 0.766
5.5 0.802 0.802 0.805 3 * 0.787 0.814 0.805
6.0 0.856 0.856 0.859 3 * 0.844 0.865 0.859
6.5 0.896 0.896 0.899 3 * 0.887 0.901 0.899
7.0 0.909 0.909 0.911 3 * 0.901 0.914 0.911
7.5 0.940 0.940 0.941 3 * 0.936 0.943 0.941
8.0 0.946 0.946 0.947 3 * 0.941 0.948 0.947
8.5 0.961 0.961 0.964 3 * 0.956 0.963 0.964
9.0 0.970 0.970 0.973 3 * 0.966 0.972 0.973
9.5 0.979 0.979 0.980 3 * 0.977 0.980 0.980
10.0 0.983 0.983 0.984 3 * 0.982 0.983 0.984
0.5 0.001 0.001 0.001 3 * 0.000 0.000 0.001
1.0 0.011 0.013 0.013 3 * 0.006 0.012 0.013
1.5 0.130 0.129 0.099 3 * 0.147 0.114 0.099
2.0 0.211 0.207 0.198 3 * 0.209 0.190 0.198
2.5 0.418 0.430 0.357 3 * 0.464 0.421 0.357
3.0 0.549 0.566 0.479 3 * 0.585 0.567 0.479
3.5 0.647 0.668 0.564 3 * 0.688 0.671 0.564
4.0 0.590 0.587 0.604 3 * 0.487 0.632 0.604
4.5 0.644 0.640 0.662 3 * 0.534 0.689 0.662
5.0 0.754 0.754 0.756 3 * 0.741 0.766 0.756
5.5 0.798 0.798 0.802 3 * 0.780 0.812 0.802
6.0 0.845 0.845 0.848 3 * 0.834 0.853 0.848
6.5 0.882 0.882 0.883 3 * 0.873 0.888 0.883
7.0 0.922 0.922 0.924 3 * 0.916 0.926 0.924
7.5 0.935 0.935 0.937 3 * 0.928 0.938 0.937
8.0 0.944 0.944 0.946 3 * 0.938 0.948 0.946
8.5 0.961 0.961 0.963 3 * 0.958 0.963 0.963
9.0 0.968 0.968 0.969 3 * 0.965 0.969 0.969
9.5 0.982 0.982 0.983 3 * 0.980 0.983 0.983
10.0 0.981 0.981 0.982 3 * 0.979 0.982 0.982
0.5 0.001 0.001 0.001 3 * 0.000 0.001 0.001
1.0 0.013 0.013 0.011 3 * 0.015 0.012 0.011
1.5 0.123 0.118 0.101 3 * 0.126 0.114 0.101
2.0 0.198 0.211 0.187 3 * 0.145 0.205 0.187
2.5 0.410 0.421 0.345 3 * 0.467 0.406 0.345
3.0 0.520 0.535 0.448 3 * 0.569 0.529 0.448
3.5 0.649 0.669 0.568 3 * 0.684 0.675 0.568
4.0 0.736 0.759 0.644 3 * 0.775 0.766 0.644
4.5 0.677 0.677 0.675 3 * 0.657 0.699 0.675
5.0 0.713 0.709 0.740 3 * 0.591 0.757 0.740
5.5 0.808 0.808 0.811 3 * 0.794 0.819 0.811
6.0 0.852 0.852 0.855 3 * 0.840 0.862 0.855
6.5 0.889 0.889 0.892 3 * 0.879 0.897 0.892
7.0 0.908 0.908 0.911 3 * 0.900 0.914 0.911
7.5 0.931 0.931 0.934 3 * 0.923 0.935 0.934
8.0 0.948 0.948 0.950 3 * 0.943 0.950 0.950
8.5 0.962 0.962 0.964 3 * 0.958 0.965 0.964
9.0 0.970 0.970 0.972 3 * 0.967 0.972 0.972
9.5 0.977 0.977 0.978 3 * 0.975 0.978 0.978
10.0 0.978 0.978 0.979 3 * 0.976 0.979 0.979
0.5 0.001 0.001 0.001 3 * 0.000 0.001 0.001
1.0 0.009 0.009 0.008 3 * 0.008 0.009 0.008
1.5 0.097 0.111 0.104 3 * 0.054 0.104 0.104
2.0 0.201 0.211 0.187 3 * 0.162 0.206 0.187
2.5 0.402 0.412 0.340 3 * 0.454 0.399 0.340
3.0 0.556 0.573 0.485 3 * 0.592 0.574 0.485
3.5 0.634 0.654 0.555 3 * 0.668 0.660 0.555
4.0 0.537 0.527 0.570 3 * 0.465 0.525 0.570
4.5 0.641 0.637 0.662 3 * 0.524 0.687 0.662
5.0 0.749 0.749 0.751 3 * 0.731 0.765 0.751
5.5 0.811 0.811 0.811 3 * 0.799 0.823 0.811
6.0 0.843 0.843 0.845 3 * 0.829 0.853 0.845
6.5 0.877 0.877 0.882 3 * 0.865 0.885 0.882
7.0 0.913 0.913 0.914 3 * 0.908 0.917 0.914
7.5 0.936 0.936 0.938 3 * 0.932 0.939 0.938
8.0 0.950 0.950 0.953 3 * 0.944 0.953 0.953
8.5 0.957 0.957 0.960 3 * 0.952 0.960 0.960
9.0 0.972 0.972 0.974 3 * 0.969 0.974 0.974
9.5 0.979 0.979 0.981 3 * 0.978 0.980 0.981
10.0 0.984 0.984 0.985 3 * 0.981 0.986 0.985
0.5 0.000 0.001 0.001 3 * 0.000 0.000 0.001
1.0 0.010 0.010 0.008 3 * 0.010 0.009 0.008
1.5 0.119 0.113 0.106 3 * 0.110 0.109 0.106
2.0 0.221 0.208 0.184 3 * 0.234 0.195 0.184
2.5 0.416 0.428 0.354 3 * 0.466 0.416 0.354
3.0 0.535 0.551 0.465 3 * 0.574 0.551 0.465
3.5 0.635 0.655 0.556 3 * 0.667 0.662 0.556
4.0 0.661 0.671 0.627 3 * 0.672 0.684 0.627
4.5 0.653 0.648 0.675 3 * 0.534 0.697 0.675
5.0 0.750 0.750 0.750 3 * 0.735 0.765 0.750
5.5 0.813 0.813 0.815 3 * 0.799 0.824 0.815
6.0 0.848 0.848 0.853 3 * 0.833 0.859 0.853
6.5 0.900 0.900 0.901 3 * 0.893 0.905 0.901
7.0 0.916 0.916 0.918 3 * 0.909 0.920 0.918
7.5 0.937 0.937 0.939 3 * 0.931 0.940 0.939
8.0 0.951 0.951 0.953 3 * 0.948 0.954 0.953
8.5 0.962 0.962 0.964 3 * 0.957 0.965 0.964
9.0 0.967 0.967 0.970 3 * 0.963 0.969 0.970
9.5 0.980 0.980 0.981 3 * 0.977 0.981 0.981
10.0 0.981 0.981 0.982 3 * 0.979 0.982 0.982
0.5 0.000 0.000 0.001 3 * 0.000 0.000 0.001
1.0 0.012 0.012 0.011 3 * 0.012 0.011 0.011
1.5 0.123 0.119 0.111 3 * 0.111 0.114 0.111
2.0 0.233 0.218 0.189 3 * 0.241 0.210 0.189
2.5 0.383 0.392 0.324 3 * 0.437 0.376 0.324
3.0 0.527 0.543 0.458 3 * 0.566 0.542 0.458
3.5 0.642 0.663 0.562 3 * 0.677 0.669 0.562
4.0 0.735 0.759 0.646 3 * 0.772 0.767 0.646
4.5 0.685 0.685 0.687 3 * 0.663 0.705 0.687
5.0 0.735 0.735 0.736 3 * 0.716 0.752 0.736
5.5 0.808 0.808 0.810 3 * 0.795 0.819 0.810
6.0 0.844 0.844 0.847 3 * 0.829 0.855 0.847
6.5 0.887 0.887 0.890 3 * 0.878 0.893 0.890
7.0 0.919 0.919 0.920 3 * 0.914 0.922 0.920
7.5 0.935 0.935 0.938 3 * 0.929 0.939 0.938
8.0 0.952 0.952 0.955 3 * 0.947 0.955 0.955
8.5 0.959 0.959 0.960 3 * 0.956 0.961 0.960
9.0 0.974 0.974 0.976 3 * 0.971 0.975 0.976
9.5 0.976 0.976 0.977 3 * 0.974 0.977 0.977
10.0 0.985 0.985 0.986 3 * 0.982 0.986 0.986
0.5 0.000 0.000 0.001 3 * 0.000 0.000 0.001
1.0 0.019 0.020 0.018 3 * 0.015 0.019 0.018
1.5 0.127 0.118 0.111 3 * 0.129 0.108 0.111
2.0 0.204 0.198 0.187 3 * 0.213 0.176 0.187
2.5 0.399 0.409 0.342 3 * 0.444 0.398 0.342
3.0 0.536 0.552 0.465 3 * 0.578 0.549 0.465
3.5 0.642 0.662 0.563 3 * 0.674 0.669 0.563
4.0 0.743 0.767 0.650 3 * 0.784 0.773 0.650
4.5 0.740 0.753 0.699 3 * 0.756 0.766 0.699
5.0 0.779 0.792 0.739 3 * 0.789 0.810 0.739
5.5 0.800 0.800 0.804 3 * 0.784 0.813 0.804
6.0 0.852 0.852 0.856 3 * 0.839 0.861 0.856
6.5 0.892 0.892 0.894 3 * 0.884 0.898 0.894
7.0 0.911 0.911 0.914 3 * 0.905 0.915 0.914
7.5 0.937 0.937 0.940 3 * 0.931 0.940 0.940
8.0 0.954 0.954 0.957 3 * 0.949 0.957 0.957
8.5 0.965 0.965 0.967 3 * 0.961 0.968 0.967
9.0 0.970 0.970 0.971 3 * 0.967 0.972 0.971
9.5 0.977 0.977 0.979 3 * 0.974 0.978 0.979
10.0 0.981 0.981 0.983 3 * 0.978 0.983 0.983
0.5 0.001 0.001 0.001 3 * 0.000 0.000 0.001
1.0 0.010 0.011 0.011 3 * 0.008 0.009 0.011
1.5 0.117 0.112 0.099 3 * 0.115 0.109 0.099
2.0 0.215 0.206 0.187 3 * 0.211 0.201 0.187
2.5 0.409 0.421 0.349 3 * 0.457 0.410 0.349
3.0 0.537 0.553 0.467 3 * 0.574 0.553 0.467
3.5 0.628 0.648 0.549 3 * 0.663 0.653 0.549
4.0 0.741 0.764 0.645 3 * 0.786 0.769 0.645
4.5 0.658 0.652 0.680 3 * 0.541 0.702 0.680
5.0 0.741 0.741 0.740 3 * 0.725 0.757 0.740
5.5 0.805 0.805 0.807 3 * 0.789 0.819 0.807
6.0 0.854 0.854 0.858 3 * 0.840 0.865 0.858
6.5 0.886 0.886 0.889 3 * 0.876 0.892 0.889
7.0 0.912 0.912 0.914 3 * 0.905 0.917 0.914
7.5 0.938 0.938 0.939 3 * 0.932 0.941 0.939
8.0 0.952 0.952 0.955 3 * 0.947 0.955 0.955
8.5 0.961 0.961 0.964 3 * 0.956 0.964 0.964
9.0 0.972 0.972 0.974 3 * 0.969 0.974 0.974
9.5 0.979 0.979 0.979 3 * 0.978 0.979 0.979
10.0 0.984 0.984 0.985 3 * 0.982 0.985 0.985
0.5 0.001 0.001 0.001 3 * 0.000 0.001 0.001
1.0 0.012 0.013 0.012 3 * 0.009 0.013 0.012
1.5 0.130 0.124 0.103 3 * 0.140 0.117 0.103
2.0 0.206 0.204 0.184 3 * 0.228 0.166 0.184
2.5 0.398 0.409 0.335 3 * 0.454 0.393 0.335
3.0 0.542 0.558 0.473 3 * 0.578 0.559 0.473
3.5 0.661 0.682 0.578 3 * 0.696 0.688 0.578
4.0 0.727 0.750 0.638 3 * 0.762 0.759 0.638
4.5 0.726 0.737 0.689 3 * 0.736 0.752 0.689
5.0 0.747 0.747 0.749 3 * 0.729 0.762 0.749
5.5 0.834 0.847 0.787 3 * 0.853 0.860 0.787
6.0 0.842 0.842 0.845 3 * 0.828 0.852 0.845
6.5 0.884 0.884 0.887 3 * 0.874 0.890 0.887
7.0 0.915 0.915 0.917 3 * 0.909 0.920 0.917
7.5 0.932 0.932 0.934 3 * 0.926 0.936 0.934
8.0 0.946 0.946 0.949 3 * 0.940 0.949 0.949
8.5 0.961 0.961 0.963 3 * 0.957 0.963 0.963
9.0 0.975 0.975 0.976 3 * 0.972 0.976 0.976
9.5 0.976 0.976 0.978 3 * 0.973 0.977 0.978
10.0 0.983 0.983 0.985 3 * 0.981 0.984 0.985
0.5 0.001 0.001 0.001 3 * 0.001 0.001 0.001
1.0 0.004 0.004 0.004 3 * 0.004 0.004 0.004
1.5 0.086 0.108 0.102 3 * 0.064 0.068 0.102
2.0 0.231 0.220 0.193 3 * 0.247 0.206 0.193
2.5 0.412 0.423 0.349 3 * 0.462 0.412 0.349
3.0 0.548 0.565 0.477 3 * 0.586 0.565 0.477
3.5 0.666 0.687 0.580 3 * 0.711 0.688 0.580
4.0 0.735 0.758 0.644 3 * 0.775 0.765 0.644
4.5 0.672 0.672 0.673 3 * 0.647 0.694 0.673
5.0 0.744 0.744 0.747 3 * 0.722 0.762 0.747
5.5 0.802 0.802 0.804 3 * 0.788 0.814 0.804
6.0 0.858 0.858 0.861 3 * 0.846 0.865 0.861
6.5 0.899 0.899 0.901 3 * 0.890 0.905 0.901
7.0 0.919 0.919 0.922 3 * 0.911 0.923 0.922
7.5 0.933 0.933 0.934 3 * 0.927 0.937 0.934
8.0 0.951 0.951 0.954 3 * 0.947 0.953 0.954
8.5 0.961 0.961 0.964 3 * 0.955 0.964 0.964
9.0 0.975 0.975 0.976 3 * 0.973 0.976 0.976
9.5 0.978 0.978 0.979 3 * 0.976 0.979 0.979
10.0 0.984 0.984 0.985 3 * 0.982 0.985 0.985
0.5 0.001 0.001 0.001 3 * 0.001 0.001 0.001
1.0 0.007 0.011 0.010 3 * 0.003 0.006 0.010
1.5 0.134 0.127 0.106 3 * 0.141 0.122 0.106
2.0 0.248 0.252 0.198 3 * 0.283 0.212 0.198
2.5 0.424 0.436 0.361 3 * 0.471 0.426 0.361
3.0 0.538 0.554 0.465 3 * 0.582 0.551 0.465
3.5 0.674 0.695 0.588 3 * 0.713 0.700 0.588
4.0 0.742 0.765 0.650 3 * 0.781 0.773 0.650
4.5 0.650 0.643 0.669 3 * 0.533 0.692 0.669
5.0 0.786 0.798 0.745 3 * 0.799 0.813 0.745
5.5 0.829 0.842 0.783 3 * 0.849 0.856 0.783
6.0 0.856 0.856 0.858 3 * 0.846 0.864 0.858
6.5 0.886 0.886 0.889 3 * 0.877 0.892 0.889
7.0 0.919 0.919 0.922 3 * 0.913 0.923 0.922
7.5 0.931 0.931 0.935 3 * 0.923 0.936 0.935
8.0 0.955 0.955 0.956 3 * 0.952 0.957 0.956
8.5 0.960 0.960 0.963 3 * 0.956 0.963 0.963
9.0 0.970 0.970 0.971 3 * 0.966 0.972 0.971
9.5 0.978 0.978 0.980 3 * 0.974 0.979 0.980
10.0 0.984 0.984 0.986 3 * 0.982 0.985 0.986
0.5 0.001 0.001 0.001 3 * 0.000 0.000 0.001
1.0 0.018 0.017 0.014 3 * 0.019 0.016 0.014
1.5 0.135 0.131 0.112 3 * 0.147 0.115 0.112
2.0 0.204 0.201 0.185 3 * 0.188 0.197 0.185
2.5 0.400 0.411 0.338 3 * 0.452 0.398 0.338
3.0 0.546 0.562 0.475 3 * 0.582 0.563 0.475
3.5 0.647 0.667 0.566 3 * 0.685 0.671 0.566
4.0 0.748 0.771 0.654 3 * 0.788 0.778 0.654
4.5 0.666 0.666 0.664 3 * 0.646 0.688 0.664
5.0 0.745 0.745 0.743 3 * 0.731 0.760 0.743
5.5 0.806 0.806 0.808 3 * 0.792 0.817 0.808
6.0 0.841 0.841 0.844 3 * 0.828 0.851 0.844
6.5 0.897 0.897 0.900 3 * 0.889 0.903 0.900
7.0 0.922 0.922 0.924 3 * 0.916 0.927 0.924
7.5 0.935 0.935 0.938 3 * 0.928 0.939 0.938
8.0 0.952 0.952 0.954 3 * 0.947 0.954 0.954
8.5 0.964 0.964 0.966 3 * 0.960 0.966 0.966
9.0 0.974 0.974 0.975 3 * 0.973 0.975 0.975
9.5 0.973 0.973 0.975 3 * 0.970 0.975 0.975
10.0 0.987 0.987 0.988 3 * 0.985 0.988 0.988
0.5 0.001 0.001 0.001 3 * 0.000 0.000 0.001
1.0 0.018 0.018 0.016 3 * 0.018 0.017 0.016
1.5 0.128 0.125 0.104 3 * 0.127 0.121 0.104
2.0 0.224 0.213 0.190 3 * 0.236 0.205 0.190
2.5 0.379 0.390 0.317 3 * 0.437 0.372 0.317
3.0 0.540 0.556 0.467 3 * 0.583 0.553 0.467
3.5 0.668 0.689 0.582 3 * 0.710 0.691 0.582
4.0 0.736 0.759 0.645 3 * 0.774 0.766 0.645
4.5 0.673 0.670 0.698 3 * 0.552 0.718 0.698
5.0 0.754 0.754 0.755 3 * 0.735 0.770 0.755
5.5 0.797 0.797 0.800 3 * 0.782 0.809 0.800
6.0 0.850 0.850 0.852 3 * 0.840 0.858 0.852
6.5 0.890 0.890 0.892 3 * 0.881 0.896 0.892
7.0 0.911 0.911 0.915 3 * 0.902 0.916 0.915
7.5 0.932 0.932 0.935 3 * 0.924 0.937 0.935
8.0 0.951 0.951 0.953 3 * 0.947 0.954 0.953
8.5 0.963 0.963 0.964 3 * 0.960 0.964 0.964
9.0 0.972 0.972 0.973 3 * 0.969 0.973 0.973
9.5 0.977 0.977 0.978 3 * 0.974 0.978 0.978
10.0 0.982 0.982 0.983 3 * 0.980 0.984 0.983
0.5 0.001 0.001 0.001 3 * 0.000 0.001 0.001
1.0 0.019 0.022 0.020 3 * 0.012 0.021 0.020
1.5 0.113 0.113 0.102 3 * 0.097 0.109 0.102
2.0 0.255 0.254 0.204 3 * 0.285 0.238 0.204
2.5 0.391 0.402 0.329 3 * 0.446 0.387 0.329
3.0 0.542 0.559 0.471 3 * 0.581 0.559 0.471
3.5 0.645 0.665 0.565 3 * 0.679 0.671 0.565
4.0 0.649 0.660 0.618 3 * 0.655 0.675 0.618
4.5 0.666 0.666 0.665 3 * 0.642 0.691 0.665
5.0 0.752 0.752 0.754 3 * 0.733 0.770 0.754
5.5 0.811 0.811 0.814 3 * 0.797 0.823 0.814
6.0 0.843 0.843 0.845 3 * 0.831 0.852 0.845
6.5 0.886 0.886 0.888 3 * 0.878 0.891 0.888
7.0 0.914 0.914 0.915 3 * 0.908 0.918 0.915
7.5 0.937 0.937 0.941 3 * 0.930 0.941 0.941
8.0 0.956 0.956 0.958 3 * 0.951 0.958 0.958
8.5 0.959 0.959 0.961 3 * 0.955 0.961 0.961
9.0 0.970 0.970 0.971 3 * 0.967 0.972 0.971
9.5 0.979 0.979 0.980 3 * 0.975 0.980 0.980
10.0 0.982 0.982 0.983 3 * 0.981 0.983 0.983
0.5 0.000 0.000 0.000 3 * 0.000 0.000 0.000
1.0 0.013 0.013 0.012 3 * 0.014 0.012 0.012
1.5 0.110 0.110 0.103 3 * 0.091 0.106 0.103
2.0 0.208 0.197 0.182 3 * 0.203 0.193 0.182
2.5 0.411 0.422 0.349 3 * 0.461 0.411 0.349
3.0 0.547 0.563 0.476 3 * 0.583 0.565 0.476
3.5 0.671 0.692 0.584 3 * 0.716 0.694 0.584
4.0 0.727 0.750 0.637 3 * 0.766 0.758 0.637
4.5 0.693 0.693 0.692 3 * 0.674 0.713 0.692
5.0 0.742 0.742 0.743 3 * 0.728 0.757 0.743
5.5 0.808 0.808 0.810 3 * 0.795 0.819 0.810
6.0 0.845 0.845 0.849 3 * 0.832 0.855 0.849
6.5 0.886 0.886 0.889 3 * 0.876 0.893 0.889
7.0 0.911 0.911 0.914 3 * 0.904 0.916 0.914
7.5 0.933 0.933 0.935 3 * 0.928 0.937 0.935
8.0 0.947 0.947 0.949 3 * 0.944 0.949 0.949
8.5 0.964 0.964 0.965 3 * 0.961 0.965 0.965
9.0 0.969 0.969 0.971 3 * 0.967 0.971 0.971
9.5 0.978 0.978 0.979 3 * 0.975 0.979 0.979
10.0 0.984 0.984 0.985 3 * 0.981 0.985 0.985
0.5 0.001 0.001 0.001 3 * 0.000 0.001 0.001
1.0 0.013 0.013 0.012 3 * 0.013 0.012 0.012
1.5 0.141 0.143 0.110 3 * 0.163 0.118 0.110
2.0 0.201 0.193 0.183 3 * 0.199 0.180 0.183
2.5 0.405 0.416 0.342 3 * 0.458 0.403 0.342
3.0 0.524 0.540 0.457 3 * 0.557 0.542 0.457
3.5 0.644 0.664 0.560 3 * 0.687 0.666 0.560
4.0 0.736 0.759 0.645 3 * 0.776 0.766 0.645
4.5 0.663 0.658 0.687 3 * 0.545 0.706 0.687
5.0 0.752 0.752 0.755 3 * 0.734 0.769 0.755
5.5 0.796 0.796 0.799 3 * 0.782 0.808 0.799
6.0 0.841 0.841 0.844 3 * 0.830 0.850 0.844
6.5 0.884 0.884 0.888 3 * 0.874 0.892 0.888
7.0 0.919 0.919 0.921 3 * 0.913 0.923 0.921
7.5 0.928 0.928 0.931 3 * 0.922 0.931 0.931
8.0 0.951 0.951 0.953 3 * 0.948 0.953 0.953
8.5 0.961 0.961 0.964 3 * 0.956 0.964 0.964
9.0 0.970 0.970 0.972 3 * 0.968 0.972 0.972
9.5 0.977 0.977 0.978 3 * 0.974 0.978 0.978
10.0 0.983 0.983 0.984 3 * 0.981 0.983 0.984
0.5 0.001 0.001 0.001 3 * 0.000 0.001 0.001
1.0 0.007 0.007 0.006 3 * 0.008 0.006 0.006
1.5 0.130 0.128 0.106 3 * 0.144 0.112 0.106
2.0 0.238 0.234 0.189 3 * 0.262 0.211 0.189
2.5 0.408 0.419 0.347 3 * 0.458 0.407 0.347
3.0 0.537 0.553 0.467 3 * 0.575 0.553 0.467
3.5 0.648 0.668 0.566 3 * 0.685 0.672 0.566
4.0 0.743 0.766 0.649 3 * 0.787 0.771 0.649
4.5 0.653 0.645 0.670 3 * 0.540 0.697 0.670
5.0 0.737 0.737 0.738 3 * 0.718 0.756 0.738
5.5 0.811 0.811 0.813 3 * 0.798 0.822 0.813
6.0 0.857 0.857 0.859 3 * 0.847 0.864 0.859
6.5 0.896 0.910 0.846 3 * 0.918 0.924 0.846
7.0 0.915 0.915 0.918 3 * 0.908 0.918 0.918
7.5 0.938 0.938 0.942 3 * 0.931 0.942 0.942
8.0 0.949 0.949 0.950 3 * 0.945 0.951 0.950
8.5 0.959 0.959 0.962 3 * 0.954 0.962 0.962
9.0 0.973 0.973 0.974 3 * 0.969 0.975 0.974
9.5 0.979 0.979 0.980 3 * 0.976 0.980 0.980
10.0 0.981 0.981 0.983 3 * 0.979 0.983 0.983
0.5 0.001 0.001 0.001 3 * 0.000 0.001 0.001
1.0 0.013 0.014 0.013 3 * 0.010 0.013 0.013
1.5 0.117 0.113 0.100 3 * 0.112 0.110 0.100
2.0 0.213 0.199 0.178 3 * 0.223 0.190 0.178
2.5 0.404 0.415 0.345 3 * 0.450 0.406 0.345
3.0 0.548 0.565 0.479 3 * 0.583 0.566 0.479
3.5 0.654 0.674 0.571 3 * 0.695 0.677 0.571
4.0 0.739 0.763 0.647 3 * 0.780 0.769 0.647
4.5 0.682 0.682 0.683 3 * 0.661 0.702 0.683
5.0 0.734 0.734 0.737 3 * 0.714 0.752 0.737
5.5 0.804 0.804 0.807 3 * 0.788 0.817 0.807
6.0 0.848 0.848 0.850 3 * 0.837 0.856 0.850
6.5 0.890 0.890 0.892 3 * 0.881 0.896 0.892
7.0 0.915 0.915 0.916 3 * 0.909 0.919 0.916
7.5 0.941 0.941 0.943 3 * 0.937 0.944 0.943
8.0 0.949 0.949 0.952 3 * 0.943 0.952 0.952
8.5 0.961 0.961 0.964 3 * 0.957 0.964 0.964
9.0 0.975 0.975 0.976 3 * 0.973 0.976 0.976
9.5 0.975 0.975 0.977 3 * 0.973 0.977 0.977
10.0 0.981 0.981 0.982 3 * 0.977 0.982 0.982
0.5 0.001 0.001 0.001 3 * 0.000 0.001 0.001
1.0 0.026 0.025 0.021 3 * 0.025 0.024 0.021
1.5 0.122 0.116 0.099 3 * 0.130 0.111 0.099
2.0 0.254 0.252 0.206 3 * 0.284 0.237 0.206
2.5 0.390 0.400 0.329 3 * 0.444 0.386 0.329
3.0 0.548 0.565 0.478 3 * 0.585 0.566 0.478
3.5 0.647 0.667 0.568 3 * 0.678 0.674 0.568
4.0 0.735 0.758 0.644 3 * 0.774 0.765 0.644
4.5 0.645 0.642 0.667 3 * 0.534 0.688 0.667
5.0 0.739 0.739 0.739 3 * 0.723 0.755 0.739
5.5 0.802 0.802 0.804 3 * 0.791 0.812 0.804
6.0 0.852 0.852 0.855 3 * 0.840 0.860 0.855
6.5 0.890 0.890 0.892 3 * 0.883 0.896 0.892
7.0 0.914 0.914 0.917 3 * 0.907 0.919 0.917
7.5 0.935 0.935 0.937 3 * 0.930 0.938 0.937
8.0 0.952 0.952 0.954 3 * 0.947 0.955 0.954
8.5 0.959 0.959 0.962 3 * 0.953 0.962 0.962
9.0 0.975 0.975 0.977 3 * 0.972 0.977 0.977
9.5 0.977 0.977 0.978 3 * 0.974 0.978 0.978
10.0 0.985 0.985 0.986 3 * 0.983 0.986 0.986
0.5 0.001 0.001 0.001 3 * 0.000 0.001 0.001
1.0 0.010 0.011 0.010 3 * 0.007 0.011 0.010
1.5 0.121 0.114 0.097 3 * 0.129 0.106 0.097
2.0 0.250 0.251 0.208 3 * 0.281 0.234 0.208
2.5 0.394 0.405 0.335 3 * 0.444 0.393 0.335
3.0 0.541 0.558 0.471 3 * 0.578 0.558 0.471
3.5 0.647 0.668 0.564 3 * 0.688 0.671 0.564
4.0 0.745 0.769 0.652 3 * 0.787 0.775 0.652
4.5 0.657 0.652 0.679 3 * 0.539 0.701 0.679
5.0 0.736 0.736 0.738 3 * 0.713 0.756 0.738
5.5 0.811 0.811 0.813 3 * 0.800 0.820 0.813
6.0 0.850 0.850 0.853 3 * 0.838 0.859 0.853
6.5 0.889 0.889 0.892 3 * 0.880 0.895 0.892
7.0 0.907 0.907 0.911 3 * 0.898 0.912 0.911
7.5 0.937 0.937 0.940 3 * 0.931 0.940 0.940
8.0 0.946 0.946 0.948 3 * 0.943 0.948 0.948
8.5 0.960 0.960 0.962 3 * 0.955 0.962 0.962
9.0 0.967 0.967 0.969 3 * 0.962 0.969 0.969
9.5 0.976 0.976 0.977 3 * 0.975 0.977 0.977
10.0 0.986 0.986 0.987 3 * 0.984 0.986 0.987
0.5 0.000 0.000 0.001 3 * 0.000 0.000 0.001
1.0 0.016 0.016 0.013 3 * 0.018 0.015 0.013
1.5 0.098 0.106 0.099 3 * 0.065 0.102 0.099
2.0 0.236 0.229 0.187 3 * 0.257 0.217 0.187
2.5 0.411 0.422 0.351 3 * 0.455 0.413 0.351
3.0 0.548 0.565 0.477 3 * 0.585 0.565 0.477
3.5 0.678 0.699 0.591 3 * 0.719 0.703 0.591
4.0 0.744 0.768 0.651 3 * 0.785 0.774 0.651
4.5 0.659 0.655 0.683 3 * 0.539 0.703 0.683
5.0 0.735 0.735 0.735 3 * 0.716 0.754 0.735
5.5 0.804 0.804 0.808 3 * 0.787 0.818 0.808
6.0 0.865 0.865 0.868 3 * 0.855 0.873 0.868
6.5 0.893 0.893 0.896 3 * 0.883 0.900 0.896
7.0 0.914 0.914 0.915 3 * 0.908 0.918 0.915
7.5 0.934 0.934 0.936 3 * 0.929 0.937 0.936
8.0 0.951 0.951 0.952 3 * 0.947 0.953 0.952
8.5 0.964 0.964 0.965 3 * 0.961 0.966 0.965
9.0 0.970 0.970 0.971 3 * 0.967 0.972 0.971
9.5 0.977 0.977 0.978 3 * 0.974 0.978 0.978
10.0 0.981 0.981 0.982 3 * 0.978 0.982 0.982
0.5 0.001 0.001 0.001 3 * 0.000 0.001 0.001
1.0 0.016 0.018 0.016 3 * 0.010 0.017 0.016
1.5 0.129 0.122 0.104 3 * 0.136 0.118 0.104
2.0 0.208 0.197 0.186 3 * 0.213 0.185 0.186
2.5 0.396 0.407 0.335 3 * 0.448 0.393 0.335
3.0 0.545 0.561 0.472 3 * 0.588 0.558 0.472
3.5 0.664 0.685 0.580 3 * 0.703 0.690 0.580
4.0 0.749 0.772 0.654 3 * 0.791 0.779 0.654
4.5 0.737 0.750 0.697 3 * 0.748 0.766 0.697
5.0 0.753 0.753 0.754 3 * 0.737 0.767 0.754
5.5 0.808 0.808 0.810 3 * 0.793 0.821 0.810
6.0 0.853 0.853 0.856 3 * 0.840 0.862 0.856
6.5 0.883 0.883 0.886 3 * 0.874 0.890 0.886
7.0 0.914 0.914 0.917 3 * 0.907 0.918 0.917
7.5 0.931 0.931 0.933 3 * 0.924 0.934 0.933
8.0 0.951 0.951 0.954 3 * 0.945 0.954 0.954
8.5 0.960 0.960 0.962 3 * 0.955 0.962 0.962
9.0 0.969 0.969 0.971 3 * 0.965 0.971 0.971
9.5 0.976 0.976 0.978 3 * 0.973 0.978 0.978
10.0 0.982 0.982 0.983 3 * 0.979 0.983 0.983
0.5 0.000 0.000 0.001 3 * 0.000 0.000 0.001
1.0 0.016 0.017 0.015 3 * 0.016 0.016 0.015
1.5 0.116 0.112 0.094 3 * 0.127 0.102 0.094
2.0 0.221 0.211 0.193 3 * 0.217 0.206 0.193
2.5 0.414 0.426 0.350 3 * 0.468 0.412 0.350
3.0 0.552 0.568 0.477 3 * 0.596 0.565 0.477
3.5 0.647 0.667 0.566 3 * 0.681 0.674 0.566
4.0 0.625 0.630 0.620 3 * 0.536 0.677 0.620
4.5 0.683 0.683 0.682 3 * 0.664 0.703 0.682
5.0 0.742 0.742 0.744 3 * 0.724 0.758 0.744
5.5 0.813 0.813 0.815 3 * 0.801 0.823 0.815
6.0 0.851 0.851 0.853 3 * 0.842 0.859 0.853
6.5 0.890 0.890 0.892 3 * 0.881 0.895 0.892
7.0 0.921 0.921 0.923 3 * 0.915 0.926 0.923
7.5 0.934 0.934 0.937 3 * 0.927 0.938 0.937
8.0 0.951 0.951 0.954 3 * 0.945 0.954 0.954
8.5 0.965 0.965 0.967 3 * 0.961 0.967 0.967
9.0 0.974 0.974 0.975 3 * 0.971 0.975 0.975
9.5 0.978 0.978 0.979 3 * 0.975 0.979 0.979
10.0 0.982 0.982 0.983 3 * 0.980 0.982 0.983
0.5 0.001 0.001 0.001 3 * 0.000 0.001 0.001
1.0 0.018 0.017 0.014 3 * 0.018 0.017 0.014
1.5 0.125 0.121 0.102 3 * 0.136 0.108 0.102
2.0 0.232 0.229 0.197 3 * 0.258 0.203 0.197
2.5 0.422 0.434 0.362 3 * 0.467 0.425 0.362
3.0 0.546 0.562 0.473 3 * 0.588 0.560 0.473
3.5 0.640 0.660 0.558 3 * 0.678 0.663 0.558
4.0 0.661 0.671 0.626 3 * 0.672 0.684 0.626
4.5 0.672 0.672 0.672 3 * 0.649 0.695 0.672
5.0 0.787 0.800 0.742 3 * 0.805 0.814 0.742
5.5 0.827 0.839 0.783 3 * 0.842 0.855 0.783
6.0 0.848 0.848 0.851 3 * 0.835 0.858 0.851
6.5 0.890 0.890 0.893 3 * 0.879 0.896 0.893
7.0 0.913 0.913 0.916 3 * 0.905 0.918 0.916
7.5 0.935 0.935 0.938 3 * 0.928 0.939 0.938
8.0 0.953 0.953 0.955 3 * 0.947 0.956 0.955
8.5 0.956 0.956 0.958 3 * 0.950 0.959 0.958
9.0 0.967 0.967 0.969 3 * 0.962 0.969 0.969
9.5 0.979 0.979 0.980 3 * 0.976 0.981 0.980
10.0 0.984 0.984 0.985 3 * 0.982 0.985 0.985
0.5 0.001 0.000 0.001 3 * 0.000 0.000 0.001
1.0 0.019 0.019 0.015 3 * 0.022 0.017 0.015
1.5 0.117 0.114 0.098 3 * 0.113 0.111 0.098
2.0 0.226 0.228 0.179 3 * 0.259 0.205 0.179
2.5 0.412 0.424 0.350 3 * 0.462 0.412 0.350
3.0 0.545 0.561 0.474 3 * 0.583 0.561 0.474
3.5 0.642 0.662 0.561 3 * 0.678 0.667 0.561
4.0 0.668 0.681 0.629 3 * 0.683 0.693 0.629
4.5 0.667 0.667 0.666 3 * 0.646 0.689 0.666
5.0 0.755 0.755 0.757 3 * 0.739 0.770 0.757
5.5 0.794 0.794 0.797 3 * 0.778 0.808 0.797
6.0 0.845 0.845 0.849 3 * 0.832 0.856 0.849
6.5 0.890 0.890 0.893 3 * 0.879 0.897 0.893
7.0 0.915 0.915 0.917 3 * 0.907 0.921 0.917
7.5 0.929 0.929 0.932 3 * 0.924 0.933 0.932
8.0 0.951 0.951 0.954 3 * 0.946 0.954 0.954
8.5 0.960 0.960 0.962 3 * 0.955 0.963 0.962
9.0 0.969 0.969 0.970 3 * 0.965 0.971 0.970
9.5 0.979 0.979 0.980 3 * 0.977 0.980 0.980
10.0 0.984 0.984 0.984 3 * 0.982 0.985 0.984
0.5 0.002 0.002 0.002 3 * 0.002 0.002 0.002
1.0 0.018 0.019 0.018 3 * 0.014 0.019 0.018
1.5 0.080 0.098 0.092 3 * 0.039 0.085 0.092
2.0 0.177 0.195 0.184 3 * 0.120 0.180 0.184
2.5 0.404 0.415 0.341 3 * 0.456 0.403 0.341
3.0 0.544 0.560 0.471 3 * 0.587 0.557 0.471
3.5 0.666 0.687 0.584 3 * 0.703 0.692 0.584
4.0 0.748 0.772 0.653 3 * 0.792 0.777 0.653
4.5 0.669 0.669 0.668 3 * 0.648 0.692 0.668
5.0 0.743 0.743 0.745 3 * 0.725 0.759 0.745
5.5 0.807 0.807 0.810 3 * 0.792 0.818 0.810
6.0 0.855 0.855 0.858 3 * 0.843 0.865 0.858
6.5 0.897 0.911 0.846 3 * 0.920 0.925 0.846
7.0 0.916 0.916 0.919 3 * 0.906 0.922 0.919
7.5 0.932 0.932 0.935 3 * 0.924 0.937 0.935
8.0 0.949 0.949 0.951 3 * 0.943 0.952 0.951
8.5 0.966 0.966 0.968 3 * 0.963 0.968 0.968
9.0 0.967 0.967 0.970 3 * 0.963 0.970 0.970
9.5 0.977 0.977 0.979 3 * 0.975 0.979 0.979
10.0 0.984 0.984 0.985 3 * 0.983 0.985 0.985
0.5 0.001 0.001 0.001 3 * 0.001 0.001 0.001
1.0 0.011 0.011 0.010 3 * 0.012 0.010 0.010
1.5 0.127 0.122 0.106 3 * 0.127 0.118 0.106
2.0 0.225 0.216 0.181 3 * 0.237 0.209 0.181
2.5 0.408 0.419 0.347 3 * 0.455 0.409 0.347
3.0 0.533 0.548 0.462 3 * 0.573 0.547 0.462
3.5 0.645 0.665 0.563 3 * 0.682 0.669 0.563
4.0 0.742 0.765 0.650 3 * 0.779 0.774 0.650
4.5 0.674 0.674 0.673 3 * 0.653 0.696 0.673
5.0 0.752 0.752 0.753 3 * 0.735 0.767 0.753
5.5 0.800 0.800 0.803 3 * 0.781 0.814 0.803
6.0 0.852 0.852 0.857 3 * 0.840 0.861 0.857
6.5 0.888 0.888 0.892 3 * 0.877 0.894 0.892
7.0 0.908 0.908 0.910 3 * 0.901 0.913 0.910
7.5 0.941 0.941 0.943 3 * 0.935 0.945 0.943
8.0 0.957 0.957 0.958 3 * 0.953 0.960 0.958
8.5 0.961 0.961 0.963 3 * 0.956 0.963 0.963
9.0 0.969 0.969 0.971 3 * 0.966 0.971 0.971
9.5 0.978 0.978 0.979 3 * 0.976 0.979 0.979
10.0 0.984 0.984 0.985 3 * 0.981 0.985 0.985
0.5 0.001 0.001 0.001 3 * 0.001 0.001 0.001
1.0 0.014 0.013 0.011 3 * 0.015 0.012 0.011
1.5 0.132 0.126 0.103 3 * 0.142 0.120 0.103
2.0 0.197 0.188 0.166 3 * 0.213 0.167 0.166
2.5 0.377 0.386 0.320 3 * 0.427 0.373 0.320
3.0 0.542 0.558 0.472 3 * 0.579 0.558 0.472
3.5 0.673 0.694 0.585 3 * 0.718 0.696 0.585
4.0 0.735 0.758 0.643 3 * 0.774 0.765 0.643
4.5 0.676 0.676 0.675 3 * 0.655 0.698 0.675
5.0 0.746 0.746 0.747 3 * 0.727 0.763 0.747
5.5 0.814 0.814 0.817 3 * 0.799 0.825 0.817
6.0 0.852 0.852 0.854 3 * 0.841 0.860 0.854
6.5 0.879 0.879 0.882 3 * 0.868 0.887 0.882
7.0 0.918 0.918 0.919 3 * 0.912 0.921 0.919
7.5 0.934 0.934 0.936 3 * 0.928 0.937 0.936
8.0 0.953 0.953 0.956 3 * 0.947 0.957 0.956
8.5 0.960 0.960 0.961 3 * 0.957 0.962 0.961
9.0 0.972 0.972 0.973 3 * 0.971 0.973 0.973
9.5 0.979 0.979 0.980 3 * 0.975 0.981 0.980
10.0 0.982 0.982 0.984 3 * 0.979 0.983 0.984
0.5 0.001 0.001 0.001 3 * 0.000 0.001 0.001
1.0 0.014 0.014 0.012 3 * 0.016 0.013 0.012
1.5 0.120 0.118 0.102 3 * 0.115 0.114 0.102
2.0 0.207 0.216 0.208 3 * 0.188 0.199 0.208
2.5 0.383 0.394 0.322 3 * 0.439 0.378 0.322
3.0 0.553 0.570 0.479 3 * 0.597 0.568 0.479
3.5 0.645 0.665 0.566 3 * 0.676 0.673 0.566
4.0 0.716 0.739 0.630 3 * 0.750 0.748 0.630
4.5 0.652 0.649 0.676 3 * 0.534 0.697 0.676
5.0 0.746 0.746 0.749 3 * 0.727 0.761 0.749
5.5 0.795 0.795 0.798 3 * 0.779 0.809 0.798
6.0 0.871 0.883 0.823 3 * 0.891 0.897 0.823
6.5 0.888 0.888 0.889 3 * 0.880 0.894 0.889
7.0 0.911 0.911 0.914 3 * 0.902 0.916 0.914
7.5 0.933 0.933 0.935 3 * 0.926 0.937 0.935
8.0 0.950 0.950 0.952 3 * 0.943 0.953 0.952
8.5 0.960 0.960 0.961 3 * 0.957 0.962 0.961
9.0 0.972 0.972 0.973 3 * 0.969 0.973 0.973
9.5 0.980 0.980 0.982 3 * 0.976 0.981 0.982
10.0 0.985 0.985 0.986 3 * 0.983 0.986 0.986
0.5 0.001 0.001 0.001 3 * 0.000 0.001 0.001
1.0 0.003 0.004 0.004 3 * 0.001 0.004 0.004
1.5 0.082 0.111 0.105 3 * 0.040 0.076 0.105
2.0 0.218 0.210 0.192 3 * 0.221 0.208 0.192
2.5 0.386 0.396 0.325 3 * 0.443 0.379 0.325
3.0 0.529 0.544 0.457 3 * 0.573 0.541 0.457
3.5 0.643 0.663 0.561 3 * 0.681 0.667 0.561
4.0 0.742 0.765 0.649 3 * 0.782 0.772 0.649
4.5 0.684 0.684 0.682 3 * 0.662 0.706 0.682
5.0 0.744 0.744 0.745 3 * 0.729 0.757 0.745
5.5 0.804 0.804 0.806 3 * 0.792 0.816 0.806
6.0 0.844 0.844 0.846 3 * 0.833 0.854 0.846
6.5 0.891 0.891 0.895 3 * 0.881 0.897 0.895
7.0 0.917 0.917 0.920 3 * 0.910 0.921 0.920
7.5 0.939 0.939 0.942 3 * 0.933 0.942 0.942
8.0 0.955 0.955 0.957 3 * 0.950 0.957 0.957
8.5 0.960 0.960 0.962 3 * 0.956 0.962 0.962
9.0 0.971 0.971 0.973 3 * 0.967 0.972 0.973
9.5 0.972 0.972 0.974 3 * 0.968 0.975 0.974
10.0 0.980 0.980 0.981 3 * 0.978 0.981 0.981
0.5 0.001 0.001 0.001 3 * 0.000 0.001 0.001
1.0 0.005 0.005 0.005 3 * 0.004 0.005 0.005
1.5 0.104 0.107 0.101 3 * 0.083 0.100 0.101
2.0 0.219 0.209 0.181 3 * 0.223 0.203 0.181
2.5 0.406 0.417 0.342 3 * 0.462 0.402 0.342
3.0 0.536 0.551 0.464 3 * 0.577 0.549 0.464
3.5 0.648 0.668 0.565 3 * 0.688 0.671 0.565
4.0 0.736 0.759 0.644 3 * 0.778 0.765 0.644
4.5 0.643 0.641 0.665 3 * 0.525 0.691 0.665
5.0 0.747 0.747 0.749 3 * 0.731 0.763 0.749
5.5 0.808 0.808 0.811 3 * 0.792 0.820 0.811
6.0 0.837 0.837 0.840 3 * 0.823 0.849 0.840
6.5 0.884 0.884 0.887 3 * 0.874 0.891 0.887
7.0 0.917 0.917 0.920 3 * 0.910 0.923 0.920
7.5 0.938 0.938 0.941 3 * 0.932 0.941 0.941
8.0 0.951 0.951 0.952 3 * 0.948 0.953 0.952
8.5 0.959 0.959 0.961 3 * 0.955 0.961 0.961
9.0 0.973 0.973 0.975 3 * 0.969 0.974 0.975
9.5 0.976 0.976 0.977 3 * 0.973 0.977 0.977
10.0 0.981 0.981 0.982 3 * 0.978 0.982 0.982
0.5 0.001 0.001 0.002 3 * 0.001 0.001 0.002
1.0 0.013 0.014 0.012 3 * 0.011 0.014 0.012
1.5 0.126 0.125 0.106 3 * 0.119 0.121 0.106
2.0 0.232 0.230 0.197 3 * 0.258 0.205 0.197
2.5 0.394 0.405 0.332 3 * 0.450 0.390 0.332
3.0 0.538 0.554 0.466 3 * 0.579 0.553 0.466
3.5 0.648 0.668 0.568 3 * 0.680 0.675 0.568
4.0 0.675 0.686 0.637 3 * 0.690 0.697 0.637
4.5 0.685 0.685 0.684 3 * 0.666 0.706 0.684
5.0 0.741 0.741 0.743 3 * 0.721 0.759 0.743
5.5 0.805 0.805 0.807 3 * 0.792 0.816 0.807
6.0 0.852 0.852 0.854 3 * 0.842 0.861 0.854
6.5 0.879 0.879 0.882 3 * 0.869 0.887 0.882
7.0 0.912 0.912 0.914 3 * 0.905 0.916 0.914
7.5 0.940 0.940 0.943 3 * 0.934 0.944 0.943
8.0 0.954 0.954 0.955 3 * 0.949 0.957 0.955
8.5 0.963 0.963 0.965 3 * 0.959 0.966 0.965
9.0 0.967 0.967 0.968 3 * 0.963 0.968 0.968
9.5 0.976 0.976 0.978 3 * 0.973 0.978 0.978
10.0 0.984 0.984 0.985 3 * 0.982 0.986 0.985
0.5 0.001 0.001 0.001 3 * 0.000 0.001 0.001
1.0 0.008 0.009 0.008 3 * 0.005 0.008 0.008
1.5 0.124 0.121 0.097 3 * 0.137 0.110 0.097
2.0 0.216 0.209 0.197 3 * 0.227 0.180 0.197
2.5 0.391 0.402 0.329 3 * 0.444 0.388 0.329
3.0 0.529 0.544 0.459 3 * 0.568 0.543 0.459
3.5 0.639 0.658 0.558 3 * 0.675 0.663 0.558
4.0 0.732 0.755 0.639 3 * 0.775 0.759 0.639
4.5 0.675 0.675 0.674 3 * 0.657 0.695 0.674
5.0 0.746 0.746 0.747 3 * 0.729 0.763 0.747
5.5 0.804 0.804 0.806 3 * 0.790 0.816 0.806
6.0 0.858 0.858 0.862 3 * 0.845 0.868 0.862
6.5 0.889 0.889 0.892 3 * 0.880 0.895 0.892
7.0 0.918 0.918 0.920 3 * 0.911 0.921 0.920
7.5 0.934 0.934 0.936 3 * 0.929 0.938 0.936
8.0 0.954 0.954 0.956 3 * 0.949 0.957 0.956
8.5 0.961 0.961 0.963 3 * 0.957 0.964 0.963
9.0 0.972 0.972 0.974 3 * 0.969 0.974 0.974
9.5 0.975 0.975 0.977 3 * 0.973 0.976 0.977
10.0 0.983 0.983 0.985 3 * 0.981 0.985 0.985
0.5 0.001 0.001 0.001 3 * 0.000 0.000 0.001
1.0 0.007 0.007 0.007 3 * 0.008 0.007 0.007
1.5 0.120 0.114 0.094 3 * 0.128 0.108 0.094
2.0 0.229 0.221 0.179 3 * 0.250 0.206 0.179
2.5 0.410 0.421 0.349 3 * 0.459 0.410 0.349
3.0 0.533 0.549 0.462 3 * 0.574 0.548 0.462
3.5 0.646 0.666 0.562 3 * 0.689 0.667 0.562
4.0 0.728 0.751 0.637 3 * 0.768 0.757 0.637
4.5 0.670 0.670 0.667 3 * 0.651 0.691 0.667
5.0 0.751 0.751 0.753 3 * 0.731 0.768 0.753
5.5 0.811 0.811 0.815 3 * 0.795 0.824 0.815
6.0 0.849 0.849 0.853 3 * 0.837 0.857 0.853
6.5 0.890 0.890 0.893 3 * 0.882 0.896 0.893
7.0 0.916 0.916 0.919 3 * 0.907 0.921 0.919
7.5 0.936 0.936 0.939 3 * 0.930 0.940 0.939
8.0 0.949 0.949 0.951 3 * 0.945 0.952 0.951
8.5 0.963 0.963 0.964 3 * 0.960 0.965 0.964
9.0 0.968 0.968 0.970 3 * 0.964 0.969 0.970
9.5 0.974 0.974 0.976 3 * 0.969 0.976 0.976
10.0 0.982 0.982 0.983 3 * 0.979 0.983 0.983
0.5 0.001 0.001 0.001 3 * 0.000 0.000 0.001
1.0 0.011 0.011 0.010 3 * 0.009 0.011 0.010
1.5 0.106 0.115 0.101 3 * 0.076 0.112 0.101
2.0 0.197 0.195 0.184 3 * 0.179 0.183 0.184
2.5 0.390 0.401 0.330 3 * 0.442 0.388 0.330
3.0 0.542 0.558 0.470 3 * 0.583 0.557 0.470
3.5 0.648 0.668 0.565 3 * 0.686 0.672 0.565
4.0 0.658 0.668 0.624 3 * 0.669 0.681 0.624
4.5 0.676 0.676 0.676 3 * 0.653 0.699 0.676
5.0 0.735 0.735 0.739 3 * 0.713 0.754 0.739
5.5 0.796 0.796 0.798 3 * 0.779 0.810 0.798
6.0 0.860 0.860 0.864 3 * 0.846 0.870 0.864
6.5 0.884 0.884 0.887 3 * 0.875 0.891 0.887
7.0 0.915 0.915 0.917 3 * 0.909 0.918 0.917
7.5 0.943 0.943 0.945 3 * 0.938 0.946 0.945
8.0 0.950 0.950 0.952 3 * 0.945 0.953 0.952
8.5 0.961 0.961 0.963 3 * 0.956 0.964 0.963
9.0 0.969 0.969 0.971 3 * 0.966 0.971 0.971
9.5 0.979 0.979 0.981 3 * 0.976 0.980 0.981
10.0 0.983 0.983 0.985 3 * 0.981 0.984 0.985
0.5 0.001 0.001 0.001 3 * 0.000 0.001 0.001
1.0 0.006 0.007 0.007 3 * 0.004 0.007 0.007
1.5 0.129 0.124 0.104 3 * 0.140 0.111 0.104
2.0 0.249 0.245 0.198 3 * 0.276 0.223 0.198
2.5 0.410 0.421 0.350 3 * 0.458 0.411 0.350
3.0 0.542 0.558 0.469 3 * 0.585 0.556 0.469
3.5 0.666 0.687 0.580 3 * 0.708 0.690 0.580
4.0 0.736 0.759 0.644 3 * 0.777 0.765 0.644
4.5 0.643 0.640 0.664 3 * 0.524 0.690 0.664
5.0 0.740 0.740 0.741 3 * 0.718 0.760 0.741
5.5 0.806 0.806 0.807 3 * 0.795 0.816 0.807
6.0 0.861 0.861 0.862 3 * 0.853 0.869 0.862
6.5 0.896 0.896 0.898 3 * 0.889 0.902 0.898
7.0 0.921 0.921 0.922 3 * 0.915 0.925 0.922
7.5 0.936 0.936 0.939 3 * 0.930 0.940 0.939
8.0 0.947 0.947 0.949 3 * 0.943 0.950 0.949
8.5 0.968 0.968 0.969 3 * 0.965 0.970 0.969
9.0 0.974 0.974 0.976 3 * 0.970 0.976 0.976
9.5 0.980 0.980 0.982 3 * 0.976 0.982 0.982
10.0 0.985 0.985 0.986 3 * 0.983 0.986 0.986
0.5 0.001 0.001 0.001 3 * 0.000 0.001 0.001
1.0 0.007 0.006 0.006 3 * 0.007 0.006 0.006
1.5 0.122 0.122 0.093 3 * 0.139 0.107 0.093
2.0 0.233 0.223 0.186 3 * 0.247 0.216 0.186
2.5 0.393 0.401 0.341 3 * 0.436 0.392 0.341
3.0 0.532 0.548 0.460 3 * 0.575 0.545 0.460
3.5 0.647 0.667 0.566 3 * 0.684 0.672 0.566
4.0 0.721 0.744 0.633 3 * 0.757 0.753 0.633
4.5 0.665 0.661 0.689 3 * 0.546 0.708 0.689
5.0 0.703 0.698 0.727 3 * 0.582 0.748 0.727
5.5 0.813 0.813 0.813 3 * 0.801 0.823 0.813
6.0 0.848 0.848 0.852 3 * 0.835 0.857 0.852
6.5 0.890 0.890 0.891 3 * 0.882 0.896 0.891
7.0 0.919 0.919 0.922 3 * 0.910 0.925 0.922
7.5 0.928 0.928 0.932 3 * 0.921 0.933 0.932
8.0 0.953 0.953 0.955 3 * 0.948 0.955 0.955
8.5 0.964 0.964 0.965 3 * 0.961 0.966 0.965
9.0 0.974 0.974 0.976 3 * 0.971 0.976 0.976
9.5 0.979 0.979 0.980 3 * 0.978 0.980 0.980
10.0 0.984 0.984 0.985 3 * 0.982 0.985 0.985
0.5 0.001 0.001 0.001 3 * 0.000 0.001 0.001
1.0 0.013 0.013 0.012 3 * 0.014 0.011 0.012
1.5 0.115 0.115 0.099 3 * 0.103 0.111 0.099
2.0 0.205 0.192 0.176 3 * 0.207 0.188 0.176
2.5 0.388 0.399 0.324 3 * 0.448 0.381 0.324
3.0 0.536 0.553 0.467 3 * 0.572 0.553 0.467
3.5 0.642 0.662 0.562 3 * 0.675 0.668 0.562
4.0 0.729 0.752 0.638 3 * 0.770 0.758 0.638
4.5 0.646 0.642 0.667 3 * 0.528 0.691 0.667
5.0 0.736 0.736 0.738 3 * 0.717 0.752 0.738
5.5 0.796 0.796 0.797 3 * 0.780 0.810 0.797
6.0 0.849 0.849 0.853 3 * 0.837 0.859 0.853
6.5 0.885 0.885 0.888 3 * 0.876 0.891 0.888
7.0 0.920 0.920 0.923 3 * 0.913 0.925 0.923
7.5 0.929 0.929 0.932 3 * 0.923 0.932 0.932
8.0 0.951 0.951 0.953 3 * 0.946 0.954 0.953
8.5 0.962 0.962 0.965 3 * 0.958 0.965 0.965
9.0 0.972 0.972 0.974 3 * 0.967 0.974 0.974
9.5 0.979 0.979 0.980 3 * 0.976 0.980 0.980
10.0 0.983 0.983 0.985 3 * 0.980 0.985 0.985
0.5 0.001 0.001 0.001 3 * 0.000 0.001 0.001
1.0 0.008 0.010 0.009 3 * 0.002 0.010 0.009
1.5 0.118 0.108 0.102 3 * 0.117 0.104 0.102
2.0 0.240 0.232 0.189 3 * 0.260 0.214 0.189
2.5 0.426 0.438 0.363 3 * 0.474 0.428 0.363
3.0 0.539 0.555 0.467 3 * 0.582 0.553 0.467
3.5 0.641 0.661 0.561 3 * 0.676 0.666 0.561
4.0 0.753 0.777 0.658 3 * 0.797 0.782 0.658
4.5 0.656 0.650 0.677 3 * 0.541 0.699 0.677
5.0 0.713 0.710 0.744 3 * 0.581 0.759 0.744
5.5 0.798 0.798 0.801 3 * 0.784 0.809 0.801
6.0 0.853 0.853 0.856 3 * 0.841 0.861 0.856
6.5 0.885 0.885 0.890 3 * 0.874 0.892 0.890
7.0 0.903 0.903 0.907 3 * 0.894 0.909 0.907
7.5 0.928 0.928 0.932 3 * 0.919 0.933 0.932
8.0 0.949 0.949 0.951 3 * 0.945 0.952 0.951
8.5 0.961 0.961 0.964 3 * 0.956 0.964 0.964
9.0 0.974 0.974 0.975 3 * 0.970 0.976 0.975
9.5 0.977 0.977 0.978 3 * 0.973 0.978 0.978
10.0 0.985 0.985 0.986 3 * 0.984 0.986 0.986
0.5 0.001 0.001 0.001 3 * 0.000 0.000 0.001
1.0 0.017 0.019 0.017 3 * 0.012 0.018 0.017
1.5 0.096 0.099 0.093 3 * 0.080 0.089 0.093
2.0 0.194 0.203 0.192 3 * 0.155 0.189 0.192
2.5 0.409 0.421 0.347 3 * 0.462 0.408 0.347
3.0 0.543 0.560 0.472 3 * 0.582 0.560 0.472
3.5 0.647 0.668 0.565 3 * 0.686 0.672 0.565
4.0 0.728 0.750 0.637 3 * 0.767 0.757 0.637
4.5 0.656 0.651 0.677 3 * 0.536 0.701 0.677
5.0 0.746 0.746 0.749 3 * 0.728 0.762 0.749
5.5 0.798 0.798 0.803 3 * 0.779 0.813 0.803
6.0 0.852 0.852 0.854 3 * 0.840 0.861 0.854
6.5 0.884 0.884 0.887 3 * 0.876 0.890 0.887
7.0 0.918 0.918 0.921 3 * 0.911 0.923 0.921
7.5 0.933 0.933 0.935 3 * 0.928 0.937 0.935
8.0 0.952 0.952 0.954 3 * 0.949 0.955 0.954
8.5 0.960 0.960 0.962 3 * 0.956 0.962 0.962
9.0 0.973 0.973 0.974 3 * 0.969 0.974 0.974
9.5 0.982 0.982 0.984 3 * 0.979 0.984 0.984
10.0 0.982 0.982 0.983 3 * 0.980 0.983 0.983
0.5 0.001 0.001 0.001 3 * 0.001 0.001 0.001
1.0 0.019 0.020 0.017 3 * 0.015 0.019 0.017
1.5 0.124 0.116 0.108 3 * 0.129 0.105 0.108
2.0 0.196 0.197 0.187 3 * 0.171 0.193 0.187
2.5 0.341 0.342 0.309 3 * 0.366 0.337 0.309
3.0 0.539 0.556 0.467 3 * 0.582 0.553 0.467
3.5 0.657 0.677 0.573 3 * 0.698 0.680 0.573
4.0 0.743 0.766 0.650 3 * 0.783 0.772 0.650
4.5 0.744 0.756 0.701 3 * 0.761 0.769 0.701
5.0 0.761 0.761 0.763 3 * 0.744 0.776 0.763
5.5 0.794 0.794 0.797 3 * 0.777 0.807 0.797
6.0 0.849 0.849 0.851 3 * 0.837 0.859 0.851
6.5 0.888 0.888 0.890 3 * 0.880 0.895 0.890
7.0 0.920 0.920 0.922 3 * 0.913 0.923 0.922
7.5 0.932 0.932 0.935 3 * 0.925 0.936 0.935
8.0 0.942 0.942 0.945 3 * 0.935 0.945 0.945
8.5 0.961 0.961 0.962 3 * 0.958 0.963 0.962
9.0 0.971 0.971 0.972 3 * 0.968 0.973 0.972
9.5 0.980 0.980 0.982 3 * 0.978 0.981 0.982
10.0 0.980 0.980 0.981 3 * 0.977 0.981 0.981
0.5 0.001 0.000 0.001 3 * 0.000 0.000 0.001
1.0 0.012 0.012 0.011 3 * 0.010 0.012 0.011
1.5 0.095 0.100 0.094 3 * 0.070 0.094 0.094
2.0 0.250 0.246 0.198 3 * 0.275 0.223 0.198
2.5 0.405 0.416 0.343 3 * 0.456 0.404 0.343
3.0 0.547 0.563 0.475 3 * 0.584 0.563 0.475
3.5 0.662 0.682 0.577 3 * 0.701 0.686 0.577
4.0 0.665 0.675 0.633 3 * 0.674 0.688 0.633
4.5 0.644 0.640 0.665 3 * 0.528 0.689 0.665
5.0 0.721 0.718 0.752 3 * 0.592 0.765 0.752
5.5 0.818 0.818 0.822 3 * 0.802 0.831 0.822
6.0 0.843 0.843 0.848 3 * 0.829 0.852 0.848
6.5 0.895 0.895 0.898 3 * 0.887 0.901 0.898
7.0 0.912 0.912 0.915 3 * 0.905 0.917 0.915
7.5 0.937 0.937 0.940 3 * 0.930 0.941 0.940
8.0 0.946 0.946 0.948 3 * 0.941 0.949 0.948
8.5 0.964 0.964 0.966 3 * 0.959 0.966 0.966
9.0 0.968 0.968 0.969 3 * 0.964 0.969 0.969
9.5 0.979 0.979 0.980 3 * 0.976 0.980 0.980
10.0 0.984 0.984 0.985 3 * 0.982 0.985 0.985
