0.5 0.000 0.000 0.000 1 * 1
1.0 0.000 0.000 0.000 1 * 1
1.5 0.521 0.234 0.044 1 * 3
2.0 0.710 0.316 0.058 1 * 3
2.5 0.646 0.486 0.166 2 * 3 8
3.0 0.817 0.626 0.245 2 * 3 9
3.5 0.587 0.390 0.288 2 * 7 12
4.0 0.745 0.708 0.449 4 * 3 9 11 18
4.5 0.844 0.855 0.779 4 * 3 9 11 26
5.0 0.890 0.890 0.853 3 * 3 9 27
5.5 0.902 0.902 0.872 3 * 3 9 27
6.0 0.915 0.915 0.889 3 * 3 9 27
6.5 0.932 0.932 0.904 3 * 3 9 27
7.0 0.884 0.884 0.907 3 * 3 9 27
7.5 0.943 0.943 0.914 3 * 3 9 27
8.0 0.948 0.948 0.923 3 * 3 9 27
8.5 0.940 0.940 0.930 3 * 3 9 27
9.0 0.999 0.999 0.998 3 * 3 9 27
9.5 0.999 0.999 0.999 3 * 3 9 27
10.0 1.000 1.000 0.999 3 * 3 9 27
0.5 0.000 0.000 0.000 1 * 1
1.0 0.000 0.000 0.000 1 * 1
1.5 0.552 0.248 0.047 1 * 3
2.0 0.720 0.321 0.060 1 * 3
2.5 0.579 0.435 0.146 2 * 3 7
3.0 0.816 0.625 0.245 2 * 3 9
3.5 0.695 0.580 0.290 3 * 3 11 12
4.0 0.725 0.710 0.466 3 * 3 9 18
4.5 0.802 0.802 0.773 3 * 3 9 26
5.0 0.884 0.884 0.850 3 * 3 9 27
5.5 0.908 0.908 0.870 3 * 3 9 27
6.0 0.920 0.920 0.892 3 * 3 9 27
6.5 0.926 0.926 0.901 3 * 3 9 27
7.0 0.933 0.933 0.909 3 * 3 9 27
7.5 0.943 0.943 0.917 3 * 3 9 27
8.0 0.936 0.936 0.925 3 * 3 9 27
8.5 0.940 0.940 0.928 3 * 3 9 27
9.0 0.999 0.999 0.999 3 * 3 9 27
9.5 1.000 1.000 0.999 3 * 3 9 27
10.0 1.000 1.000 0.999 3 * 3 9 27
0.5 0.000 0.000 0.000 1 * 1
1.0 0.000 0.000 0.000 1 * 1
1.5 0.544 0.244 0.046 1 * 3
2.0 0.451 0.230 0.060 1 * 4
2.5 0.633 0.476 0.164 2 * 3 8
3.0 0.814 0.624 0.245 2 * 3 9
3.5 0.728 0.591 0.263 3 * 3 10 11
4.0 0.729 0.719 0.467 3 * 3 9 18
4.5 0.837 0.837 0.769 3 * 3 9 26
5.0 0.876 0.876 0.841 3 * 3 9 27
5.5 0.908 0.908 0.873 3 * 3 9 27
6.0 0.911 0.917 0.887 4 * 3 9 10 27
6.5 0.928 0.928 0.904 3 * 3 9 27
7.0 0.929 0.929 0.905 3 * 3 9 27
7.5 0.946 0.946 0.916 3 * 3 9 27
8.0 0.914 0.914 0.921 3 * 3 9 27
8.5 0.954 0.954 0.926 3 * 3 9 27
9.0 0.948 0.955 0.929 4 * 3 9 10 27
9.5 0.999 0.999 0.999 3 * 3 9 27
10.0 0.999 0.999 0.999 3 * 3 9 27
0.5 0.000 0.000 0.000 1 * 1
1.0 0.000 0.000 0.000 1 * 1
1.5 0.544 0.243 0.045 1 * 3
2.0 0.723 0.323 0.060 1 * 3
2.5 0.634 0.478 0.167 2 * 3 8
3.0 0.815 0.624 0.242 2 * 3 9
3.5 0.665 0.549 0.279 3 * 3 9 12
4.0 0.728 0.728 0.526 3 * 3 9 20
4.5 0.816 0.816 0.741 3 * 3 9 25
5.0 0.881 0.881 0.844 3 * 3 9 27
5.5 0.902 0.902 0.873 3 * 3 9 27
6.0 0.919 0.919 0.888 3 * 3 9 27
6.5 0.928 0.928 0.904 3 * 3 9 27
7.0 0.937 0.937 0.909 3 * 3 9 27
7.5 0.935 0.942 0.916 4 * 3 9 10 27
8.0 0.951 0.951 0.923 3 * 3 9 27
8.5 0.942 0.942 0.930 3 * 3 9 27
9.0 0.999 0.999 0.998 3 * 3 9 27
9.5 1.000 1.000 0.999 3 * 3 9 27
10.0 1.000 1.000 0.999 3 * 3 9 27
0.5 0.000 0.000 0.000 1 * 1
1.0 0.000 0.000 0.000 1 * 1
1.5 0.547 0.246 0.047 1 * 3
2.0 0.452 0.227 0.057 1 * 4
2.5 0.656 0.495 0.172 2 * 3 8
3.0 0.743 0.573 0.233 2 * 3 10
3.5 0.704 0.591 0.286 3 * 3 11 12
4.0 0.819 0.819 0.580 3 * 3 9 19
4.5 0.850 0.850 0.808 3 * 3 9 27
5.0 0.885 0.885 0.848 3 * 3 9 27
5.5 0.896 0.896 0.867 3 * 3 9 27
6.0 0.920 0.920 0.890 3 * 3 9 27
6.5 0.922 0.922 0.896 3 * 3 9 27
7.0 0.935 0.935 0.904 3 * 3 9 27
7.5 0.935 0.942 0.915 4 * 3 9 10 27
8.0 0.998 0.998 0.996 3 * 3 9 27
8.5 0.999 0.999 0.997 3 * 3 9 27
9.0 0.999 0.999 0.999 3 * 3 9 27
9.5 0.999 0.999 0.999 3 * 3 9 27
10.0 1.000 1.000 0.999 3 * 3 9 27
0.5 0.000 0.000 0.000 1 * 1
1.0 0.103 0.047 0.011 1 * 2
1.5 0.548 0.245 0.046 1 * 3
2.0 0.722 0.322 0.060 1 * 3
2.5 0.602 0.449 0.144 2 * 3 7
3.0 0.809 0.619 0.240 2 * 3 9
3.5 0.718 0.583 0.262 3 * 3 11 12
4.0 0.637 0.656 0.534 4 * 3 4 12 20
4.5 0.853 0.853 0.773 3 * 3 9 26
5.0 0.883 0.883 0.844 3 * 3 9 27
5.5 0.911 0.911 0.881 3 * 3 9 27
6.0 0.881 0.881 0.884 3 * 3 9 27
6.5 0.926 0.926 0.900 3 * 3 9 27
7.0 0.930 0.937 0.909 4 * 3 9 10 27
7.5 0.891 0.891 0.916 3 * 3 9 27
8.0 0.950 0.950 0.925 3 * 3 9 27
8.5 0.892 0.926 0.869 4 * 3 9 13 27
9.0 0.999 0.999 0.998 3 * 3 9 27
9.5 0.999 0.999 0.999 3 * 3 9 27
10.0 1.000 1.000 0.999 3 * 3 9 27
0.5 0.000 0.000 0.000 1 * 1
1.0 0.000 0.000 0.000 1 * 1
1.5 0.555 0.250 0.048 1 * 3
2.0 0.463 0.233 0.059 1 * 4
2.5 0.594 0.444 0.146 2 * 3 7
3.0 0.828 0.635 0.248 2 * 3 9
3.5 0.683 0.562 0.285 3 * 3 9 12
4.0 0.760 0.760 0.493 3 * 3 9 19
4.5 0.783 0.802 0.781 4 * 3 9 13 26
5.0 0.884 0.884 0.848 3 * 3 9 27
5.5 0.898 0.898 0.870 3 * 3 9 27
6.0 0.910 0.916 0.890 4 * 3 9 10 27
6.5 0.933 0.933 0.902 3 * 3 9 27
7.0 0.931 0.931 0.907 3 * 3 9 27
7.5 0.946 0.946 0.917 3 * 3 9 27
8.0 0.883 0.883 0.923 3 * 3 9 27
8.5 0.999 0.999 0.998 3 * 3 9 27
9.0 0.999 0.999 0.998 3 * 3 9 27
9.5 1.000 1.000 0.999 3 * 3 9 27
10.0 1.000 1.000 0.999 3 * 3 9 27
0.5 0.000 0.000 0.000 1 * 1
1.0 0.000 0.000 0.000 1 * 1
1.5 0.538 0.242 0.047 1 * 3
2.0 0.717 0.321 0.060 1 * 3
2.5 0.656 0.497 0.181 2 * 3 8
3.0 0.815 0.623 0.240 2 * 3 9
3.5 0.714 0.613 0.297 3 * 3 9 13
4.0 0.704 0.704 0.536 3 * 3 9 20
4.5 0.853 0.853 0.804 3 * 3 9 27
5.0 0.836 0.836 0.850 3 * 3 9 27
5.5 0.903 0.903 0.873 3 * 3 9 27
6.0 0.920 0.920 0.890 3 * 3 9 27
6.5 0.923 0.929 0.901 4 * 3 9 10 27
7.0 0.941 0.941 0.912 3 * 3 9 27
7.5 0.938 0.945 0.920 4 * 3 9 10 27
8.0 0.941 0.948 0.924 4 * 3 9 10 27
8.5 0.915 0.938 0.875 5 * 3 9 11 26 27
9.0 0.956 0.956 0.930 3 * 3 9 27
9.5 0.999 0.999 0.999 3 * 3 9 27
10.0 0.930 0.930 0.938 3 * 3 9 27
0.5 0.000 0.000 0.000 1 * 1
1.0 0.000 0.000 0.000 1 * 1
1.5 0.545 0.246 0.049 1 * 3
2.0 0.724 0.324 0.060 1 * 3
2.5 0.587 0.435 0.130 2 * 3 6
3.0 0.814 0.624 0.243 2 * 3 9
3.5 0.615 0.399 0.262 2 * 7 11
4.0 0.732 0.724 0.507 4 * 3 9 11 19
4.5 0.851 0.851 0.775 3 * 3 9 26
5.0 0.887 0.887 0.854 3 * 3 9 27
5.5 0.902 0.902 0.875 3 * 3 9 27
6.0 0.916 0.916 0.887 3 * 3 9 27
6.5 0.927 0.927 0.901 3 * 3 9 27
7.0 0.938 0.938 0.913 3 * 3 9 27
7.5 0.853 0.853 0.859 3 * 3 7 27
8.0 0.949 0.949 0.923 3 * 3 9 27
8.5 0.999 0.999 0.998 3 * 3 9 27
9.0 0.999 0.999 0.998 3 * 3 9 27
9.5 0.999 0.999 0.999 3 * 3 9 27
10.0 1.000 1.000 1.000 3 * 3 9 27
0.5 0.000 0.000 0.000 1 * 1
1.0 0.000 0.000 0.000 1 * 1
1.5 0.532 0.239 0.046 1 * 3
2.0 0.462 0.234 0.059 1 * 4
2.5 0.617 0.463 0.154 2 * 3 7
3.0 0.816 0.626 0.246 2 * 3 9
3.5 0.594 0.396 0.286 2 * 7 12
4.0 0.723 0.704 0.469 3 * 3 9 18
4.5 0.850 0.850 0.807 3 * 3 9 27
5.0 0.885 0.885 0.842 3 * 3 9 27
5.5 0.896 0.896 0.868 3 * 3 9 27
6.0 0.917 0.917 0.889 3 * 3 9 27
6.5 0.930 0.930 0.903 3 * 3 9 27
7.0 0.944 0.944 0.911 3 * 3 9 27
7.5 0.926 0.926 0.916 3 * 3 9 27
8.0 0.949 0.949 0.923 3 * 3 9 27
8.5 0.999 0.999 0.998 3 * 3 9 27
9.0 0.999 0.999 0.998 3 * 3 9 27
9.5 0.999 0.999 0.999 3 * 3 9 27
10.0 1.000 1.000 0.999 3 * 3 9 27
0.5 0.000 0.000 0.000 1 * 1
1.0 0.000 0.000 0.000 1 * 1
1.5 0.550 0.249 0.048 1 * 3
2.0 0.706 0.316 0.058 1 * 3
2.5 0.595 0.446 0.148 2 * 3 7
3.0 0.811 0.621 0.243 2 * 3 9
3.5 0.708 0.573 0.254 3 * 3 10 11
4.0 0.684 0.681 0.499 3 * 3 9 19
4.5 0.836 0.847 0.772 4 * 3 9 11 26
5.0 0.897 0.897 0.854 3 * 3 9 27
5.5 0.901 0.901 0.870 3 * 3 9 27
6.0 0.917 0.917 0.889 3 * 3 9 27
6.5 0.931 0.931 0.902 3 * 3 9 27
7.0 0.930 0.937 0.912 4 * 3 9 10 27
7.5 0.934 0.941 0.917 4 * 3 9 10 27
8.0 0.947 0.947 0.919 3 * 3 9 27
8.5 0.999 0.999 0.998 3 * 3 9 27
9.0 0.999 0.999 0.998 3 * 3 9 27
9.5 0.999 0.999 0.999 3 * 3 9 27
10.0 1.000 1.000 0.999 3 * 3 9 27
0.5 0.000 0.000 0.000 1 * 1
1.0 0.000 0.000 0.000 1 * 1
1.5 0.538 0.242 0.045 1 * 3
2.0 0.730 0.325 0.059 1 * 3
2.5 0.637 0.479 0.163 2 * 3 7
3.0 0.814 0.623 0.241 2 * 3 9
3.5 0.713 0.598 0.285 3 * 3 9 12
4.0 0.814 0.814 0.568 3 * 3 9 19
4.5 0.865 0.865 0.820 3 * 3 9 27
5.0 0.884 0.884 0.849 3 * 3 9 27
5.5 0.900 0.900 0.870 3 * 3 9 27
6.0 0.919 0.919 0.887 3 * 3 9 27
6.5 0.909 0.909 0.898 3 * 3 9 27
7.0 0.933 0.933 0.908 3 * 3 9 27
7.5 0.997 0.997 0.994 3 * 3 9 27
8.0 0.877 0.877 0.921 3 * 3 9 27
8.5 0.999 0.999 0.998 3 * 3 9 27
9.0 0.999 0.999 0.998 3 * 3 9 27
9.5 0.999 0.999 0.999 3 * 3 9 27
10.0 1.000 1.000 0.999 3 * 3 9 27
0.5 0.000 0.000 0.000 1 * 1
1.0 0.000 0.000 0.000 1 * 1
1.5 0.530 0.238 0.045 1 * 3
2.0 0.464 0.238 0.063 1 * 4
2.5 0.620 0.464 0.150 2 * 3 7
3.0 0.814 0.624 0.243 2 * 3 9
3.5 0.720 0.603 0.281 3 * 3 9 12
4.0 0.704 0.704 0.545 3 * 3 9 20
4.5 0.806 0.806 0.807 3 * 3 9 27
5.0 0.883 0.883 0.852 3 * 3 9 27
5.5 0.906 0.906 0.871 3 * 3 9 27
6.0 0.872 0.866 0.887 4 * 3 9 10 27
6.5 0.932 0.932 0.900 3 * 3 9 27
7.0 0.933 0.933 0.907 3 * 3 9 27
7.5 0.944 0.944 0.918 3 * 3 9 27
8.0 0.950 0.950 0.923 3 * 3 9 27
8.5 0.999 0.999 0.998 3 * 3 9 27
9.0 0.955 0.955 0.929 3 * 3 9 27
9.5 0.999 0.999 0.999 3 * 3 9 27
10.0 1.000 1.000 0.999 3 * 3 9 27
0.5 0.000 0.000 0.000 1 * 1
1.0 0.000 0.000 0.000 1 * 1
1.5 0.558 0.250 0.048 1 * 3
2.0 0.458 0.231 0.060 1 * 4
2.5 0.584 0.432 0.128 2 * 3 6
3.0 0.818 0.626 0.241 2 * 3 9
3.5 0.515 0.434 0.329 3 * 2 7 14
4.0 0.697 0.696 0.486 3 * 3 9 19
4.5 0.840 0.840 0.769 3 * 3 9 26
5.0 0.833 0.833 0.846 3 * 3 9 27
5.5 0.898 0.898 0.866 3 * 3 9 27
6.0 0.913 0.913 0.886 3 * 3 9 27
6.5 0.928 0.928 0.901 3 * 3 9 27
7.0 0.934 0.934 0.910 3 * 3 9 27
7.5 0.928 0.928 0.917 3 * 3 9 27
8.0 0.932 0.932 0.923 3 * 3 9 27
8.5 0.947 0.712 0.925 2 * 3 27
9.0 0.947 0.947 0.934 3 * 3 9 27
9.5 0.999 0.999 0.999 3 * 3 9 27
10.0 0.896 0.896 0.940 3 * 3 9 27
0.5 0.000 0.000 0.000 1 * 1
1.0 0.000 0.000 0.000 1 * 1
1.5 0.529 0.238 0.045 1 * 3
2.0 0.706 0.315 0.058 1 * 3
2.5 0.648 0.491 0.177 2 * 3 8
3.0 0.817 0.626 0.243 2 * 3 9
3.5 0.656 0.566 0.307 3 * 3 5 14
4.0 0.724 0.724 0.492 3 * 3 9 19
4.5 0.857 0.857 0.779 3 * 3 9 26
5.0 0.877 0.877 0.843 3 * 3 9 27
5.5 0.907 0.907 0.876 3 * 3 9 27
6.0 0.914 0.914 0.886 3 * 3 9 27
6.5 0.925 0.931 0.901 4 * 3 9 10 27
7.0 0.933 0.933 0.909 3 * 3 9 27
7.5 0.937 0.937 0.912 3 * 3 9 27
8.0 0.933 0.933 0.919 3 * 3 9 27
8.5 0.958 0.958 0.931 3 * 3 9 27
9.0 0.999 0.999 0.999 3 * 3 9 27
9.5 1.000 1.000 0.999 3 * 3 9 27
10.0 1.000 1.000 0.999 3 * 3 9 27
0.5 0.000 0.000 0.000 1 * 1
1.0 0.000 0.000 0.000 1 * 1
1.5 0.537 0.242 0.047 1 * 3
2.0 0.719 0.322 0.060 1 * 3
2.5 0.651 0.492 0.173 2 * 3 8
3.0 0.819 0.627 0.244 2 * 3 9
3.5 0.722 0.621 0.303 3 * 3 9 13
4.0 0.739 0.739 0.541 3 * 3 9 20
4.5 0.834 0.834 0.768 3 * 3 9 26
5.0 0.888 0.888 0.846 3 * 3 9 27
5.5 0.903 0.903 0.872 3 * 3 9 27
6.0 0.914 0.920 0.888 4 * 3 9 10 27
6.5 0.932 0.932 0.905 3 * 3 9 27
7.0 0.936 0.936 0.911 3 * 3 9 27
7.5 0.944 0.944 0.917 3 * 3 9 27
8.0 0.999 0.999 0.997 3 * 3 9 27
8.5 0.999 0.999 0.998 3 * 3 9 27
9.0 0.999 0.999 0.998 3 * 3 9 27
9.5 1.000 1.000 0.999 3 * 3 9 27
10.0 1.000 1.000 0.999 3 * 3 9 27
0.5 0.000 0.000 0.000 1 * 1
1.0 0.000 0.000 0.000 1 * 1
1.5 0.565 0.253 0.049 1 * 3
2.0 0.476 0.246 0.065 1 * 4
2.5 0.656 0.495 0.173 2 * 3 8
3.0 0.819 0.627 0.244 2 * 3 9
3.5 0.727 0.609 0.288 3 * 3 9 12
4.0 0.529 0.529 0.537 3 * 2 7 20
4.5 0.812 0.812 0.738 3 * 3 9 25
5.0 0.888 0.888 0.851 3 * 3 9 27
5.5 0.908 0.908 0.873 3 * 3 9 27
6.0 0.919 0.919 0.892 3 * 3 9 27
6.5 0.930 0.930 0.897 3 * 3 9 27
7.0 0.934 0.934 0.909 3 * 3 9 27
7.5 0.941 0.941 0.916 3 * 3 9 27
8.0 0.949 0.949 0.920 3 * 3 9 27
8.5 0.999 0.999 0.998 3 * 3 9 27
9.0 0.999 0.999 0.999 3 * 3 9 27
9.5 0.954 0.961 0.936 4 * 3 9 10 27
10.0 1.000 1.000 0.999 3 * 3 9 27
0.5 0.000 0.000 0.000 1 * 1
1.0 0.000 0.000 0.000 1 * 1
1.5 0.541 0.242 0.046 1 * 3
2.0 0.723 0.323 0.059 1 * 3
2.5 0.576 0.432 0.143 2 * 3 7
3.0 0.823 0.631 0.246 2 * 3 9
3.5 0.714 0.618 0.306 3 * 3 9 13
4.0 0.517 0.503 0.470 3 * 2 7 18
4.5 0.844 0.844 0.770 3 * 3 9 26
5.0 0.883 0.883 0.850 3 * 3 9 27
5.5 0.855 0.855 0.874 3 * 3 9 27
6.0 0.917 0.917 0.888 3 * 3 9 27
6.5 0.920 0.693 0.898 2 * 3 27
7.0 0.934 0.934 0.907 3 * 3 9 27
7.5 0.874 0.874 0.917 3 * 3 9 27
8.0 0.951 0.951 0.923 3 * 3 9 27
8.5 0.999 0.999 0.998 3 * 3 9 27
9.0 0.999 0.999 0.998 3 * 3 9 27
9.5 0.999 0.999 0.999 3 * 3 9 27
10.0 1.000 1.000 1.000 3 * 3 9 27
0.5 0.000 0.000 0.000 1 * 1
1.0 0.167 0.077 0.016 1 * 2
1.5 0.540 0.241 0.045 1 * 3
2.0 0.713 0.318 0.058 1 * 3
2.5 0.589 0.437 0.133 2 * 3 6
3.0 0.821 0.630 0.248 2 * 3 9
3.5 0.728 0.576 0.271 2 * 3 11
4.0 0.695 0.623 0.478 2 * 3 18
4.5 0.845 0.845 0.783 3 * 3 9 26
5.0 0.878 0.884 0.844 4 * 3 9 10 27
5.5 0.892 0.672 0.867 2 * 3 27
6.0 0.915 0.915 0.890 3 * 3 9 27
6.5 0.924 0.924 0.899 3 * 3 9 27
7.0 0.934 0.942 0.909 4 * 3 9 10 27
7.5 0.936 0.704 0.915 2 * 3 27
8.0 0.931 0.931 0.922 3 * 3 9 27
8.5 0.946 0.953 0.928 4 * 3 9 10 27
9.0 0.999 0.999 0.999 3 * 3 9 27
9.5 1.000 1.000 0.999 3 * 3 9 27
10.0 1.000 1.000 0.999 3 * 3 9 27
0.5 0.000 0.000 0.000 1 * 1
1.0 0.124 0.056 0.012 1 * 2
1.5 0.523 0.235 0.044 1 * 3
2.0 0.721 0.321 0.059 1 * 3
2.5 0.628 0.474 0.167 2 * 3 8
3.0 0.810 0.621 0.243 2 * 3 9
3.5 0.726 0.604 0.280 3 * 3 9 12
4.0 0.701 0.706 0.523 4 * 3 8 13 20
4.5 0.804 0.804 0.780 3 * 3 9 26
5.0 0.878 0.884 0.849 4 * 3 9 10 27
5.5 0.904 0.904 0.869 3 * 3 9 27
6.0 0.916 0.916 0.885 3 * 3 9 27
6.5 0.923 0.923 0.897 3 * 3 9 27
7.0 0.938 0.938 0.912 3 * 3 9 27
7.5 0.934 0.940 0.917 4 * 3 9 10 27
8.0 0.953 0.953 0.923 3 * 3 9 27
8.5 0.948 0.948 0.924 3 * 3 9 27
9.0 0.999 0.999 0.998 3 * 3 9 27
9.5 0.947 0.947 0.938 3 * 3 9 27
10.0 1.000 1.000 0.999 3 * 3 9 27
0.5 0.000 0.000 0.000 1 * 1
1.0 0.000 0.000 0.000 1 * 1
1.5 0.545 0.247 0.049 1 * 3
2.0 0.724 0.323 0.059 1 * 3
2.5 0.587 0.441 0.150 2 * 3 7
3.0 0.827 0.634 0.247 2 * 3 9
3.5 0.716 0.619 0.311 3 * 3 9 13
4.0 0.813 0.813 0.567 3 * 3 9 19
4.5 0.851 0.851 0.775 3 * 3 9 26
5.0 0.881 0.881 0.845 3 * 3 9 27
5.5 0.909 0.909 0.874 3 * 3 9 27
6.0 0.915 0.915 0.888 3 * 3 9 27
6.5 0.923 0.923 0.897 3 * 3 9 27
7.0 0.939 0.939 0.907 3 * 3 9 27
7.5 0.945 0.945 0.916 3 * 3 9 27
8.0 0.950 0.950 0.923 3 * 3 9 27
8.5 0.952 0.952 0.927 3 * 3 9 27
9.0 0.999 0.999 0.998 3 * 3 9 27
9.5 0.999 0.999 0.999 3 * 3 9 27
10.0 0.999 0.999 0.999 3 * 3 9 27
0.5 0.000 0.000 0.000 1 * 1
1.0 0.000 0.000 0.000 1 * 1
1.5 0.533 0.239 0.046 1 * 3
2.0 0.725 0.323 0.060 1 * 3
2.5 0.613 0.458 0.148 2 * 3 7
3.0 0.736 0.569 0.235 2 * 3 10
3.5 0.675 0.574 0.272 3 * 3 5 12
4.0 0.692 0.672 0.480 3 * 3 9 18
4.5 0.850 0.850 0.807 3 * 3 9 27
5.0 0.884 0.884 0.849 3 * 3 9 27
5.5 0.906 0.906 0.874 3 * 3 9 27
6.0 0.851 0.851 0.889 3 * 3 9 27
6.5 0.935 0.935 0.908 3 * 3 9 27
7.0 0.925 0.931 0.907 4 * 3 9 10 27
7.5 0.940 0.940 0.916 3 * 3 9 27
8.0 0.951 0.951 0.924 3 * 3 9 27
8.5 0.951 0.951 0.926 3 * 3 9 27
9.0 0.999 0.999 0.998 3 * 3 9 27
9.5 0.999 0.999 0.999 3 * 3 9 27
10.0 1.000 1.000 0.999 3 * 3 9 27
0.5 0.000 0.000 0.000 1 * 1
1.0 0.000 0.000 0.000 1 * 1
1.5 0.551 0.247 0.047 1 * 3
2.0 0.723 0.322 0.059 1 * 3
2.5 0.624 0.467 0.153 2 * 3 7
3.0 0.818 0.627 0.245 2 * 3 9
3.5 0.702 0.592 0.269 4 * 3 10 11 12
4.0 0.678 0.674 0.477 3 * 3 9 18
4.5 0.841 0.841 0.775 3 * 3 9 26
5.0 0.887 0.887 0.847 3 * 3 9 27
5.5 0.902 0.902 0.873 3 * 3 9 27
6.0 0.926 0.926 0.892 3 * 3 9 27
6.5 0.928 0.928 0.901 3 * 3 9 27
7.0 0.933 0.933 0.908 3 * 3 9 27
7.5 0.945 0.945 0.920 3 * 3 9 27
8.0 0.929 0.929 0.919 3 * 3 9 27
8.5 0.999 0.999 0.998 3 * 3 9 27
9.0 0.999 0.999 0.998 3 * 3 9 27
9.5 0.999 0.999 0.999 3 * 3 9 27
10.0 0.999 0.999 0.999 3 * 3 9 27
0.5 0.000 0.000 0.000 1 * 1
1.0 0.000 0.000 0.000 1 * 1
1.5 0.546 0.245 0.047 1 * 3
2.0 0.457 0.236 0.063 1 * 4
2.5 0.587 0.436 0.132 2 * 3 6
3.0 0.827 0.634 0.248 2 * 3 9
3.5 0.707 0.592 0.280 3 * 3 10 12
4.0 0.685 0.725 0.535 4 * 3 8 17 20
4.5 0.730 0.774 0.778 4 * 3 4 11 26
5.0 0.829 0.829 0.842 3 * 3 9 27
5.5 0.851 0.851 0.871 3 * 3 9 27
6.0 0.922 0.922 0.889 3 * 3 9 27
6.5 0.928 0.928 0.903 3 * 3 9 27
7.0 0.935 0.935 0.907 3 * 3 9 27
7.5 0.940 0.940 0.916 3 * 3 9 27
8.0 0.920 0.920 0.924 3 * 3 9 27
8.5 0.999 0.999 0.997 3 * 3 9 27
9.0 0.962 0.962 0.932 3 * 3 9 27
9.5 1.000 1.000 0.999 3 * 3 9 27
10.0 1.000 1.000 0.999 3 * 3 9 27
0.5 0.000 0.000 0.000 1 * 1
1.0 0.000 0.000 0.000 1 * 1
1.5 0.560 0.250 0.047 1 * 3
2.0 0.465 0.238 0.064 1 * 4
2.5 0.591 0.443 0.146 2 * 3 7
3.0 0.817 0.625 0.243 2 * 3 9
3.5 0.642 0.579 0.307 4 * 3 5 12 13
4.0 0.703 0.703 0.503 3 * 3 9 20
4.5 0.930 0.930 0.865 3 * 3 9 26
5.0 0.833 0.833 0.843 3 * 3 9 27
5.5 0.892 0.898 0.867 4 * 3 9 10 27
6.0 0.900 0.900 0.888 3 * 3 10 27
6.5 0.928 0.928 0.904 3 * 3 9 27
7.0 0.938 0.938 0.911 3 * 3 9 27
7.5 0.941 0.941 0.917 3 * 3 9 27
8.0 0.950 0.950 0.923 3 * 3 9 27
8.5 0.956 0.956 0.927 3 * 3 9 27
9.0 0.999 0.999 0.998 3 * 3 9 27
9.5 0.999 0.999 0.999 3 * 3 9 27
10.0 1.000 1.000 0.999 3 * 3 9 27
0.5 0.000 0.000 0.000 1 * 1
1.0 0.000 0.000 0.000 1 * 1
1.5 0.537 0.242 0.047 1 * 3
2.0 0.716 0.320 0.059 1 * 3
2.5 0.613 0.459 0.152 2 * 3 7
3.0 0.824 0.632 0.247 2 * 3 9
3.5 0.726 0.607 0.281 3 * 3 9 12
4.0 0.725 0.725 0.499 3 * 3 9 19
4.5 0.848 0.848 0.777 3 * 3 9 26
5.0 0.891 0.891 0.853 3 * 3 9 27
5.5 0.900 0.900 0.868 3 * 3 9 27
6.0 0.918 0.918 0.888 3 * 3 9 27
6.5 0.927 0.927 0.900 3 * 3 9 27
7.0 0.916 0.916 0.906 3 * 3 9 27
7.5 0.939 0.939 0.914 3 * 3 9 27
8.0 0.872 0.871 0.873 4 * 3 9 26 27
8.5 0.999 0.999 0.998 3 * 3 9 27
9.0 0.999 0.999 0.998 3 * 3 9 27
9.5 0.999 0.999 0.999 3 * 3 9 27
10.0 1.000 1.000 1.000 3 * 3 9 27
0.5 0.000 0.000 0.000 1 * 1
1.0 0.000 0.000 0.000 1 * 1
1.5 0.556 0.249 0.046 1 * 3
2.0 0.710 0.318 0.059 1 * 3
2.5 0.600 0.448 0.146 2 * 3 7
3.0 0.815 0.624 0.244 2 * 3 9
3.5 0.710 0.632 0.336 3 * 3 9 14
4.0 0.735 0.735 0.507 3 * 3 9 19
4.5 0.775 0.573 0.775 3 * 8 11 26
5.0 0.882 0.882 0.842 3 * 3 9 27
5.5 0.905 0.905 0.871 3 * 3 9 27
6.0 0.919 0.919 0.892 3 * 3 9 27
6.5 0.925 0.925 0.896 3 * 3 9 27
7.0 0.938 0.938 0.911 3 * 3 9 27
7.5 0.942 0.942 0.917 3 * 3 9 27
8.0 0.943 0.709 0.923 2 * 3 27
8.5 0.950 0.950 0.926 3 * 3 9 27
9.0 0.999 0.999 0.998 3 * 3 9 27
9.5 1.000 1.000 0.999 3 * 3 9 27
10.0 1.000 1.000 0.999 3 * 3 9 27
0.5 0.000 0.000 0.000 1 * 1
1.0 0.000 0.000 0.000 1 * 1
1.5 0.564 0.255 0.049 1 * 3
2.0 0.451 0.240 0.068 1 * 4
2.5 0.569 0.423 0.131 2 * 3 7
3.0 0.819 0.628 0.246 2 * 3 9
3.5 0.712 0.572 0.292 2 * 3 12
4.0 0.720 0.720 0.508 3 * 3 9 19
4.5 0.862 0.862 0.809 3 * 3 9 27
5.0 0.889 0.889 0.853 3 * 3 9 27
5.5 0.900 0.900 0.868 3 * 3 9 27
6.0 0.913 0.913 0.888 3 * 3 9 27
6.5 0.924 0.924 0.900 3 * 3 9 27
7.0 0.931 0.937 0.910 4 * 3 9 10 27
7.5 0.944 0.944 0.918 3 * 3 9 27
8.0 0.949 0.949 0.922 3 * 3 9 27
8.5 0.999 0.999 0.998 3 * 3 9 27
9.0 0.999 0.999 0.999 3 * 3 9 27
9.5 1.000 1.000 0.999 3 * 3 9 27
10.0 1.000 1.000 0.999 3 * 3 9 27
0.5 0.007 0.004 0.002 1 * 2
1.0 0.000 0.000 0.000 1 * 1
1.5 0.544 0.244 0.046 1 * 3
2.0 0.463 0.242 0.064 1 * 4
2.5 0.606 0.453 0.146 2 * 3 7
3.0 0.825 0.634 0.250 2 * 3 9
3.5 0.733 0.612 0.286 3 * 3 9 12
4.0 0.716 0.716 0.497 3 * 3 9 19
4.5 0.834 0.834 0.775 3 * 3 9 26
5.0 0.883 0.883 0.845 3 * 3 9 27
5.5 0.907 0.907 0.874 3 * 3 9 27
6.0 0.919 0.919 0.888 3 * 3 9 27
6.5 0.926 0.926 0.902 3 * 3 9 27
7.0 0.921 0.921 0.910 3 * 3 9 27
7.5 0.936 0.942 0.915 4 * 3 9 10 27
8.0 0.949 0.949 0.925 3 * 3 9 27
8.5 0.939 0.939 0.929 3 * 3 9 27
9.0 0.999 0.999 0.999 3 * 3 9 27
9.5 1.000 1.000 0.999 3 * 3 9 27
10.0 1.000 1.000 0.999 3 * 3 9 27
0.5 0.000 0.000 0.000 1 * 1
1.0 0.000 0.000 0.000 1 * 1
1.5 0.546 0.245 0.046 1 * 3
2.0 0.716 0.320 0.059 1 * 3
2.5 0.632 0.475 0.160 2 * 3 7
3.0 0.816 0.625 0.244 2 * 3 9
3.5 0.573 0.385 0.298 2 * 7 13
4.0 0.731 0.731 0.532 3 * 3 9 20
4.5 0.919 0.919 0.829 3 * 3 9 25
5.0 0.837 0.837 0.847 3 * 3 9 27
5.5 0.907 0.907 0.873 3 * 3 9 27
6.0 0.911 0.911 0.885 3 * 3 9 27
6.5 0.923 0.923 0.897 3 * 3 9 27
7.0 0.939 0.939 0.909 3 * 3 9 27
7.5 0.946 0.946 0.919 3 * 3 9 27
8.0 0.943 0.950 0.924 4 * 3 9 10 27
8.5 0.936 0.936 0.927 3 * 3 9 27
9.0 1.000 1.000 0.999 3 * 3 9 27
9.5 0.999 0.999 0.999 3 * 3 9 27
10.0 1.000 1.000 1.000 3 * 3 9 27
0.5 0.000 0.000 0.000 1 * 1
1.0 0.000 0.000 0.000 1 * 1
1.5 0.544 0.245 0.048 1 * 3
2.0 0.720 0.321 0.059 1 * 3
2.5 0.662 0.502 0.181 2 * 3 8
3.0 0.739 0.571 0.235 2 * 3 10
3.5 0.708 0.590 0.284 3 * 3 10 12
4.0 0.715 0.715 0.503 3 * 3 9 19
4.5 0.847 0.847 0.774 3 * 3 9 26
5.0 0.871 0.871 0.836 3 * 3 9 27
5.5 0.889 0.889 0.871 3 * 3 10 27
6.0 0.912 0.918 0.890 4 * 3 9 10 27
6.5 0.927 0.927 0.901 3 * 3 9 27
7.0 0.935 0.935 0.907 3 * 3 9 27
7.5 0.919 0.935 0.868 4 * 3 9 26 27
8.0 0.948 0.948 0.923 3 * 3 9 27
8.5 0.999 0.999 0.998 3 * 3 9 27
9.0 0.926 0.699 0.931 2 * 3 27
9.5 0.999 0.999 0.999 3 * 3 9 27
10.0 1.000 1.000 0.999 3 * 3 9 27
0.5 0.000 0.000 0.000 1 * 1
1.0 0.000 0.000 0.000 1 * 1
1.5 0.531 0.239 0.047 1 * 3
2.0 0.738 0.329 0.060 1 * 3
2.5 0.578 0.431 0.137 2 * 3 7
3.0 0.819 0.628 0.246 2 * 3 9
3.5 0.729 0.577 0.274 2 * 3 12
4.0 0.676 0.676 0.504 3 * 3 9 19
4.5 0.850 0.850 0.771 3 * 3 9 26
5.0 0.891 0.891 0.852 3 * 3 9 27
5.5 0.898 0.904 0.876 4 * 3 9 10 27
6.0 0.921 0.921 0.891 3 * 3 9 27
6.5 0.920 0.927 0.898 4 * 3 9 10 27
7.0 0.867 0.867 0.908 3 * 3 9 27
7.5 0.943 0.943 0.914 3 * 3 9 27
8.0 0.947 0.947 0.923 3 * 3 9 27
8.5 0.999 0.999 0.998 3 * 3 9 27
9.0 0.999 0.999 0.998 3 * 3 9 27
9.5 0.999 0.999 0.999 3 * 3 9 27
10.0 1.000 1.000 0.999 3 * 3 9 27
0.5 0.007 0.006 0.003 1 * 2
1.0 0.000 0.000 0.000 1 * 1
1.5 0.564 0.253 0.048 1 * 3
2.0 0.718 0.321 0.059 1 * 3
2.5 0.610 0.456 0.150 2 * 3 7
3.0 0.823 0.631 0.248 2 * 3 9
3.5 0.731 0.596 0.269 3 * 3 10 11
4.0 0.679 0.671 0.463 3 * 3 9 18
4.5 0.922 0.922 0.834 3 * 3 9 25
5.0 0.875 0.875 0.843 3 * 3 9 27
5.5 0.906 0.906 0.871 3 * 3 9 27
6.0 0.921 0.921 0.890 3 * 3 9 27
6.5 0.932 0.932 0.902 3 * 3 9 27
7.0 0.932 0.932 0.904 3 * 3 9 27
7.5 0.942 0.942 0.918 3 * 3 9 27
8.0 0.933 0.933 0.921 3 * 3 9 27
8.5 0.859 0.859 0.927 3 * 3 8 27
9.0 0.999 0.999 0.999 3 * 3 9 27
9.5 0.930 0.930 0.938 3 * 3 9 27
10.0 1.000 1.000 0.999 3 * 3 9 27
0.5 0.000 0.000 0.000 1 * 1
1.0 0.000 0.000 0.000 1 * 1
1.5 0.535 0.240 0.046 1 * 3
2.0 0.725 0.322 0.059 1 * 3
2.5 0.553 0.411 0.125 2 * 3 6
3.0 0.732 0.564 0.227 2 * 3 10
3.5 0.728 0.619 0.306 3 * 3 10 13
4.0 0.648 0.674 0.494 4 * 3 9 17 18
4.5 0.837 0.837 0.806 3 * 3 10 27
5.0 0.878 0.878 0.846 3 * 3 9 27
5.5 0.898 0.898 0.869 3 * 3 9 27
6.0 0.915 0.915 0.889 3 * 3 9 27
6.5 0.908 0.908 0.897 3 * 3 9 27
7.0 0.940 0.940 0.912 3 * 3 9 27
7.5 0.932 0.940 0.914 4 * 3 9 10 27
8.0 0.940 0.947 0.922 4 * 3 9 10 27
8.5 0.951 0.951 0.925 3 * 3 9 27
9.0 0.952 0.959 0.932 4 * 3 9 10 27
9.5 0.964 0.964 0.936 3 * 3 9 27
10.0 1.000 1.000 1.000 3 * 3 9 27
0.5 0.000 0.000 0.000 1 * 1
1.0 0.000 0.000 0.000 1 * 1
1.5 0.563 0.253 0.049 1 * 3
2.0 0.448 0.242 0.071 1 * 4
2.5 0.669 0.506 0.179 2 * 3 8
3.0 0.824 0.631 0.245 2 * 3 9
3.5 0.709 0.590 0.286 3 * 3 11 12
4.0 0.724 0.724 0.511 3 * 3 9 19
4.5 0.851 0.851 0.778 3 * 3 9 26
5.0 0.885 0.885 0.845 3 * 3 9 27
5.5 0.897 0.897 0.871 3 * 3 9 27
6.0 0.912 0.912 0.886 3 * 3 9 27
6.5 0.898 0.898 0.901 3 * 3 9 27
7.0 0.918 0.918 0.908 3 * 3 9 27
7.5 0.944 0.944 0.917 3 * 3 9 27
8.0 0.916 0.916 0.923 3 * 3 9 27
8.5 0.887 0.887 0.930 3 * 3 9 27
9.0 0.957 0.957 0.933 3 * 3 9 27
9.5 0.999 0.999 0.999 3 * 3 9 27
10.0 1.000 1.000 1.000 3 * 3 9 27
0.5 0.000 0.000 0.000 1 * 1
1.0 0.000 0.000 0.000 1 * 1
1.5 0.552 0.248 0.047 1 * 3
2.0 0.459 0.237 0.064 1 * 4
2.5 0.595 0.445 0.144 2 * 3 7
3.0 0.733 0.567 0.234 2 * 3 10
3.5 0.713 0.578 0.259 3 * 3 10 11
4.0 0.676 0.653 0.466 4 * 3 8 11 18
4.5 0.837 0.847 0.775 4 * 3 9 11 26
5.0 0.887 0.887 0.854 3 * 3 9 27
5.5 0.905 0.905 0.873 3 * 3 9 27
6.0 0.911 0.917 0.884 4 * 3 9 10 27
6.5 0.931 0.931 0.904 3 * 3 9 27
7.0 0.936 0.936 0.912 3 * 3 9 27
7.5 0.945 0.945 0.916 3 * 3 9 27
8.0 0.943 0.943 0.920 3 * 3 9 27
8.5 0.999 0.999 0.998 3 * 3 9 27
9.0 0.999 0.999 0.999 3 * 3 9 27
9.5 1.000 1.000 0.999 3 * 3 9 27
10.0 1.000 1.000 0.999 3 * 3 9 27
0.5 0.000 0.000 0.000 1 * 1
1.0 0.000 0.000 0.000 1 * 1
1.5 0.538 0.241 0.045 1 * 3
2.0 0.718 0.321 0.059 1 * 3
2.5 0.613 0.458 0.146 2 * 3 7
3.0 0.818 0.626 0.242 2 * 3 9
3.5 0.711 0.596 0.286 3 * 3 10 12
4.0 0.731 0.731 0.529 3 * 3 9 20
4.5 0.795 0.795 0.773 3 * 3 9 26
5.0 0.882 0.882 0.847 3 * 3 9 27
5.5 0.897 0.897 0.865 3 * 3 9 27
6.0 0.922 0.922 0.889 3 * 3 9 27
6.5 0.930 0.930 0.902 3 * 3 9 27
7.0 0.934 0.934 0.909 3 * 3 9 27
7.5 0.941 0.941 0.916 3 * 3 9 27
8.0 0.944 0.710 0.922 2 * 3 27
8.5 0.999 0.999 0.998 3 * 3 9 27
9.0 0.891 0.891 0.932 3 * 3 9 27
9.5 0.999 0.999 0.999 3 * 3 9 27
10.0 1.000 1.000 0.999 3 * 3 9 27
0.5 0.000 0.000 0.000 1 * 1
1.0 0.000 0.000 0.000 1 * 1
1.5 0.539 0.242 0.045 1 * 3
2.0 0.725 0.324 0.060 1 * 3
2.5 0.643 0.485 0.168 2 * 3 8
3.0 0.827 0.634 0.248 2 * 3 9
3.5 0.719 0.618 0.302 3 * 3 9 13
4.0 0.746 0.728 0.478 3 * 3 9 18
4.5 0.824 0.824 0.733 3 * 3 9 25
5.0 0.879 0.879 0.847 3 * 3 9 27
5.5 0.910 0.910 0.877 3 * 3 9 27
6.0 0.917 0.917 0.890 3 * 3 9 27
6.5 0.925 0.925 0.898 3 * 3 9 27
7.0 0.946 0.946 0.914 3 * 3 9 27
7.5 0.942 0.942 0.915 3 * 3 9 27
8.0 0.952 0.952 0.922 3 * 3 9 27
8.5 0.950 0.950 0.923 3 * 3 9 27
9.0 0.999 0.999 0.999 3 * 3 9 27
9.5 0.999 0.999 0.999 3 * 3 9 27
10.0 1.000 1.000 0.999 3 * 3 9 27
0.5 0.000 0.000 0.000 1 * 1
1.0 0.000 0.000 0.000 1 * 1
1.5 0.540 0.243 0.048 1 * 3
2.0 0.720 0.321 0.059 1 * 3
2.5 0.619 0.464 0.155 2 * 3 7
3.0 0.827 0.635 0.251 2 * 3 9
3.5 0.713 0.595 0.278 3 * 3 10 12
4.0 0.734 0.734 0.531 3 * 3 9 20
4.5 0.860 0.860 0.811 3 * 3 9 27
5.0 0.887 0.887 0.849 3 * 3 9 27
5.5 0.901 0.907 0.872 4 * 3 9 10 27
6.0 0.918 0.918 0.891 3 * 3 9 27
6.5 0.932 0.932 0.903 3 * 3 9 27
7.0 0.938 0.938 0.907 3 * 3 9 27
7.5 0.937 0.705 0.916 2 * 3 27
8.0 0.943 0.709 0.922 2 * 3 27
8.5 0.852 0.798 0.929 3 * 3 5 27
9.0 0.999 0.999 0.999 3 * 3 9 27
9.5 1.000 1.000 0.999 3 * 3 9 27
10.0 0.999 0.999 0.999 3 * 3 9 27
0.5 0.000 0.000 0.000 1 * 1
1.0 0.000 0.000 0.000 1 * 1
1.5 0.526 0.235 0.045 1 * 3
2.0 0.455 0.238 0.066 1 * 4
2.5 0.591 0.442 0.145 2 * 3 7
3.0 0.822 0.630 0.245 2 * 3 9
3.5 0.722 0.604 0.284 3 * 3 10 12
4.0 0.745 0.722 0.467 3 * 3 9 18
4.5 0.790 0.585 0.767 3 * 8 10 26
5.0 0.888 0.888 0.846 3 * 3 9 27
5.5 0.899 0.899 0.868 3 * 3 9 27
6.0 0.919 0.919 0.889 3 * 3 9 27
6.5 0.927 0.927 0.898 3 * 3 9 27
7.0 0.938 0.938 0.910 3 * 3 9 27
7.5 0.931 0.938 0.911 4 * 3 9 10 27
8.0 0.952 0.952 0.923 3 * 3 9 27
8.5 0.938 0.938 0.928 3 * 3 9 27
9.0 0.999 0.999 0.999 3 * 3 9 27
9.5 0.999 0.999 0.999 3 * 3 9 27
10.0 0.966 0.966 0.938 3 * 3 9 27
0.5 0.000 0.000 0.000 1 * 1
1.0 0.000 0.000 0.000 1 * 1
1.5 0.536 0.241 0.046 1 * 3
2.0 0.439 0.228 0.061 1 * 4
2.5 0.636 0.476 0.157 2 * 3 7
3.0 0.756 0.583 0.236 2 * 3 10
3.5 0.606 0.398 0.284 2 * 7 12
4.0 0.677 0.677 0.497 3 * 3 9 19
4.5 0.841 0.841 0.779 3 * 3 9 26
5.0 0.887 0.887 0.844 3 * 3 9 27
5.5 0.909 0.909 0.873 3 * 3 9 27
6.0 0.917 0.917 0.889 3 * 3 9 27
6.5 0.925 0.925 0.899 3 * 3 9 27
7.0 0.935 0.935 0.907 3 * 3 9 27
7.5 0.946 0.946 0.917 3 * 3 9 27
8.0 0.940 0.947 0.922 4 * 3 9 10 27
8.5 0.999 0.999 0.998 3 * 3 9 27
9.0 0.960 0.960 0.933 3 * 3 9 27
9.5 1.000 1.000 0.999 3 * 3 9 27
10.0 0.999 0.999 0.999 3 * 3 9 27
0.5 0.000 0.000 0.000 1 * 1
1.0 0.000 0.000 0.000 1 * 1
1.5 0.541 0.244 0.047 1 * 3
2.0 0.717 0.320 0.059 1 * 3
2.5 0.578 0.427 0.126 2 * 3 6
3.0 0.818 0.628 0.247 2 * 3 9
3.5 0.693 0.578 0.281 3 * 3 11 12
4.0 0.706 0.678 0.447 3 * 3 9 18
4.5 0.803 0.803 0.776 3 * 3 9 26
5.0 0.874 0.874 0.848 3 * 3 10 27
5.5 0.874 0.896 0.874 4 * 3 8 10 27
6.0 0.918 0.918 0.890 3 * 3 9 27
6.5 0.932 0.932 0.901 3 * 3 9 27
7.0 0.940 0.940 0.912 3 * 3 9 27
7.5 0.941 0.941 0.915 3 * 3 9 27
8.0 0.916 0.692 0.921 2 * 3 27
8.5 0.885 0.885 0.927 3 * 3 9 27
9.0 0.999 0.999 0.998 3 * 3 9 27
9.5 0.999 0.999 0.999 3 * 3 9 27
10.0 1.000 1.000 0.999 3 * 3 9 27
0.5 0.000 0.000 0.000 1 * 1
1.0 0.000 0.000 0.000 1 * 1
1.5 0.556 0.249 0.046 1 * 3
2.0 0.474 0.245 0.065 1 * 4
2.5 0.598 0.447 0.145 2 * 3 7
3.0 0.817 0.625 0.242 2 * 3 9
3.5 0.730 0.612 0.288 3 * 3 9 12
4.0 0.749 0.735 0.511 4 * 3 9 10 19
4.5 0.834 0.834 0.740 3 * 3 9 25
5.0 0.884 0.884 0.851 3 * 3 9 27
5.5 0.901 0.901 0.874 3 * 3 9 27
6.0 0.884 0.907 0.891 4 * 3 8 10 27
6.5 0.932 0.932 0.903 3 * 3 9 27
7.0 0.938 0.938 0.911 3 * 3 9 27
7.5 0.943 0.943 0.918 3 * 3 9 27
8.0 0.934 0.934 0.923 3 * 3 9 27
8.5 0.935 0.935 0.924 3 * 3 9 27
9.0 0.961 0.961 0.932 3 * 3 9 27
9.5 0.999 0.999 0.999 3 * 3 9 27
10.0 1.000 1.000 0.999 3 * 3 9 27
0.5 0.000 0.000 0.000 1 * 1
1.0 0.000 0.000 0.000 1 * 1
1.5 0.534 0.239 0.045 1 * 3
2.0 0.716 0.321 0.059 1 * 3
2.5 0.597 0.445 0.142 2 * 3 7
3.0 0.813 0.623 0.244 2 * 3 9
3.5 0.708 0.605 0.300 3 * 3 11 13
4.0 0.551 0.586 0.499 4 * 2 4 13 19
4.5 0.859 0.859 0.807 3 * 3 9 27
5.0 0.879 0.879 0.842 3 * 3 9 27
5.5 0.898 0.898 0.868 3 * 3 9 27
6.0 0.898 0.898 0.884 3 * 3 10 27
6.5 0.928 0.928 0.901 3 * 3 9 27
7.0 0.934 0.934 0.908 3 * 3 9 27
7.5 0.938 0.938 0.914 3 * 3 9 27
8.0 0.911 0.924 0.872 4 * 3 9 26 27
8.5 0.959 0.959 0.931 3 * 3 9 27
9.0 0.999 0.999 0.998 3 * 3 9 27
9.5 0.999 0.999 0.999 3 * 3 9 27
10.0 1.000 1.000 0.999 3 * 3 9 27
0.5 0.000 0.000 0.000 1 * 1
1.0 0.093 0.046 0.013 1 * 2
1.5 0.533 0.240 0.047 1 * 3
2.0 0.717 0.320 0.058 1 * 3
2.5 0.656 0.497 0.179 2 * 3 8
3.0 0.745 0.574 0.232 2 * 3 10
3.5 0.740 0.599 0.266 3 * 3 11 12
4.0 0.726 0.724 0.486 3 * 3 9 19
4.5 0.865 0.865 0.813 3 * 3 9 27
5.0 0.889 0.889 0.850 3 * 3 9 27
5.5 0.910 0.910 0.878 3 * 3 9 27
6.0 0.919 0.919 0.887 3 * 3 9 27
6.5 0.929 0.929 0.900 3 * 3 9 27
7.0 0.932 0.939 0.910 4 * 3 9 10 27
7.5 0.940 0.947 0.916 4 * 3 9 10 27
8.0 0.947 0.947 0.920 3 * 3 9 27
8.5 0.999 0.999 0.998 3 * 3 9 27
9.0 0.905 0.947 0.877 5 * 3 9 13 26 27
9.5 0.999 0.999 0.999 3 * 3 9 27
10.0 1.000 1.000 1.000 3 * 3 9 27
0.5 0.000 0.000 0.000 1 * 1
1.0 0.003 0.002 0.002 1 * 2
1.5 0.539 0.241 0.045 1 * 3
2.0 0.721 0.322 0.059 1 * 3
2.5 0.610 0.463 0.170 2 * 3 8
3.0 0.823 0.631 0.246 2 * 3 9
3.5 0.729 0.591 0.262 3 * 3 10 11
4.0 0.724 0.724 0.504 3 * 3 9 19
4.5 0.850 0.850 0.777 3 * 3 9 26
5.0 0.887 0.887 0.846 3 * 3 9 27
5.5 0.901 0.901 0.868 3 * 3 9 27
6.0 0.907 0.913 0.885 4 * 3 9 10 27
6.5 0.926 0.926 0.898 3 * 3 9 27
7.0 0.931 0.931 0.909 3 * 3 9 27
7.5 0.943 0.943 0.919 3 * 3 9 27
8.0 0.945 0.945 0.921 3 * 3 9 27
8.5 0.938 0.938 0.928 3 * 3 9 27
9.0 0.932 0.932 0.934 3 * 3 9 27
9.5 0.961 0.961 0.933 3 * 3 9 27
10.0 1.000 1.000 0.999 3 * 3 9 27
0.5 0.000 0.000 0.000 1 * 1
1.0 0.000 0.000 0.000 1 * 1
1.5 0.540 0.242 0.046 1 * 3
2.0 0.721 0.322 0.059 1 * 3
2.5 0.454 0.359 0.168 2 * 2 8
3.0 0.668 0.510 0.194 2 * 3 9
3.5 0.740 0.593 0.297 2 * 3 13
4.0 0.686 0.686 0.514 3 * 3 9 19
4.5 0.840 0.840 0.774 3 * 3 9 26
5.0 0.883 0.883 0.846 3 * 3 9 27
5.5 0.909 0.909 0.877 3 * 3 9 27
6.0 0.916 0.916 0.889 3 * 3 9 27
6.5 0.924 0.924 0.897 3 * 3 9 27
7.0 0.929 0.936 0.909 4 * 3 9 10 27
7.5 0.937 0.944 0.918 4 * 3 9 10 27
8.0 0.945 0.945 0.921 3 * 3 9 27
8.5 0.948 0.956 0.928 4 * 3 9 10 27
9.0 0.999 0.999 0.999 3 * 3 9 27
9.5 0.999 0.999 0.999 3 * 3 9 27
10.0 1.000 1.000 0.999 3 * 3 9 27
0.5 0.000 0.000 0.000 1 * 1
1.0 0.000 0.000 0.000 1 * 1
1.5 0.535 0.241 0.047 1 * 3
2.0 0.733 0.328 0.061 1 * 3
2.5 0.573 0.429 0.141 2 * 3 7
3.0 0.818 0.627 0.246 2 * 3 9
3.5 0.719 0.620 0.305 3 * 3 9 13
4.0 0.654 0.661 0.535 4 * 3 8 14 20
4.5 0.799 0.799 0.774 3 * 3 9 26
5.0 0.887 0.887 0.847 3 * 3 9 27
5.5 0.900 0.900 0.866 3 * 3 9 27
6.0 0.916 0.916 0.890 3 * 3 9 27
6.5 0.931 0.931 0.904 3 * 3 9 27
7.0 0.932 0.932 0.908 3 * 3 9 27
7.5 0.942 0.942 0.916 3 * 3 9 27
8.0 0.940 0.708 0.919 2 * 3 27
8.5 0.999 0.999 0.998 3 * 3 9 27
9.0 0.999 0.999 0.999 3 * 3 9 27
9.5 0.999 0.999 0.999 3 * 3 9 27
10.0 0.999 0.999 0.999 3 * 3 9 27
0.5 0.000 0.000 0.000 1 * 1
1.0 0.130 0.060 0.014 1 * 2
1.5 0.566 0.254 0.047 1 * 3
2.0 0.443 0.236 0.066 1 * 4
2.5 0.613 0.460 0.153 2 * 3 7
3.0 0.826 0.634 0.249 2 * 3 9
3.5 0.722 0.603 0.280 3 * 3 9 12
4.0 0.688 0.688 0.503 3 * 3 9 19
4.5 0.811 0.811 0.722 3 * 3 9 26
5.0 0.885 0.885 0.841 3 * 3 9 27
5.5 0.907 0.907 0.873 3 * 3 9 27
6.0 0.913 0.919 0.893 4 * 3 9 10 27
6.5 0.918 0.925 0.899 4 * 3 9 10 27
7.0 0.933 0.939 0.908 4 * 3 9 10 27
7.5 0.944 0.944 0.918 3 * 3 9 27
8.0 0.949 0.949 0.920 3 * 3 9 27
8.5 0.886 0.886 0.929 3 * 3 9 27
9.0 0.999 0.999 0.998 3 * 3 9 27
9.5 1.000 1.000 0.999 3 * 3 9 27
10.0 1.000 1.000 0.999 3 * 3 9 27
0.5 0.000 0.000 0.000 1 * 1
1.0 0.000 0.000 0.000 1 * 1
1.5 0.528 0.239 0.047 1 * 3
2.0 0.714 0.320 0.060 1 * 3
2.5 0.651 0.492 0.174 2 * 3 8
3.0 0.736 0.569 0.235 2 * 3 10
3.5 0.703 0.598 0.281 4 * 3 10 11 12
4.0 0.663 0.653 0.501 4 * 3 8 13 19
4.5 0.855 0.855 0.809 3 * 3 9 27
5.0 0.885 0.885 0.845 3 * 3 9 27
5.5 0.898 0.898 0.870 3 * 3 9 27
6.0 0.907 0.907 0.881 3 * 3 9 27
6.5 0.928 0.928 0.901 3 * 3 9 27
7.0 0.943 0.943 0.913 3 * 3 9 27
7.5 0.938 0.945 0.917 4 * 3 9 10 27
8.0 0.943 0.943 0.919 3 * 3 9 27
8.5 0.999 0.999 0.998 3 * 3 9 27
9.0 0.958 0.958 0.935 3 * 3 9 27
9.5 0.999 0.999 0.999 3 * 3 9 27
10.0 1.000 1.000 0.999 3 * 3 9 27
