0.5 0.026 0.026 0.017 3 * 0.013 0.014 0.017
1.0 0.030 0.031 0.018 3 * 0.016 0.019 0.018
1.5 0.141 0.116 0.040 3 * 0.232 0.076 0.040
2.0 0.171 0.151 0.067 3 * 0.262 0.123 0.067
2.5 0.392 0.355 0.156 3 * 0.498 0.412 0.156
3.0 0.535 0.535 0.310 3 * 0.685 0.609 0.310
3.5 0.727 0.727 0.575 3 * 0.828 0.779 0.575
4.0 0.879 0.879 0.812 3 * 0.929 0.896 0.812
4.5 0.930 0.930 0.893 3 * 0.958 0.938 0.893
5.0 0.962 0.962 0.944 3 * 0.976 0.965 0.944
5.5 0.977 0.977 0.964 3 * 0.986 0.980 0.964
6.0 0.985 0.985 0.977 3 * 0.991 0.986 0.977
6.5 0.991 0.991 0.987 3 * 0.994 0.991 0.987
7.0 0.995 0.995 0.992 3 * 0.997 0.995 0.992
7.5 0.996 0.996 0.994 3 * 0.997 0.996 0.994
8.0 0.998 0.998 0.997 3 * 0.999 0.998 0.997
8.5 0.998 0.998 0.997 3 * 0.999 0.998 0.997
9.0 0.999 0.999 0.999 3 * 1.000 1.000 0.999
9.5 1.000 1.000 0.999 3 * 1.000 1.000 0.999
10.0 1.000 1.000 0.999 3 * 1.000 1.000 0.999
0.5 0.021 0.023 0.015 3 * 0.005 0.010 0.015
1.0 0.035 0.038 0.023 3 * 0.020 0.027 0.023
1.5 0.086 0.086 0.042 3 * 0.053 0.065 0.042
2.0 0.189 0.174 0.073 3 * 0.285 0.165 0.073
2.5 0.390 0.346 0.143 3 * 0.507 0.389 0.143
3.0 0.531 0.531 0.320 3 * 0.669 0.605 0.320
3.5 0.727 0.727 0.551 3 * 0.840 0.789 0.551
4.0 0.872 0.872 0.795 3 * 0.927 0.895 0.795
4.5 0.930 0.930 0.896 3 * 0.958 0.937 0.896
5.0 0.957 0.957 0.936 3 * 0.974 0.961 0.936
5.5 0.977 0.977 0.965 3 * 0.986 0.979 0.965
6.0 0.985 0.985 0.978 3 * 0.991 0.987 0.978
6.5 0.991 0.991 0.987 3 * 0.995 0.993 0.987
7.0 0.994 0.994 0.991 3 * 0.997 0.995 0.991
7.5 0.996 0.996 0.994 3 * 0.998 0.996 0.994
8.0 0.998 0.998 0.996 3 * 0.999 0.998 0.996
8.5 0.999 0.999 0.998 3 * 0.999 0.999 0.998
9.0 0.999 0.999 0.998 3 * 0.999 0.999 0.998
9.5 0.999 0.999 0.999 3 * 1.000 1.000 0.999
10.0 1.000 1.000 1.000 3 * 1.000 1.000 1.000
0.5 0.025 0.025 0.015 3 * 0.014 0.012 0.015
1.0 0.040 0.035 0.021 3 * 0.045 0.029 0.021
1.5 0.108 0.087 0.035 3 * 0.165 0.059 0.035
2.0 0.214 0.200 0.072 3 * 0.354 0.173 0.072
2.5 0.375 0.326 0.149 3 * 0.421 0.409 0.149
3.0 0.543 0.543 0.332 3 * 0.685 0.612 0.332
3.5 0.749 0.749 0.590 3 * 0.854 0.802 0.590
4.0 0.875 0.875 0.798 3 * 0.930 0.896 0.798
4.5 0.932 0.932 0.900 3 * 0.958 0.939 0.900
5.0 0.959 0.959 0.940 3 * 0.974 0.963 0.940
5.5 0.978 0.978 0.965 3 * 0.986 0.981 0.965
6.0 0.985 0.985 0.978 3 * 0.991 0.987 0.978
6.5 0.991 0.991 0.987 3 * 0.995 0.992 0.987
7.0 0.994 0.994 0.991 3 * 0.996 0.994 0.991
7.5 0.996 0.996 0.994 3 * 0.999 0.997 0.994
8.0 0.998 0.998 0.997 3 * 0.999 0.998 0.997
8.5 0.999 0.999 0.998 3 * 0.999 0.999 0.998
9.0 0.999 0.999 0.998 3 * 0.999 0.999 0.998
9.5 0.999 0.999 0.999 3 * 1.000 1.000 0.999
10.0 0.999 0.999 0.999 3 * 1.000 1.000 0.999
0.5 0.034 0.035 0.014 3 * 0.008 0.012 0.014
1.0 0.044 0.043 0.021 3 * 0.029 0.026 0.021
1.5 0.096 0.077 0.037 3 * 0.131 0.064 0.037
2.0 0.196 0.178 0.076 3 * 0.325 0.132 0.076
2.5 0.386 0.349 0.153 3 * 0.497 0.398 0.153
3.0 0.514 0.499 0.272 3 * 0.643 0.581 0.272
3.5 0.727 0.727 0.560 3 * 0.838 0.782 0.560
4.0 0.876 0.876 0.804 3 * 0.929 0.897 0.804
4.5 0.930 0.930 0.895 3 * 0.957 0.938 0.895
5.0 0.960 0.960 0.942 3 * 0.974 0.964 0.942
5.5 0.975 0.975 0.964 3 * 0.984 0.977 0.964
6.0 0.985 0.985 0.977 3 * 0.991 0.986 0.977
6.5 0.990 0.990 0.985 3 * 0.995 0.992 0.985
7.0 0.993 0.993 0.990 3 * 0.996 0.994 0.990
7.5 0.997 0.997 0.995 3 * 0.998 0.997 0.995
8.0 0.998 0.998 0.996 3 * 0.999 0.998 0.996
8.5 0.998 0.998 0.997 3 * 0.999 0.999 0.997
9.0 0.999 0.999 0.998 3 * 0.999 0.999 0.998
9.5 1.000 1.000 0.999 3 * 1.000 1.000 0.999
10.0 1.000 1.000 0.999 3 * 1.000 1.000 0.999
0.5 0.023 0.025 0.015 3 * 0.007 0.015 0.015
1.0 0.036 0.033 0.020 3 * 0.035 0.026 0.020
1.5 0.102 0.078 0.036 3 * 0.144 0.055 0.036
2.0 0.183 0.170 0.074 3 * 0.256 0.179 0.074
2.5 0.369 0.325 0.133 3 * 0.483 0.360 0.133
3.0 0.537 0.537 0.313 3 * 0.689 0.608 0.313
3.5 0.723 0.723 0.555 3 * 0.834 0.780 0.555
4.0 0.876 0.876 0.801 3 * 0.929 0.900 0.801
4.5 0.934 0.934 0.903 3 * 0.957 0.941 0.903
5.0 0.960 0.960 0.940 3 * 0.975 0.963 0.940
5.5 0.977 0.977 0.966 3 * 0.986 0.979 0.966
6.0 0.985 0.985 0.978 3 * 0.991 0.986 0.978
6.5 0.991 0.991 0.987 3 * 0.995 0.993 0.987
7.0 0.995 0.995 0.992 3 * 0.997 0.995 0.992
7.5 0.996 0.996 0.993 3 * 0.998 0.996 0.993
8.0 0.998 0.998 0.997 3 * 0.999 0.998 0.997
8.5 0.999 0.999 0.998 3 * 0.999 0.999 0.998
9.0 0.999 0.999 0.998 3 * 1.000 0.999 0.998
9.5 0.999 0.999 0.999 3 * 1.000 0.999 0.999
10.0 1.000 1.000 0.999 3 * 1.000 1.000 0.999
0.5 0.030 0.029 0.015 3 * 0.015 0.014 0.015
1.0 0.047 0.038 0.021 3 * 0.055 0.028 0.021
1.5 0.099 0.083 0.037 3 * 0.144 0.067 0.037
2.0 0.173 0.151 0.074 3 * 0.221 0.159 0.074
2.5 0.381 0.347 0.151 3 * 0.495 0.396 0.151
3.0 0.533 0.533 0.311 3 * 0.675 0.614 0.311
3.5 0.721 0.721 0.549 3 * 0.836 0.779 0.549
4.0 0.880 0.880 0.809 3 * 0.933 0.899 0.809
4.5 0.928 0.928 0.887 3 * 0.960 0.936 0.887
5.0 0.958 0.958 0.938 3 * 0.973 0.963 0.938
5.5 0.976 0.976 0.964 3 * 0.986 0.978 0.964
6.0 0.985 0.985 0.977 3 * 0.992 0.987 0.977
6.5 0.990 0.990 0.984 3 * 0.995 0.991 0.984
7.0 0.994 0.994 0.991 3 * 0.997 0.995 0.991
7.5 0.996 0.996 0.993 3 * 0.997 0.996 0.993
8.0 0.998 0.998 0.996 3 * 0.999 0.999 0.996
8.5 0.999 0.999 0.998 3 * 0.999 0.999 0.998
9.0 0.999 0.999 0.998 3 * 0.999 0.999 0.998
9.5 0.999 0.999 0.999 3 * 1.000 0.999 0.999
10.0 1.000 1.000 0.999 3 * 1.000 1.000 0.999
0.5 0.034 0.034 0.016 3 * 0.012 0.013 0.016
1.0 0.032 0.029 0.020 3 * 0.023 0.014 0.020
1.5 0.098 0.085 0.035 3 * 0.164 0.055 0.035
2.0 0.174 0.159 0.071 3 * 0.265 0.140 0.071
2.5 0.382 0.335 0.143 3 * 0.486 0.376 0.143
3.0 0.519 0.498 0.271 3 * 0.645 0.579 0.271
3.5 0.754 0.754 0.596 3 * 0.861 0.805 0.596
4.0 0.874 0.874 0.799 3 * 0.928 0.895 0.799
4.5 0.936 0.936 0.909 3 * 0.958 0.942 0.909
5.0 0.960 0.960 0.941 3 * 0.976 0.964 0.941
5.5 0.975 0.975 0.964 3 * 0.984 0.978 0.964
6.0 0.985 0.985 0.977 3 * 0.991 0.987 0.977
6.5 0.991 0.991 0.986 3 * 0.995 0.991 0.986
7.0 0.994 0.994 0.991 3 * 0.996 0.994 0.991
7.5 0.996 0.996 0.993 3 * 0.998 0.997 0.993
8.0 0.998 0.998 0.996 3 * 0.999 0.998 0.996
8.5 0.998 0.998 0.998 3 * 0.999 0.999 0.998
9.0 0.999 0.999 0.999 3 * 1.000 0.999 0.999
9.5 0.999 0.999 0.999 3 * 1.000 0.999 0.999
10.0 1.000 1.000 1.000 3 * 1.000 1.000 1.000
0.5 0.021 0.019 0.015 3 * 0.014 0.011 0.015
1.0 0.035 0.033 0.020 3 * 0.025 0.021 0.020
1.5 0.080 0.070 0.038 3 * 0.110 0.060 0.038
2.0 0.119 0.112 0.070 3 * 0.122 0.133 0.070
2.5 0.390 0.348 0.153 3 * 0.498 0.392 0.153
3.0 0.530 0.519 0.288 3 * 0.675 0.595 0.288
3.5 0.713 0.713 0.538 3 * 0.827 0.776 0.538
4.0 0.876 0.876 0.806 3 * 0.929 0.895 0.806
4.5 0.931 0.931 0.900 3 * 0.955 0.938 0.900
5.0 0.961 0.961 0.942 3 * 0.976 0.965 0.942
5.5 0.975 0.975 0.963 3 * 0.984 0.977 0.963
6.0 0.984 0.984 0.977 3 * 0.991 0.986 0.977
6.5 0.992 0.992 0.988 3 * 0.994 0.992 0.988
7.0 0.994 0.994 0.990 3 * 0.997 0.995 0.990
7.5 0.996 0.996 0.994 3 * 0.998 0.997 0.994
8.0 0.998 0.998 0.996 3 * 0.999 0.998 0.996
8.5 0.999 0.999 0.998 3 * 0.999 0.999 0.998
9.0 0.999 0.999 0.999 3 * 1.000 1.000 0.999
9.5 0.999 0.999 0.999 3 * 1.000 1.000 0.999
10.0 1.000 1.000 0.999 3 * 1.000 1.000 0.999
0.5 0.024 0.025 0.016 3 * 0.007 0.012 0.016
1.0 0.041 0.043 0.021 3 * 0.020 0.027 0.021
1.5 0.102 0.082 0.038 3 * 0.141 0.068 0.038
2.0 0.138 0.126 0.073 3 * 0.145 0.142 0.073
2.5 0.404 0.359 0.158 3 * 0.505 0.414 0.158
3.0 0.526 0.512 0.272 3 * 0.670 0.594 0.272
3.5 0.761 0.761 0.604 3 * 0.865 0.813 0.604
4.0 0.875 0.875 0.799 3 * 0.929 0.898 0.799
4.5 0.928 0.928 0.897 3 * 0.953 0.935 0.897
5.0 0.961 0.961 0.942 3 * 0.976 0.966 0.942
5.5 0.977 0.977 0.966 3 * 0.986 0.979 0.966
6.0 0.985 0.985 0.977 3 * 0.991 0.986 0.977
6.5 0.990 0.990 0.984 3 * 0.994 0.991 0.984
7.0 0.993 0.993 0.990 3 * 0.997 0.994 0.990
7.5 0.996 0.996 0.994 3 * 0.997 0.996 0.994
8.0 0.997 0.997 0.996 3 * 0.998 0.997 0.996
8.5 0.998 0.998 0.998 3 * 0.999 0.999 0.998
9.0 0.999 0.999 0.999 3 * 0.999 0.999 0.999
9.5 0.999 0.999 0.999 3 * 1.000 0.999 0.999
10.0 1.000 1.000 0.999 3 * 1.000 1.000 0.999
0.5 0.028 0.027 0.016 3 * 0.018 0.016 0.016
1.0 0.053 0.043 0.020 3 * 0.053 0.023 0.020
1.5 0.077 0.071 0.038 3 * 0.071 0.066 0.038
2.0 0.211 0.186 0.080 3 * 0.333 0.145 0.080
2.5 0.378 0.331 0.145 3 * 0.469 0.380 0.145
3.0 0.573 0.573 0.363 3 * 0.711 0.644 0.363
3.5 0.742 0.742 0.583 3 * 0.846 0.797 0.583
4.0 0.883 0.883 0.815 3 * 0.930 0.902 0.815
4.5 0.929 0.929 0.893 3 * 0.957 0.938 0.893
5.0 0.961 0.961 0.942 3 * 0.977 0.964 0.942
5.5 0.976 0.976 0.964 3 * 0.985 0.978 0.964
6.0 0.985 0.985 0.977 3 * 0.992 0.986 0.977
6.5 0.991 0.991 0.986 3 * 0.996 0.992 0.986
7.0 0.995 0.995 0.991 3 * 0.997 0.995 0.991
7.5 0.996 0.996 0.994 3 * 0.998 0.997 0.994
8.0 0.997 0.997 0.996 3 * 0.999 0.998 0.996
8.5 0.998 0.998 0.997 3 * 0.999 0.999 0.997
9.0 0.999 0.999 0.998 3 * 1.000 0.999 0.998
9.5 0.999 0.999 0.999 3 * 1.000 1.000 0.999
10.0 1.000 1.000 0.999 3 * 1.000 1.000 0.999
