0.5 0.021 0.021 0.015 3 * 0.011 0.012 0.015
1.0 0.036 0.036 0.021 3 * 0.020 0.019 0.021
1.5 0.095 0.075 0.039 3 * 0.126 0.059 0.039
2.0 0.194 0.177 0.072 3 * 0.303 0.155 0.072
2.5 0.321 0.276 0.137 3 * 0.308 0.381 0.137
3.0 0.401 0.392 0.278 3 * 0.316 0.584 0.278
3.5 0.746 0.746 0.588 3 * 0.852 0.798 0.588
4.0 0.876 0.876 0.806 3 * 0.926 0.895 0.806
4.5 0.930 0.930 0.897 3 * 0.956 0.938 0.897
5.0 0.961 0.961 0.942 3 * 0.976 0.965 0.942
5.5 0.975 0.975 0.964 3 * 0.984 0.977 0.964
6.0 0.986 0.986 0.978 3 * 0.992 0.987 0.978
6.5 0.990 0.990 0.985 3 * 0.994 0.991 0.985
7.0 0.994 0.994 0.990 3 * 0.996 0.994 0.990
7.5 0.996 0.996 0.994 3 * 0.997 0.996 0.994
8.0 0.998 0.998 0.996 3 * 0.999 0.998 0.996
8.5 0.998 0.998 0.997 3 * 0.999 0.999 0.997
9.0 0.999 0.999 0.998 3 * 1.000 0.999 0.998
9.5 0.999 0.999 0.999 3 * 1.000 1.000 0.999
10.0 0.999 0.999 0.999 3 * 1.000 1.000 0.999
0.5 0.030 0.029 0.016 3 * 0.016 0.013 0.016
1.0 0.040 0.035 0.020 3 * 0.034 0.018 0.020
1.5 0.070 0.066 0.036 3 * 0.055 0.050 0.036
2.0 0.174 0.149 0.075 3 * 0.212 0.160 0.075
2.5 0.277 0.241 0.153 3 * 0.168 0.388 0.153
3.0 0.509 0.490 0.275 3 * 0.631 0.563 0.275
3.5 0.732 0.732 0.568 3 * 0.841 0.788 0.568
4.0 0.874 0.874 0.800 3 * 0.927 0.894 0.800
4.5 0.932 0.932 0.900 3 * 0.958 0.939 0.900
5.0 0.962 0.962 0.943 3 * 0.978 0.966 0.943
5.5 0.975 0.975 0.962 3 * 0.985 0.977 0.962
6.0 0.984 0.984 0.976 3 * 0.991 0.986 0.976
6.5 0.991 0.991 0.986 3 * 0.996 0.992 0.986
7.0 0.994 0.994 0.991 3 * 0.997 0.995 0.991
7.5 0.997 0.997 0.995 3 * 0.998 0.997 0.995
8.0 0.998 0.998 0.996 3 * 0.999 0.998 0.996
8.5 0.999 0.999 0.998 3 * 0.999 0.999 0.998
9.0 0.999 0.999 0.998 3 * 0.999 0.999 0.998
9.5 0.999 0.999 0.999 3 * 1.000 0.999 0.999
10.0 1.000 1.000 1.000 3 * 1.000 1.000 1.000
0.5 0.026 0.026 0.016 3 * 0.010 0.011 0.016
1.0 0.034 0.029 0.021 3 * 0.035 0.018 0.021
1.5 0.069 0.056 0.035 3 * 0.076 0.049 0.035
2.0 0.172 0.155 0.075 3 * 0.235 0.154 0.075
2.5 0.329 0.280 0.146 3 * 0.312 0.383 0.146
3.0 0.411 0.407 0.289 3 * 0.337 0.593 0.289
3.5 0.706 0.706 0.528 3 * 0.822 0.768 0.528
4.0 0.876 0.876 0.805 3 * 0.928 0.896 0.805
4.5 0.931 0.931 0.895 3 * 0.957 0.939 0.895
5.0 0.961 0.961 0.941 3 * 0.977 0.965 0.941
5.5 0.976 0.976 0.964 3 * 0.985 0.979 0.964
6.0 0.984 0.984 0.975 3 * 0.991 0.986 0.975
6.5 0.991 0.991 0.985 3 * 0.995 0.993 0.985
7.0 0.995 0.995 0.992 3 * 0.997 0.996 0.992
7.5 0.996 0.996 0.994 3 * 0.998 0.996 0.994
8.0 0.998 0.998 0.996 3 * 0.999 0.998 0.996
8.5 0.999 0.999 0.997 3 * 0.999 0.999 0.997
9.0 0.999 0.999 0.998 3 * 1.000 0.999 0.998
9.5 0.999 0.999 0.999 3 * 1.000 1.000 0.999
10.0 1.000 1.000 0.999 3 * 1.000 1.000 0.999
0.5 0.023 0.025 0.014 3 * 0.006 0.011 0.014
1.0 0.054 0.047 0.025 3 * 0.041 0.019 0.025
1.5 0.139 0.100 0.036 3 * 0.199 0.066 0.036
2.0 0.151 0.131 0.062 3 * 0.199 0.132 0.062
2.5 0.320 0.278 0.142 3 * 0.319 0.374 0.142
3.0 0.507 0.506 0.283 3 * 0.647 0.588 0.283
3.5 0.711 0.711 0.537 3 * 0.824 0.774 0.537
4.0 0.870 0.870 0.794 3 * 0.923 0.891 0.794
4.5 0.937 0.937 0.904 3 * 0.962 0.945 0.904
5.0 0.958 0.958 0.939 3 * 0.973 0.963 0.939
5.5 0.975 0.975 0.963 3 * 0.983 0.978 0.963
6.0 0.987 0.987 0.980 3 * 0.992 0.988 0.980
6.5 0.990 0.990 0.984 3 * 0.994 0.991 0.984
7.0 0.994 0.994 0.991 3 * 0.996 0.995 0.991
7.5 0.996 0.996 0.995 3 * 0.998 0.997 0.995
8.0 0.997 0.997 0.996 3 * 0.999 0.998 0.996
8.5 0.999 0.999 0.998 3 * 0.999 0.999 0.998
9.0 0.999 0.999 0.999 3 * 0.999 0.999 0.999
9.5 0.999 0.999 0.999 3 * 0.999 0.999 0.999
10.0 1.000 1.000 0.999 3 * 1.000 1.000 0.999
0.5 0.019 0.020 0.015 3 * 0.009 0.012 0.015
1.0 0.032 0.030 0.019 3 * 0.023 0.017 0.019
1.5 0.064 0.058 0.038 3 * 0.076 0.060 0.038
2.0 0.132 0.118 0.066 3 * 0.157 0.133 0.066
2.5 0.404 0.370 0.163 3 * 0.533 0.416 0.163
3.0 0.516 0.516 0.292 3 * 0.661 0.596 0.292
3.5 0.752 0.752 0.601 3 * 0.851 0.803 0.601
4.0 0.868 0.868 0.784 3 * 0.927 0.893 0.784
4.5 0.933 0.933 0.902 3 * 0.958 0.940 0.902
5.0 0.962 0.962 0.943 3 * 0.976 0.966 0.943
5.5 0.979 0.979 0.967 3 * 0.988 0.981 0.967
6.0 0.986 0.986 0.978 3 * 0.992 0.988 0.978
6.5 0.992 0.992 0.987 3 * 0.996 0.993 0.987
7.0 0.995 0.995 0.992 3 * 0.997 0.996 0.992
7.5 0.996 0.996 0.994 3 * 0.998 0.996 0.994
8.0 0.998 0.998 0.996 3 * 0.999 0.998 0.996
8.5 0.998 0.998 0.997 3 * 0.999 0.998 0.997
9.0 0.999 0.999 0.998 3 * 1.000 0.999 0.998
9.5 1.000 1.000 0.999 3 * 1.000 1.000 0.999
10.0 1.000 1.000 0.999 3 * 1.000 1.000 0.999
0.5 0.024 0.025 0.016 3 * 0.011 0.013 0.016
1.0 0.045 0.042 0.022 3 * 0.035 0.025 0.022
1.5 0.056 0.057 0.038 3 * 0.039 0.052 0.038
2.0 0.092 0.092 0.063 3 * 0.076 0.105 0.063
2.5 0.335 0.282 0.138 3 * 0.337 0.371 0.138
3.0 0.386 0.386 0.315 3 * 0.243 0.600 0.315
3.5 0.750 0.750 0.591 3 * 0.855 0.804 0.591
4.0 0.883 0.883 0.823 3 * 0.927 0.899 0.823
4.5 0.930 0.930 0.896 3 * 0.957 0.938 0.896
5.0 0.959 0.959 0.939 3 * 0.974 0.963 0.939
5.5 0.977 0.977 0.966 3 * 0.986 0.979 0.966
6.0 0.985 0.985 0.978 3 * 0.990 0.986 0.978
6.5 0.991 0.991 0.986 3 * 0.995 0.992 0.986
7.0 0.994 0.994 0.990 3 * 0.997 0.995 0.990
7.5 0.996 0.996 0.994 3 * 0.998 0.997 0.994
8.0 0.998 0.998 0.997 3 * 0.999 0.999 0.997
8.5 0.999 0.999 0.998 3 * 0.999 0.999 0.998
9.0 0.999 0.999 0.999 3 * 1.000 0.999 0.999
9.5 0.999 0.999 0.999 3 * 1.000 0.999 0.999
10.0 1.000 1.000 0.999 3 * 1.000 1.000 0.999
0.5 0.021 0.020 0.016 3 * 0.013 0.010 0.016
1.0 0.038 0.036 0.020 3 * 0.025 0.020 0.020
1.5 0.062 0.053 0.034 3 * 0.066 0.048 0.034
2.0 0.184 0.171 0.064 3 * 0.310 0.138 0.064
2.5 0.298 0.249 0.142 3 * 0.230 0.376 0.142
3.0 0.507 0.490 0.272 3 * 0.629 0.567 0.272
3.5 0.723 0.723 0.568 3 * 0.824 0.776 0.568
4.0 0.852 0.852 0.761 3 * 0.913 0.882 0.761
4.5 0.934 0.934 0.900 3 * 0.959 0.942 0.900
5.0 0.961 0.961 0.941 3 * 0.977 0.966 0.941
5.5 0.977 0.977 0.965 3 * 0.986 0.979 0.965
6.0 0.985 0.985 0.977 3 * 0.991 0.986 0.977
6.5 0.991 0.991 0.986 3 * 0.995 0.992 0.986
7.0 0.995 0.995 0.992 3 * 0.997 0.995 0.992
7.5 0.997 0.997 0.994 3 * 0.998 0.997 0.994
8.0 0.997 0.997 0.995 3 * 0.999 0.998 0.995
8.5 0.998 0.998 0.997 3 * 0.999 0.998 0.997
9.0 0.999 0.999 0.999 3 * 0.999 0.999 0.999
9.5 1.000 1.000 0.999 3 * 1.000 1.000 0.999
10.0 0.999 0.999 0.999 3 * 1.000 1.000 0.999
0.5 0.019 0.020 0.015 3 * 0.008 0.010 0.015
1.0 0.044 0.041 0.022 3 * 0.039 0.032 0.022
1.5 0.058 0.056 0.034 3 * 0.038 0.045 0.034
2.0 0.178 0.162 0.076 3 * 0.265 0.146 0.076
2.5 0.373 0.332 0.147 3 * 0.481 0.368 0.147
3.0 0.519 0.519 0.299 3 * 0.664 0.593 0.299
3.5 0.730 0.730 0.563 3 * 0.840 0.785 0.563
4.0 0.851 0.851 0.760 3 * 0.912 0.880 0.760
4.5 0.927 0.927 0.890 3 * 0.956 0.935 0.890
5.0 0.960 0.960 0.942 3 * 0.975 0.964 0.942
5.5 0.976 0.976 0.965 3 * 0.984 0.978 0.965
6.0 0.985 0.985 0.977 3 * 0.991 0.988 0.977
6.5 0.990 0.990 0.986 3 * 0.994 0.991 0.986
7.0 0.994 0.994 0.991 3 * 0.997 0.995 0.991
7.5 0.996 0.996 0.994 3 * 0.998 0.997 0.994
8.0 0.998 0.998 0.996 3 * 0.999 0.998 0.996
8.5 0.998 0.998 0.997 3 * 0.999 0.999 0.997
9.0 0.999 0.999 0.999 3 * 1.000 0.999 0.999
9.5 1.000 1.000 0.999 3 * 1.000 1.000 0.999
10.0 1.000 1.000 0.999 3 * 1.000 1.000 0.999
0.5 0.024 0.026 0.017 3 * 0.008 0.013 0.017
1.0 0.031 0.033 0.023 3 * 0.019 0.026 0.023
1.5 0.087 0.081 0.038 3 * 0.065 0.060 0.038
2.0 0.136 0.125 0.072 3 * 0.182 0.121 0.072
2.5 0.297 0.248 0.139 3 * 0.218 0.387 0.139
3.0 0.418 0.418 0.315 3 * 0.331 0.608 0.315
3.5 0.757 0.757 0.595 3 * 0.864 0.811 0.595
4.0 0.875 0.875 0.800 3 * 0.929 0.896 0.800
4.5 0.937 0.937 0.904 3 * 0.963 0.944 0.904
5.0 0.961 0.961 0.944 3 * 0.976 0.965 0.944
5.5 0.975 0.975 0.963 3 * 0.985 0.978 0.963
6.0 0.987 0.987 0.979 3 * 0.992 0.989 0.979
6.5 0.991 0.991 0.986 3 * 0.995 0.992 0.986
7.0 0.995 0.995 0.992 3 * 0.998 0.996 0.992
7.5 0.997 0.997 0.995 3 * 0.998 0.997 0.995
8.0 0.998 0.998 0.996 3 * 0.999 0.998 0.996
8.5 0.999 0.999 0.998 3 * 0.999 0.999 0.998
9.0 0.969 0.969 0.948 3 * 1.000 0.958 0.948
9.5 1.000 1.000 0.999 3 * 1.000 1.000 0.999
10.0 1.000 1.000 1.000 3 * 1.000 1.000 1.000
0.5 0.029 0.029 0.015 3 * 0.009 0.011 0.015
1.0 0.038 0.034 0.021 3 * 0.039 0.026 0.021
1.5 0.101 0.080 0.041 3 * 0.135 0.065 0.041
2.0 0.136 0.121 0.076 3 * 0.130 0.157 0.076
2.5 0.328 0.283 0.139 3 * 0.328 0.380 0.139
3.0 0.532 0.528 0.303 3 * 0.678 0.604 0.303
3.5 0.705 0.705 0.523 3 * 0.820 0.772 0.523
4.0 0.876 0.876 0.804 3 * 0.926 0.897 0.804
4.5 0.932 0.932 0.899 3 * 0.958 0.940 0.899
5.0 0.962 0.962 0.944 3 * 0.975 0.968 0.944
5.5 0.977 0.977 0.965 3 * 0.986 0.979 0.965
6.0 0.986 0.986 0.978 3 * 0.991 0.987 0.978
6.5 0.991 0.991 0.986 3 * 0.996 0.993 0.986
7.0 0.994 0.994 0.990 3 * 0.997 0.995 0.990
7.5 0.997 0.997 0.995 3 * 0.998 0.997 0.995
8.0 0.997 0.997 0.996 3 * 0.998 0.998 0.996
8.5 0.999 0.999 0.998 3 * 0.999 0.999 0.998
9.0 0.999 0.999 0.998 3 * 0.999 0.999 0.998
9.5 0.999 0.999 0.999 3 * 1.000 0.999 0.999
10.0 1.000 1.000 0.999 3 * 1.000 1.000 0.999
0.5 0.018 0.020 0.015 3 * 0.006 0.012 0.015
1.0 0.034 0.032 0.019 3 * 0.026 0.020 0.019
1.5 0.080 0.060 0.036 3 * 0.094 0.046 0.036
2.0 0.187 0.175 0.065 3 * 0.325 0.135 0.065
2.5 0.278 0.235 0.147 3 * 0.181 0.377 0.147
3.0 0.485 0.478 0.296 3 * 0.549 0.589 0.296
3.5 0.751 0.751 0.587 3 * 0.861 0.806 0.587
4.0 0.880 0.880 0.806 3 * 0.932 0.900 0.806
4.5 0.932 0.932 0.900 3 * 0.958 0.939 0.900
5.0 0.961 0.961 0.943 3 * 0.976 0.965 0.943
5.5 0.976 0.976 0.964 3 * 0.985 0.978 0.964
6.0 0.984 0.984 0.977 3 * 0.989 0.987 0.977
6.5 0.989 0.989 0.984 3 * 0.993 0.990 0.984
7.0 0.994 0.994 0.990 3 * 0.997 0.995 0.990
7.5 0.997 0.997 0.995 3 * 0.998 0.998 0.995
8.0 0.998 0.998 0.996 3 * 0.999 0.998 0.996
8.5 0.998 0.998 0.997 3 * 0.999 0.999 0.997
9.0 0.999 0.999 0.998 3 * 1.000 0.999 0.998
9.5 1.000 1.000 0.999 3 * 1.000 1.000 0.999
10.0 1.000 1.000 0.999 3 * 1.000 1.000 0.999
0.5 0.022 0.024 0.015 3 * 0.007 0.014 0.015
1.0 0.032 0.033 0.022 3 * 0.019 0.021 0.022
1.5 0.099 0.079 0.037 3 * 0.135 0.063 0.037
2.0 0.216 0.204 0.074 3 * 0.368 0.169 0.074
2.5 0.279 0.244 0.151 3 * 0.187 0.370 0.151
3.0 0.521 0.510 0.292 3 * 0.659 0.580 0.292
3.5 0.711 0.711 0.541 3 * 0.822 0.768 0.541
4.0 0.880 0.880 0.809 3 * 0.932 0.899 0.809
4.5 0.931 0.931 0.895 3 * 0.959 0.938 0.895
5.0 0.961 0.961 0.943 3 * 0.975 0.964 0.943
5.5 0.977 0.977 0.965 3 * 0.986 0.980 0.965
6.0 0.985 0.985 0.978 3 * 0.991 0.987 0.978
6.5 0.992 0.992 0.987 3 * 0.995 0.993 0.987
7.0 0.995 0.995 0.992 3 * 0.997 0.995 0.992
7.5 0.996 0.996 0.994 3 * 0.998 0.997 0.994
8.0 0.998 0.998 0.997 3 * 0.999 0.998 0.997
8.5 0.998 0.998 0.997 3 * 0.999 0.999 0.997
9.0 0.999 0.999 0.998 3 * 1.000 0.999 0.998
9.5 0.999 0.999 0.999 3 * 1.000 1.000 0.999
10.0 0.999 0.999 0.999 3 * 1.000 0.999 0.999
0.5 0.022 0.024 0.015 3 * 0.007 0.012 0.015
1.0 0.035 0.028 0.021 3 * 0.041 0.021 0.021
1.5 0.071 0.066 0.037 3 * 0.059 0.053 0.037
2.0 0.158 0.144 0.071 3 * 0.199 0.161 0.071
2.5 0.319 0.278 0.148 3 * 0.322 0.364 0.148
3.0 0.515 0.515 0.307 3 * 0.650 0.589 0.307
3.5 0.743 0.743 0.584 3 * 0.847 0.797 0.584
4.0 0.868 0.868 0.791 3 * 0.923 0.889 0.791
4.5 0.931 0.931 0.899 3 * 0.955 0.938 0.899
5.0 0.962 0.962 0.943 3 * 0.976 0.966 0.943
5.5 0.976 0.976 0.963 3 * 0.986 0.979 0.963
6.0 0.986 0.986 0.978 3 * 0.992 0.988 0.978
6.5 0.990 0.990 0.985 3 * 0.994 0.991 0.985
7.0 0.995 0.995 0.991 3 * 0.997 0.995 0.991
7.5 0.996 0.996 0.994 3 * 0.998 0.997 0.994
8.0 0.997 0.997 0.996 3 * 0.999 0.998 0.996
8.5 0.998 0.998 0.997 3 * 0.999 0.998 0.997
9.0 0.999 0.999 0.999 3 * 1.000 1.000 0.999
9.5 0.999 0.999 0.999 3 * 1.000 0.999 0.999
10.0 1.000 1.000 0.999 3 * 1.000 1.000 0.999
0.5 0.030 0.029 0.015 3 * 0.014 0.010 0.015
1.0 0.029 0.031 0.021 3 * 0.015 0.018 0.021
1.5 0.055 0.051 0.037 3 * 0.049 0.040 0.037
2.0 0.142 0.123 0.075 3 * 0.129 0.166 0.075
2.5 0.360 0.324 0.143 3 * 0.438 0.390 0.143
3.0 0.470 0.453 0.268 3 * 0.532 0.560 0.268
3.5 0.732 0.732 0.564 3 * 0.846 0.785 0.564
4.0 0.876 0.876 0.805 3 * 0.929 0.895 0.805
4.5 0.940 0.940 0.912 3 * 0.963 0.947 0.912
5.0 0.957 0.957 0.939 3 * 0.972 0.962 0.939
5.5 0.976 0.976 0.964 3 * 0.986 0.979 0.964
6.0 0.986 0.986 0.980 3 * 0.992 0.987 0.980
6.5 0.990 0.990 0.985 3 * 0.994 0.991 0.985
7.0 0.994 0.994 0.991 3 * 0.996 0.995 0.991
7.5 0.997 0.997 0.994 3 * 0.999 0.997 0.994
8.0 0.998 0.998 0.996 3 * 0.999 0.998 0.996
8.5 0.999 0.999 0.997 3 * 1.000 0.999 0.997
9.0 0.999 0.999 0.998 3 * 1.000 0.999 0.998
9.5 0.999 0.999 0.999 3 * 1.000 1.000 0.999
10.0 1.000 1.000 0.999 3 * 1.000 1.000 0.999
0.5 0.026 0.027 0.014 3 * 0.007 0.010 0.014
1.0 0.038 0.031 0.021 3 * 0.049 0.022 0.021
1.5 0.067 0.070 0.040 3 * 0.049 0.064 0.040
2.0 0.132 0.122 0.072 3 * 0.154 0.140 0.072
2.5 0.268 0.228 0.145 3 * 0.162 0.373 0.145
3.0 0.402 0.399 0.296 3 * 0.320 0.581 0.296
3.5 0.762 0.762 0.616 3 * 0.862 0.808 0.616
4.0 0.881 0.881 0.812 3 * 0.932 0.898 0.812
4.5 0.936 0.936 0.907 3 * 0.958 0.942 0.907
5.0 0.961 0.961 0.941 3 * 0.976 0.965 0.941
5.5 0.977 0.977 0.965 3 * 0.986 0.980 0.965
6.0 0.986 0.986 0.978 3 * 0.992 0.987 0.978
6.5 0.991 0.991 0.985 3 * 0.995 0.992 0.985
7.0 0.995 0.995 0.991 3 * 0.998 0.995 0.991
7.5 0.996 0.996 0.994 3 * 0.998 0.997 0.994
8.0 0.997 0.997 0.995 3 * 0.998 0.998 0.995
8.5 0.998 0.998 0.997 3 * 0.999 0.998 0.997
9.0 0.999 0.999 0.998 3 * 0.999 0.999 0.998
9.5 0.999 0.999 0.999 3 * 1.000 0.999 0.999
10.0 1.000 1.000 0.999 3 * 1.000 1.000 0.999
0.5 0.030 0.029 0.013 3 * 0.015 0.010 0.013
1.0 0.041 0.037 0.022 3 * 0.036 0.024 0.022
1.5 0.099 0.084 0.039 3 * 0.153 0.062 0.039
2.0 0.189 0.169 0.065 3 * 0.299 0.143 0.065
2.5 0.337 0.294 0.152 3 * 0.336 0.392 0.152
3.0 0.374 0.374 0.311 3 * 0.218 0.594 0.311
3.5 0.748 0.748 0.591 3 * 0.855 0.798 0.591
4.0 0.875 0.875 0.800 3 * 0.929 0.897 0.800
4.5 0.932 0.932 0.900 3 * 0.958 0.938 0.900
5.0 0.960 0.960 0.941 3 * 0.975 0.964 0.941
5.5 0.977 0.977 0.965 3 * 0.986 0.979 0.965
6.0 0.986 0.986 0.978 3 * 0.992 0.987 0.978
6.5 0.992 0.992 0.987 3 * 0.996 0.993 0.987
7.0 0.994 0.994 0.991 3 * 0.997 0.995 0.991
7.5 0.997 0.997 0.994 3 * 0.998 0.997 0.994
8.0 0.998 0.998 0.997 3 * 0.999 0.998 0.997
8.5 0.998 0.998 0.998 3 * 0.999 0.998 0.998
9.0 0.999 0.999 0.999 3 * 1.000 0.999 0.999
9.5 0.999 0.999 0.999 3 * 1.000 1.000 0.999
10.0 1.000 1.000 0.999 3 * 1.000 1.000 0.999
0.5 0.028 0.029 0.015 3 * 0.007 0.010 0.015
1.0 0.037 0.036 0.021 3 * 0.021 0.018 0.021
1.5 0.086 0.075 0.037 3 * 0.137 0.053 0.037
2.0 0.123 0.108 0.069 3 * 0.138 0.118 0.069
2.5 0.371 0.341 0.150 3 * 0.494 0.379 0.150
3.0 0.514 0.504 0.292 3 * 0.645 0.575 0.292
3.5 0.747 0.747 0.583 3 * 0.857 0.801 0.583
4.0 0.877 0.877 0.804 3 * 0.930 0.898 0.804
4.5 0.931 0.931 0.894 3 * 0.959 0.940 0.894
5.0 0.960 0.960 0.941 3 * 0.974 0.964 0.941
5.5 0.976 0.976 0.963 3 * 0.986 0.979 0.963
6.0 0.986 0.986 0.978 3 * 0.992 0.987 0.978
6.5 0.990 0.990 0.985 3 * 0.994 0.992 0.985
7.0 0.994 0.994 0.990 3 * 0.997 0.995 0.990
7.5 0.997 0.997 0.995 3 * 0.999 0.998 0.995
8.0 0.997 0.997 0.996 3 * 0.999 0.998 0.996
8.5 0.999 0.999 0.998 3 * 0.999 0.999 0.998
9.0 0.999 0.999 0.999 3 * 1.000 0.999 0.999
9.5 0.999 0.999 0.999 3 * 1.000 1.000 0.999
10.0 0.999 0.999 0.999 3 * 1.000 1.000 0.999
0.5 0.022 0.024 0.015 3 * 0.002 0.011 0.015
1.0 0.042 0.038 0.022 3 * 0.041 0.027 0.022
1.5 0.104 0.086 0.037 3 * 0.155 0.066 0.037
2.0 0.147 0.132 0.078 3 * 0.174 0.142 0.078
2.5 0.352 0.302 0.134 3 * 0.404 0.368 0.134
3.0 0.405 0.405 0.303 3 * 0.325 0.586 0.303
3.5 0.773 0.773 0.626 3 * 0.873 0.821 0.626
4.0 0.871 0.871 0.790 3 * 0.928 0.893 0.790
4.5 0.930 0.930 0.898 3 * 0.956 0.937 0.898
5.0 0.962 0.962 0.944 3 * 0.977 0.965 0.944
5.5 0.978 0.978 0.966 3 * 0.988 0.980 0.966
6.0 0.985 0.985 0.977 3 * 0.991 0.987 0.977
6.5 0.991 0.991 0.985 3 * 0.995 0.993 0.985
7.0 0.995 0.995 0.990 3 * 0.998 0.995 0.990
7.5 0.996 0.996 0.994 3 * 0.998 0.997 0.994
8.0 0.998 0.998 0.996 3 * 0.999 0.998 0.996
8.5 0.999 0.999 0.998 3 * 1.000 0.999 0.998
9.0 0.999 0.999 0.999 3 * 1.000 0.999 0.999
9.5 0.999 0.999 0.999 3 * 0.999 0.999 0.999
10.0 1.000 1.000 1.000 3 * 1.000 1.000 1.000
0.5 0.023 0.024 0.015 3 * 0.012 0.014 0.015
1.0 0.033 0.028 0.022 3 * 0.035 0.021 0.022
1.5 0.058 0.053 0.038 3 * 0.056 0.050 0.038
2.0 0.167 0.148 0.071 3 * 0.218 0.155 0.071
2.5 0.329 0.289 0.154 3 * 0.330 0.385 0.154
3.0 0.398 0.372 0.255 3 * 0.302 0.559 0.255
3.5 0.733 0.733 0.573 3 * 0.835 0.790 0.573
4.0 0.881 0.881 0.812 3 * 0.933 0.899 0.812
4.5 0.932 0.932 0.899 3 * 0.957 0.939 0.899
5.0 0.959 0.959 0.939 3 * 0.975 0.963 0.939
5.5 0.975 0.975 0.964 3 * 0.985 0.977 0.964
6.0 0.986 0.986 0.980 3 * 0.992 0.988 0.980
6.5 0.991 0.991 0.986 3 * 0.995 0.992 0.986
7.0 0.995 0.995 0.992 3 * 0.997 0.995 0.992
7.5 0.996 0.996 0.994 3 * 0.998 0.997 0.994
8.0 0.998 0.998 0.996 3 * 0.999 0.998 0.996
8.5 0.999 0.999 0.998 3 * 0.999 0.999 0.998
9.0 0.999 0.999 0.999 3 * 0.999 0.999 0.999
9.5 0.999 0.999 0.999 3 * 1.000 0.999 0.999
10.0 0.999 0.999 0.999 3 * 1.000 1.000 0.999
0.5 0.018 0.020 0.014 3 * 0.006 0.010 0.014
1.0 0.031 0.034 0.019 3 * 0.012 0.022 0.019
1.5 0.050 0.054 0.039 3 * 0.027 0.041 0.039
2.0 0.142 0.133 0.085 3 * 0.116 0.170 0.085
2.5 0.327 0.282 0.148 3 * 0.317 0.381 0.148
3.0 0.510 0.501 0.288 3 * 0.632 0.584 0.288
3.5 0.732 0.732 0.564 3 * 0.844 0.789 0.564
4.0 0.875 0.875 0.804 3 * 0.927 0.894 0.804
4.5 0.932 0.932 0.899 3 * 0.958 0.939 0.899
5.0 0.963 0.963 0.944 3 * 0.978 0.967 0.944
5.5 0.975 0.975 0.964 3 * 0.983 0.978 0.964
6.0 0.986 0.986 0.978 3 * 0.992 0.988 0.978
6.5 0.992 0.992 0.987 3 * 0.995 0.993 0.987
7.0 0.994 0.994 0.992 3 * 0.996 0.995 0.992
7.5 0.997 0.997 0.995 3 * 0.999 0.997 0.995
8.0 0.997 0.997 0.996 3 * 0.999 0.998 0.996
8.5 0.998 0.998 0.997 3 * 0.999 0.998 0.997
9.0 0.999 0.999 0.998 3 * 1.000 0.999 0.998
9.5 1.000 1.000 0.999 3 * 1.000 1.000 0.999
10.0 0.999 0.999 0.999 3 * 1.000 1.000 0.999
0.5 0.017 0.018 0.014 3 * 0.006 0.010 0.014
1.0 0.033 0.030 0.021 3 * 0.025 0.015 0.021
1.5 0.076 0.068 0.038 3 * 0.068 0.057 0.038
2.0 0.171 0.156 0.084 3 * 0.223 0.162 0.084
2.5 0.287 0.232 0.148 3 * 0.166 0.382 0.148
3.0 0.523 0.521 0.289 3 * 0.670 0.603 0.289
3.5 0.752 0.752 0.592 3 * 0.860 0.803 0.592
4.0 0.872 0.872 0.799 3 * 0.926 0.891 0.799
4.5 0.934 0.934 0.904 3 * 0.957 0.940 0.904
5.0 0.960 0.960 0.940 3 * 0.976 0.965 0.940
5.5 0.975 0.975 0.962 3 * 0.986 0.977 0.962
6.0 0.987 0.987 0.979 3 * 0.992 0.988 0.979
6.5 0.991 0.991 0.987 3 * 0.995 0.993 0.987
7.0 0.995 0.995 0.992 3 * 0.998 0.996 0.992
7.5 0.996 0.996 0.994 3 * 0.998 0.997 0.994
8.0 0.997 0.997 0.996 3 * 0.999 0.998 0.996
8.5 0.998 0.998 0.997 3 * 0.999 0.999 0.997
9.0 0.999 0.999 0.998 3 * 1.000 0.999 0.998
9.5 0.999 0.999 0.998 3 * 1.000 0.999 0.998
10.0 1.000 1.000 0.999 3 * 1.000 1.000 0.999
0.5 0.021 0.023 0.015 3 * 0.004 0.013 0.015
1.0 0.041 0.035 0.020 3 * 0.041 0.024 0.020
1.5 0.088 0.071 0.036 3 * 0.098 0.060 0.036
2.0 0.164 0.153 0.080 3 * 0.233 0.146 0.080
2.5 0.366 0.317 0.148 3 * 0.416 0.388 0.148
3.0 0.505 0.476 0.256 3 * 0.619 0.553 0.256
3.5 0.736 0.736 0.575 3 * 0.842 0.792 0.575
4.0 0.855 0.855 0.770 3 * 0.914 0.880 0.770
4.5 0.934 0.934 0.900 3 * 0.960 0.941 0.900
5.0 0.957 0.957 0.938 3 * 0.972 0.961 0.938
5.5 0.975 0.975 0.962 3 * 0.986 0.978 0.962
6.0 0.986 0.986 0.978 3 * 0.991 0.988 0.978
6.5 0.992 0.992 0.987 3 * 0.996 0.993 0.987
7.0 0.994 0.994 0.991 3 * 0.997 0.995 0.991
7.5 0.996 0.996 0.994 3 * 0.998 0.997 0.994
8.0 0.997 0.997 0.996 3 * 0.999 0.998 0.996
8.5 0.998 0.998 0.997 3 * 0.999 0.999 0.997
9.0 0.999 0.999 0.998 3 * 1.000 0.999 0.998
9.5 0.999 0.999 0.999 3 * 1.000 0.999 0.999
10.0 1.000 1.000 0.999 3 * 1.000 1.000 0.999
0.5 0.021 0.023 0.015 3 * 0.004 0.012 0.015
1.0 0.030 0.028 0.019 3 * 0.022 0.018 0.019
1.5 0.078 0.064 0.037 3 * 0.094 0.062 0.037
2.0 0.159 0.143 0.063 3 * 0.243 0.124 0.063
2.5 0.379 0.335 0.152 3 * 0.479 0.373 0.152
3.0 0.536 0.536 0.311 3 * 0.690 0.607 0.311
3.5 0.730 0.730 0.557 3 * 0.840 0.792 0.557
4.0 0.877 0.877 0.806 3 * 0.930 0.894 0.806
4.5 0.932 0.932 0.899 3 * 0.958 0.939 0.899
5.0 0.961 0.961 0.943 3 * 0.976 0.964 0.943
5.5 0.975 0.975 0.962 3 * 0.985 0.977 0.962
6.0 0.986 0.986 0.978 3 * 0.993 0.988 0.978
6.5 0.991 0.991 0.986 3 * 0.995 0.992 0.986
7.0 0.994 0.994 0.991 3 * 0.996 0.994 0.991
7.5 0.997 0.997 0.995 3 * 0.998 0.997 0.995
8.0 0.998 0.998 0.996 3 * 0.999 0.998 0.996
8.5 0.999 0.999 0.997 3 * 0.999 0.999 0.997
9.0 0.999 0.999 0.998 3 * 1.000 0.999 0.998
9.5 0.999 0.999 0.999 3 * 1.000 1.000 0.999
10.0 1.000 1.000 0.999 3 * 1.000 1.000 0.999
0.5 0.024 0.024 0.014 3 * 0.009 0.009 0.014
1.0 0.035 0.034 0.021 3 * 0.025 0.022 0.021
1.5 0.063 0.052 0.035 3 * 0.064 0.043 0.035
2.0 0.110 0.109 0.074 3 * 0.083 0.130 0.074
2.5 0.384 0.355 0.156 3 * 0.513 0.395 0.156
3.0 0.508 0.488 0.258 3 * 0.651 0.555 0.258
3.5 0.727 0.727 0.560 3 * 0.838 0.782 0.560
4.0 0.882 0.882 0.815 3 * 0.931 0.900 0.815
4.5 0.931 0.931 0.896 3 * 0.957 0.938 0.896
5.0 0.959 0.959 0.939 3 * 0.976 0.963 0.939
5.5 0.978 0.978 0.966 3 * 0.987 0.979 0.966
6.0 0.987 0.987 0.979 3 * 0.993 0.989 0.979
6.5 0.990 0.990 0.984 3 * 0.995 0.992 0.984
7.0 0.994 0.994 0.991 3 * 0.996 0.995 0.991
7.5 0.996 0.996 0.993 3 * 0.998 0.997 0.993
8.0 0.998 0.998 0.996 3 * 0.999 0.998 0.996
8.5 0.999 0.999 0.998 3 * 0.999 0.999 0.998
9.0 0.999 0.999 0.998 3 * 0.999 0.999 0.998
9.5 0.999 0.999 0.999 3 * 1.000 1.000 0.999
10.0 0.999 0.999 0.999 3 * 1.000 1.000 0.999
0.5 0.020 0.020 0.014 3 * 0.008 0.009 0.014
1.0 0.034 0.033 0.021 3 * 0.023 0.022 0.021
1.5 0.109 0.095 0.045 3 * 0.167 0.074 0.045
2.0 0.187 0.173 0.070 3 * 0.285 0.164 0.070
2.5 0.310 0.259 0.146 3 * 0.246 0.385 0.146
3.0 0.519 0.509 0.287 3 * 0.652 0.587 0.287
3.5 0.763 0.763 0.622 3 * 0.863 0.804 0.622
4.0 0.870 0.870 0.789 3 * 0.925 0.896 0.789
4.5 0.934 0.934 0.902 3 * 0.958 0.941 0.902
5.0 0.963 0.963 0.944 3 * 0.978 0.967 0.944
5.5 0.977 0.977 0.965 3 * 0.987 0.979 0.965
6.0 0.985 0.985 0.977 3 * 0.991 0.986 0.977
6.5 0.992 0.992 0.987 3 * 0.995 0.993 0.987
7.0 0.994 0.994 0.991 3 * 0.996 0.994 0.991
7.5 0.996 0.996 0.994 3 * 0.998 0.997 0.994
8.0 0.998 0.998 0.996 3 * 0.999 0.998 0.996
8.5 0.999 0.999 0.998 3 * 0.999 0.999 0.998
9.0 0.998 0.998 0.998 3 * 0.999 0.999 0.998
9.5 1.000 1.000 0.999 3 * 1.000 1.000 0.999
10.0 1.000 1.000 0.999 3 * 1.000 1.000 0.999
0.5 0.023 0.025 0.015 3 * 0.007 0.011 0.015
1.0 0.028 0.033 0.019 3 * 0.009 0.024 0.019
1.5 0.095 0.075 0.036 3 * 0.121 0.066 0.036
2.0 0.185 0.171 0.073 3 * 0.282 0.159 0.073
2.5 0.268 0.219 0.138 3 * 0.158 0.361 0.138
3.0 0.392 0.392 0.334 3 * 0.227 0.615 0.334
3.5 0.743 0.743 0.582 3 * 0.847 0.798 0.582
4.0 0.877 0.877 0.803 3 * 0.929 0.897 0.803
4.5 0.930 0.930 0.898 3 * 0.956 0.937 0.898
5.0 0.960 0.960 0.940 3 * 0.974 0.965 0.940
5.5 0.976 0.976 0.964 3 * 0.984 0.979 0.964
6.0 0.988 0.988 0.980 3 * 0.994 0.989 0.980
6.5 0.991 0.991 0.987 3 * 0.995 0.992 0.987
7.0 0.995 0.995 0.991 3 * 0.997 0.996 0.991
7.5 0.995 0.995 0.992 3 * 0.998 0.996 0.992
8.0 0.997 0.997 0.995 3 * 0.998 0.998 0.995
8.5 0.998 0.998 0.997 3 * 0.999 0.998 0.997
9.0 0.999 0.999 0.999 3 * 1.000 0.999 0.999
9.5 1.000 1.000 0.999 3 * 1.000 1.000 0.999
10.0 1.000 1.000 1.000 3 * 1.000 1.000 1.000
0.5 0.027 0.029 0.015 3 * 0.005 0.010 0.015
1.0 0.049 0.039 0.020 3 * 0.056 0.029 0.020
1.5 0.091 0.073 0.036 3 * 0.126 0.056 0.036
2.0 0.139 0.125 0.073 3 * 0.199 0.104 0.073
2.5 0.307 0.263 0.155 3 * 0.238 0.395 0.155
3.0 0.520 0.517 0.302 3 * 0.660 0.591 0.302
3.5 0.725 0.725 0.563 3 * 0.831 0.782 0.563
4.0 0.874 0.874 0.803 3 * 0.926 0.893 0.803
4.5 0.929 0.929 0.898 3 * 0.954 0.935 0.898
5.0 0.960 0.960 0.940 3 * 0.977 0.964 0.940
5.5 0.978 0.978 0.966 3 * 0.988 0.980 0.966
6.0 0.985 0.985 0.978 3 * 0.991 0.987 0.978
6.5 0.992 0.992 0.986 3 * 0.996 0.993 0.986
7.0 0.995 0.995 0.992 3 * 0.997 0.995 0.992
7.5 0.997 0.997 0.996 3 * 0.998 0.997 0.996
8.0 0.998 0.998 0.996 3 * 0.999 0.998 0.996
8.5 0.999 0.999 0.997 3 * 0.999 0.999 0.997
9.0 0.999 0.999 0.999 3 * 1.000 0.999 0.999
9.5 0.999 0.999 0.999 3 * 1.000 0.999 0.999
10.0 1.000 1.000 0.999 3 * 1.000 1.000 0.999
0.5 0.023 0.025 0.015 3 * 0.007 0.012 0.015
1.0 0.035 0.034 0.021 3 * 0.024 0.022 0.021
1.5 0.079 0.071 0.040 3 * 0.070 0.060 0.040
2.0 0.167 0.148 0.071 3 * 0.247 0.126 0.071
2.5 0.279 0.234 0.149 3 * 0.169 0.384 0.149
3.0 0.482 0.476 0.289 3 * 0.543 0.595 0.289
3.5 0.743 0.743 0.584 3 * 0.848 0.798 0.584
4.0 0.876 0.876 0.802 3 * 0.931 0.896 0.802
4.5 0.928 0.928 0.894 3 * 0.952 0.936 0.894
5.0 0.960 0.960 0.940 3 * 0.975 0.964 0.940
5.5 0.976 0.976 0.964 3 * 0.985 0.978 0.964
6.0 0.986 0.986 0.978 3 * 0.993 0.988 0.978
6.5 0.992 0.992 0.986 3 * 0.995 0.993 0.986
7.0 0.995 0.995 0.991 3 * 0.997 0.995 0.991
7.5 0.996 0.996 0.994 3 * 0.998 0.996 0.994
8.0 0.998 0.998 0.996 3 * 0.999 0.998 0.996
8.5 0.998 0.998 0.997 3 * 0.999 0.999 0.997
9.0 0.999 0.999 0.998 3 * 1.000 0.999 0.998
9.5 0.999 0.999 0.999 3 * 0.999 0.999 0.999
10.0 1.000 1.000 0.999 3 * 1.000 1.000 0.999
0.5 0.022 0.024 0.015 3 * 0.007 0.012 0.015
1.0 0.039 0.032 0.021 3 * 0.038 0.019 0.021
1.5 0.092 0.083 0.039 3 * 0.083 0.065 0.039
2.0 0.141 0.143 0.079 3 * 0.130 0.174 0.079
2.5 0.324 0.277 0.146 3 * 0.316 0.369 0.146
3.0 0.531 0.514 0.284 3 * 0.656 0.601 0.284
3.5 0.718 0.718 0.545 3 * 0.828 0.779 0.545
4.0 0.868 0.868 0.792 3 * 0.922 0.890 0.792
4.5 0.930 0.930 0.896 3 * 0.955 0.938 0.896
5.0 0.961 0.961 0.941 3 * 0.976 0.966 0.941
5.5 0.962 0.962 0.921 3 * 0.987 0.979 0.921
6.0 0.986 0.986 0.978 3 * 0.991 0.987 0.978
6.5 0.991 0.991 0.987 3 * 0.995 0.992 0.987
7.0 0.994 0.994 0.990 3 * 0.997 0.995 0.990
7.5 0.997 0.997 0.995 3 * 0.999 0.997 0.995
8.0 0.998 0.998 0.996 3 * 0.999 0.998 0.996
8.5 0.999 0.999 0.998 3 * 0.999 0.999 0.998
9.0 0.999 0.999 0.998 3 * 0.999 0.999 0.998
9.5 0.999 0.999 0.999 3 * 1.000 0.999 0.999
10.0 1.000 1.000 0.999 3 * 1.000 1.000 0.999
0.5 0.033 0.034 0.014 3 * 0.006 0.012 0.014
1.0 0.032 0.033 0.023 3 * 0.018 0.022 0.023
1.5 0.082 0.066 0.041 3 * 0.093 0.057 0.041
2.0 0.151 0.131 0.076 3 * 0.168 0.149 0.076
2.5 0.383 0.353 0.159 3 * 0.507 0.394 0.159
3.0 0.489 0.469 0.263 3 * 0.556 0.588 0.263
3.5 0.712 0.712 0.547 3 * 0.819 0.771 0.547
4.0 0.873 0.873 0.794 3 * 0.930 0.896 0.794
4.5 0.931 0.931 0.897 3 * 0.956 0.940 0.897
5.0 0.962 0.962 0.943 3 * 0.976 0.967 0.943
5.5 0.977 0.977 0.965 3 * 0.988 0.979 0.965
6.0 0.986 0.986 0.979 3 * 0.992 0.988 0.979
6.5 0.992 0.992 0.988 3 * 0.995 0.993 0.988
7.0 0.994 0.994 0.991 3 * 0.996 0.995 0.991
7.5 0.996 0.996 0.994 3 * 0.998 0.997 0.994
8.0 0.998 0.998 0.996 3 * 1.000 0.999 0.996
8.5 0.998 0.998 0.997 3 * 0.999 0.998 0.997
9.0 0.999 0.999 0.998 3 * 1.000 0.999 0.998
9.5 0.999 0.999 0.999 3 * 1.000 1.000 0.999
10.0 1.000 1.000 0.999 3 * 1.000 1.000 0.999
0.5 0.022 0.024 0.014 3 * 0.003 0.009 0.014
1.0 0.037 0.031 0.019 3 * 0.035 0.019 0.019
1.5 0.086 0.066 0.034 3 * 0.093 0.053 0.034
2.0 0.147 0.137 0.072 3 * 0.198 0.142 0.072
2.5 0.305 0.256 0.141 3 * 0.255 0.372 0.141
3.0 0.522 0.520 0.290 3 * 0.671 0.601 0.290
3.5 0.756 0.756 0.604 3 * 0.860 0.803 0.604
4.0 0.852 0.852 0.765 3 * 0.912 0.878 0.765
4.5 0.935 0.935 0.904 3 * 0.960 0.941 0.904
5.0 0.958 0.958 0.940 3 * 0.974 0.961 0.940
5.5 0.975 0.975 0.963 3 * 0.984 0.977 0.963
6.0 0.985 0.985 0.978 3 * 0.991 0.987 0.978
6.5 0.991 0.991 0.986 3 * 0.996 0.992 0.986
7.0 0.995 0.995 0.991 3 * 0.997 0.995 0.991
7.5 0.996 0.996 0.994 3 * 0.998 0.996 0.994
8.0 0.998 0.998 0.997 3 * 0.999 0.998 0.997
8.5 0.999 0.999 0.998 3 * 0.999 0.999 0.998
9.0 0.999 0.999 0.999 3 * 1.000 1.000 0.999
9.5 1.000 1.000 0.999 3 * 1.000 1.000 0.999
10.0 0.999 0.999 0.999 3 * 1.000 1.000 0.999
0.5 0.026 0.027 0.016 3 * 0.010 0.014 0.016
1.0 0.027 0.029 0.021 3 * 0.014 0.020 0.021
1.5 0.090 0.077 0.037 3 * 0.128 0.066 0.037
2.0 0.136 0.123 0.071 3 * 0.147 0.147 0.071
2.5 0.319 0.280 0.141 3 * 0.324 0.375 0.141
3.0 0.407 0.395 0.269 3 * 0.321 0.595 0.269
3.5 0.741 0.741 0.578 3 * 0.847 0.797 0.578
4.0 0.847 0.847 0.750 3 * 0.910 0.879 0.750
4.5 0.930 0.930 0.892 3 * 0.959 0.939 0.892
5.0 0.958 0.958 0.938 3 * 0.974 0.962 0.938
5.5 0.975 0.975 0.962 3 * 0.985 0.977 0.962
6.0 0.985 0.985 0.977 3 * 0.992 0.987 0.977
6.5 0.990 0.990 0.985 3 * 0.994 0.992 0.985
7.0 0.994 0.994 0.990 3 * 0.997 0.995 0.990
7.5 0.996 0.996 0.993 3 * 0.997 0.996 0.993
8.0 0.998 0.998 0.997 3 * 0.999 0.998 0.997
8.5 0.999 0.999 0.997 3 * 0.999 0.999 0.997
9.0 0.999 0.999 0.998 3 * 0.999 0.999 0.998
9.5 0.999 0.999 0.999 3 * 1.000 0.999 0.999
10.0 1.000 1.000 0.999 3 * 1.000 1.000 0.999
0.5 0.022 0.023 0.015 3 * 0.008 0.012 0.015
1.0 0.039 0.040 0.021 3 * 0.024 0.028 0.021
1.5 0.064 0.062 0.040 3 * 0.054 0.060 0.040
2.0 0.173 0.149 0.081 3 * 0.187 0.161 0.081
2.5 0.309 0.265 0.135 3 * 0.300 0.358 0.135
3.0 0.474 0.474 0.314 3 * 0.476 0.633 0.314
3.5 0.698 0.698 0.506 3 * 0.817 0.772 0.506
4.0 0.867 0.867 0.790 3 * 0.923 0.889 0.790
4.5 0.933 0.933 0.900 3 * 0.957 0.941 0.900
5.0 0.958 0.958 0.939 3 * 0.974 0.961 0.939
5.5 0.977 0.977 0.965 3 * 0.986 0.979 0.965
6.0 0.984 0.984 0.976 3 * 0.990 0.985 0.976
6.5 0.991 0.991 0.986 3 * 0.995 0.992 0.986
7.0 0.994 0.994 0.990 3 * 0.997 0.994 0.990
7.5 0.996 0.996 0.993 3 * 0.998 0.997 0.993
8.0 0.997 0.997 0.996 3 * 0.998 0.998 0.996
8.5 0.999 0.999 0.998 3 * 0.999 0.999 0.998
9.0 0.999 0.999 0.998 3 * 1.000 0.999 0.998
9.5 0.999 0.999 0.999 3 * 1.000 0.999 0.999
10.0 1.000 1.000 0.999 3 * 1.000 1.000 0.999
0.5 0.027 0.030 0.016 3 * 0.008 0.015 0.016
1.0 0.041 0.040 0.021 3 * 0.027 0.024 0.021
1.5 0.086 0.074 0.038 3 * 0.083 0.057 0.038
2.0 0.156 0.132 0.071 3 * 0.218 0.108 0.071
2.5 0.324 0.282 0.139 3 * 0.336 0.370 0.139
3.0 0.474 0.474 0.300 3 * 0.535 0.587 0.300
3.5 0.709 0.709 0.549 3 * 0.814 0.763 0.549
4.0 0.874 0.874 0.803 3 * 0.927 0.893 0.803
4.5 0.933 0.933 0.901 3 * 0.958 0.939 0.901
5.0 0.961 0.961 0.942 3 * 0.977 0.964 0.942
5.5 0.976 0.976 0.964 3 * 0.985 0.978 0.964
6.0 0.986 0.986 0.978 3 * 0.992 0.988 0.978
6.5 0.992 0.992 0.987 3 * 0.995 0.993 0.987
7.0 0.995 0.995 0.992 3 * 0.997 0.995 0.992
7.5 0.997 0.997 0.995 3 * 0.998 0.997 0.995
8.0 0.998 0.998 0.996 3 * 0.999 0.998 0.996
8.5 0.998 0.998 0.997 3 * 0.999 0.999 0.997
9.0 0.999 0.999 0.999 3 * 1.000 0.999 0.999
9.5 1.000 1.000 0.999 3 * 1.000 1.000 0.999
10.0 1.000 1.000 0.999 3 * 1.000 1.000 0.999
0.5 0.027 0.029 0.015 3 * 0.006 0.012 0.015
1.0 0.046 0.036 0.022 3 * 0.054 0.025 0.022
1.5 0.069 0.062 0.038 3 * 0.065 0.052 0.038
2.0 0.107 0.101 0.070 3 * 0.107 0.113 0.070
2.5 0.280 0.242 0.153 3 * 0.180 0.392 0.153
3.0 0.518 0.512 0.290 3 * 0.656 0.589 0.290
3.5 0.741 0.741 0.579 3 * 0.852 0.792 0.579
4.0 0.886 0.886 0.826 3 * 0.932 0.900 0.826
4.5 0.934 0.934 0.903 3 * 0.958 0.941 0.903
5.0 0.959 0.959 0.940 3 * 0.974 0.963 0.940
5.5 0.974 0.974 0.961 3 * 0.984 0.976 0.961
6.0 0.985 0.985 0.978 3 * 0.991 0.987 0.978
6.5 0.991 0.991 0.986 3 * 0.995 0.992 0.986
7.0 0.994 0.994 0.991 3 * 0.997 0.995 0.991
7.5 0.996 0.996 0.994 3 * 0.998 0.997 0.994
8.0 0.998 0.998 0.996 3 * 1.000 0.999 0.996
8.5 0.998 0.998 0.997 3 * 0.999 0.998 0.997
9.0 0.999 0.999 0.998 3 * 0.999 0.999 0.998
9.5 0.999 0.999 0.999 3 * 1.000 1.000 0.999
10.0 0.999 0.999 0.999 3 * 1.000 1.000 0.999
0.5 0.025 0.026 0.016 3 * 0.011 0.012 0.016
1.0 0.032 0.036 0.023 3 * 0.012 0.021 0.023
1.5 0.093 0.079 0.038 3 * 0.095 0.061 0.038
2.0 0.118 0.098 0.062 3 * 0.141 0.090 0.062
2.5 0.368 0.323 0.145 3 * 0.448 0.377 0.145
3.0 0.517 0.504 0.287 3 * 0.645 0.580 0.287
3.5 0.755 0.755 0.606 3 * 0.855 0.804 0.606
4.0 0.853 0.853 0.765 3 * 0.914 0.879 0.765
4.5 0.931 0.931 0.896 3 * 0.959 0.939 0.896
5.0 0.963 0.963 0.945 3 * 0.978 0.967 0.945
5.5 0.977 0.977 0.965 3 * 0.986 0.980 0.965
6.0 0.986 0.986 0.979 3 * 0.991 0.987 0.979
6.5 0.991 0.991 0.986 3 * 0.995 0.992 0.986
7.0 0.993 0.993 0.990 3 * 0.996 0.994 0.990
7.5 0.996 0.996 0.994 3 * 0.998 0.996 0.994
8.0 0.998 0.998 0.997 3 * 0.999 0.998 0.997
8.5 0.998 0.998 0.997 3 * 0.999 0.998 0.997
9.0 0.999 0.999 0.999 3 * 1.000 0.999 0.999
9.5 0.999 0.999 0.999 3 * 1.000 0.999 0.999
10.0 1.000 1.000 0.999 3 * 1.000 1.000 0.999
0.5 0.027 0.028 0.015 3 * 0.006 0.010 0.015
1.0 0.028 0.032 0.021 3 * 0.017 0.029 0.021
1.5 0.097 0.071 0.037 3 * 0.126 0.050 0.037
2.0 0.195 0.161 0.078 3 * 0.269 0.138 0.078
2.5 0.330 0.286 0.149 3 * 0.323 0.386 0.149
3.0 0.529 0.527 0.309 3 * 0.668 0.603 0.309
3.5 0.730 0.730 0.564 3 * 0.839 0.787 0.564
4.0 0.853 0.853 0.751 3 * 0.921 0.887 0.751
4.5 0.932 0.932 0.900 3 * 0.957 0.938 0.900
5.0 0.916 0.916 0.897 3 * 0.923 0.927 0.897
5.5 0.976 0.976 0.964 3 * 0.986 0.979 0.964
6.0 0.986 0.986 0.978 3 * 0.992 0.987 0.978
6.5 0.991 0.991 0.985 3 * 0.995 0.992 0.985
7.0 0.995 0.995 0.992 3 * 0.997 0.996 0.992
7.5 0.996 0.996 0.994 3 * 0.997 0.996 0.994
8.0 0.998 0.998 0.997 3 * 0.999 0.998 0.997
8.5 0.998 0.998 0.997 3 * 0.999 0.999 0.997
9.0 0.999 0.999 0.999 3 * 1.000 1.000 0.999
9.5 0.999 0.999 0.999 3 * 1.000 1.000 0.999
10.0 1.000 1.000 0.999 3 * 1.000 1.000 0.999
0.5 0.027 0.029 0.014 3 * 0.008 0.012 0.014
1.0 0.044 0.039 0.021 3 * 0.034 0.021 0.021
1.5 0.080 0.078 0.034 3 * 0.045 0.057 0.034
2.0 0.152 0.135 0.075 3 * 0.181 0.150 0.075
2.5 0.365 0.329 0.157 3 * 0.424 0.406 0.157
3.0 0.510 0.500 0.286 3 * 0.642 0.572 0.286
3.5 0.717 0.717 0.540 3 * 0.833 0.777 0.540
4.0 0.869 0.869 0.780 3 * 0.929 0.897 0.780
4.5 0.935 0.935 0.903 3 * 0.960 0.942 0.903
5.0 0.959 0.959 0.939 3 * 0.974 0.963 0.939
5.5 0.974 0.974 0.962 3 * 0.983 0.976 0.962
6.0 0.985 0.985 0.976 3 * 0.991 0.986 0.976
6.5 0.991 0.991 0.985 3 * 0.995 0.991 0.985
7.0 0.994 0.994 0.991 3 * 0.997 0.995 0.991
7.5 0.996 0.996 0.993 3 * 0.998 0.997 0.993
8.0 0.998 0.998 0.997 3 * 0.999 0.998 0.997
8.5 0.999 0.999 0.998 3 * 0.999 0.999 0.998
9.0 0.999 0.999 0.999 3 * 1.000 1.000 0.999
9.5 0.999 0.999 0.999 3 * 1.000 1.000 0.999
10.0 1.000 1.000 1.000 3 * 1.000 1.000 1.000
0.5 0.025 0.025 0.014 3 * 0.011 0.011 0.014
1.0 0.030 0.031 0.020 3 * 0.014 0.018 0.020
1.5 0.089 0.077 0.035 3 * 0.139 0.057 0.035
2.0 0.138 0.130 0.066 3 * 0.201 0.123 0.066
2.5 0.279 0.235 0.149 3 * 0.175 0.379 0.149
3.0 0.402 0.394 0.290 3 * 0.316 0.576 0.290
3.5 0.741 0.741 0.583 3 * 0.844 0.796 0.583
4.0 0.873 0.873 0.799 3 * 0.925 0.894 0.799
4.5 0.931 0.931 0.898 3 * 0.957 0.939 0.898
5.0 0.961 0.961 0.942 3 * 0.977 0.965 0.942
5.5 0.976 0.976 0.965 3 * 0.985 0.978 0.965
6.0 0.985 0.985 0.977 3 * 0.991 0.986 0.977
6.5 0.990 0.990 0.986 3 * 0.994 0.991 0.986
7.0 0.994 0.994 0.991 3 * 0.997 0.995 0.991
7.5 0.997 0.997 0.995 3 * 0.998 0.997 0.995
8.0 0.998 0.998 0.996 3 * 0.999 0.998 0.996
8.5 0.999 0.999 0.998 3 * 1.000 0.999 0.998
9.0 0.999 0.999 0.999 3 * 1.000 0.999 0.999
9.5 1.000 1.000 0.999 3 * 1.000 1.000 0.999
10.0 0.999 0.999 0.999 3 * 1.000 1.000 0.999
0.5 0.028 0.031 0.016 3 * 0.007 0.015 0.016
1.0 0.035 0.033 0.021 3 * 0.027 0.021 0.021
1.5 0.094 0.066 0.035 3 * 0.118 0.046 0.035
2.0 0.157 0.145 0.081 3 * 0.146 0.186 0.081
2.5 0.408 0.367 0.154 3 * 0.532 0.413 0.154
3.0 0.518 0.511 0.281 3 * 0.657 0.594 0.281
3.5 0.738 0.738 0.573 3 * 0.849 0.793 0.573
4.0 0.882 0.882 0.815 3 * 0.930 0.903 0.815
4.5 0.935 0.935 0.906 3 * 0.959 0.942 0.906
5.0 0.965 0.965 0.947 3 * 0.980 0.967 0.947
5.5 0.976 0.976 0.964 3 * 0.986 0.979 0.964
6.0 0.986 0.986 0.978 3 * 0.992 0.987 0.978
6.5 0.992 0.992 0.987 3 * 0.995 0.992 0.987
7.0 0.994 0.994 0.990 3 * 0.996 0.995 0.990
7.5 0.997 0.997 0.994 3 * 0.998 0.997 0.994
8.0 0.998 0.998 0.996 3 * 0.999 0.998 0.996
8.5 0.999 0.999 0.998 3 * 1.000 0.999 0.998
9.0 0.999 0.999 0.999 3 * 1.000 1.000 0.999
9.5 0.999 0.999 0.999 3 * 0.999 0.999 0.999
10.0 1.000 1.000 0.999 3 * 1.000 1.000 0.999
0.5 0.020 0.021 0.016 3 * 0.010 0.012 0.016
1.0 0.034 0.033 0.021 3 * 0.022 0.022 0.021
1.5 0.070 0.060 0.035 3 * 0.069 0.055 0.035
2.0 0.195 0.171 0.072 3 * 0.317 0.124 0.072
2.5 0.297 0.246 0.130 3 * 0.247 0.360 0.130
3.0 0.527 0.527 0.307 3 * 0.680 0.592 0.307
3.5 0.739 0.739 0.560 3 * 0.857 0.801 0.560
4.0 0.877 0.877 0.807 3 * 0.929 0.896 0.807
4.5 0.932 0.932 0.895 3 * 0.958 0.942 0.895
5.0 0.960 0.960 0.941 3 * 0.976 0.963 0.941
5.5 0.977 0.977 0.965 3 * 0.986 0.979 0.965
6.0 0.986 0.986 0.978 3 * 0.992 0.987 0.978
6.5 0.991 0.991 0.987 3 * 0.995 0.992 0.987
7.0 0.994 0.994 0.991 3 * 0.997 0.995 0.991
7.5 0.996 0.996 0.994 3 * 0.998 0.997 0.994
8.0 0.998 0.998 0.996 3 * 0.999 0.998 0.996
8.5 0.998 0.998 0.997 3 * 0.999 0.998 0.997
9.0 0.999 0.999 0.998 3 * 1.000 0.999 0.998
9.5 0.999 0.999 0.999 3 * 1.000 0.999 0.999
10.0 1.000 1.000 0.999 3 * 1.000 1.000 0.999
0.5 0.031 0.033 0.015 3 * 0.007 0.013 0.015
1.0 0.041 0.043 0.023 3 * 0.014 0.021 0.023
1.5 0.085 0.069 0.037 3 * 0.095 0.059 0.037
2.0 0.117 0.107 0.061 3 * 0.123 0.121 0.061
2.5 0.305 0.258 0.138 3 * 0.280 0.354 0.138
3.0 0.536 0.536 0.317 3 * 0.681 0.611 0.317
3.5 0.735 0.735 0.577 3 * 0.840 0.789 0.577
4.0 0.881 0.881 0.808 3 * 0.932 0.904 0.808
4.5 0.932 0.932 0.899 3 * 0.958 0.940 0.899
5.0 0.962 0.962 0.943 3 * 0.975 0.967 0.943
5.5 0.976 0.976 0.964 3 * 0.985 0.978 0.964
6.0 0.985 0.985 0.978 3 * 0.991 0.987 0.978
6.5 0.990 0.990 0.985 3 * 0.994 0.991 0.985
7.0 0.995 0.995 0.991 3 * 0.997 0.995 0.991
7.5 0.997 0.997 0.994 3 * 0.998 0.997 0.994
8.0 0.997 0.997 0.996 3 * 0.999 0.998 0.996
8.5 0.998 0.998 0.997 3 * 0.999 0.999 0.997
9.0 0.999 0.999 0.998 3 * 1.000 0.999 0.998
9.5 0.999 0.999 0.999 3 * 1.000 0.999 0.999
10.0 1.000 1.000 0.999 3 * 1.000 1.000 0.999
0.5 0.022 0.020 0.015 3 * 0.018 0.011 0.015
1.0 0.036 0.032 0.019 3 * 0.035 0.022 0.019
1.5 0.083 0.062 0.036 3 * 0.101 0.049 0.036
2.0 0.143 0.126 0.065 3 * 0.172 0.143 0.065
2.5 0.272 0.228 0.144 3 * 0.158 0.383 0.144
3.0 0.514 0.504 0.285 3 * 0.645 0.582 0.285
3.5 0.740 0.740 0.581 3 * 0.847 0.793 0.581
4.0 0.882 0.882 0.815 3 * 0.932 0.900 0.815
4.5 0.933 0.933 0.900 3 * 0.958 0.940 0.900
5.0 0.959 0.959 0.941 3 * 0.973 0.963 0.941
5.5 0.977 0.977 0.966 3 * 0.985 0.979 0.966
6.0 0.986 0.986 0.979 3 * 0.992 0.988 0.979
6.5 0.990 0.990 0.985 3 * 0.994 0.991 0.985
7.0 0.995 0.995 0.991 3 * 0.998 0.996 0.991
7.5 0.996 0.996 0.994 3 * 0.998 0.997 0.994
8.0 0.998 0.998 0.996 3 * 0.999 0.998 0.996
8.5 0.999 0.999 0.998 3 * 0.999 0.999 0.998
9.0 0.999 0.999 0.998 3 * 0.999 0.999 0.998
9.5 1.000 1.000 0.999 3 * 1.000 1.000 0.999
10.0 0.999 0.999 0.999 3 * 1.000 0.999 0.999
0.5 0.030 0.031 0.016 3 * 0.010 0.013 0.016
1.0 0.039 0.032 0.020 3 * 0.045 0.025 0.020
1.5 0.082 0.065 0.038 3 * 0.103 0.055 0.038
2.0 0.154 0.143 0.075 3 * 0.169 0.176 0.075
2.5 0.332 0.295 0.153 3 * 0.340 0.391 0.153
3.0 0.528 0.528 0.312 3 * 0.678 0.595 0.312
3.5 0.755 0.755 0.603 3 * 0.860 0.801 0.603
4.0 0.883 0.883 0.817 3 * 0.932 0.900 0.817
4.5 0.933 0.933 0.898 3 * 0.958 0.942 0.898
5.0 0.961 0.961 0.943 3 * 0.976 0.965 0.943
5.5 0.976 0.976 0.964 3 * 0.986 0.979 0.964
6.0 0.984 0.984 0.976 3 * 0.991 0.986 0.976
6.5 0.992 0.992 0.987 3 * 0.996 0.993 0.987
7.0 0.994 0.994 0.990 3 * 0.997 0.995 0.990
7.5 0.996 0.996 0.994 3 * 0.998 0.997 0.994
8.0 0.997 0.997 0.996 3 * 0.998 0.998 0.996
8.5 0.998 0.998 0.998 3 * 0.999 0.999 0.998
9.0 0.999 0.999 0.998 3 * 0.999 0.999 0.998
9.5 1.000 1.000 0.999 3 * 1.000 1.000 0.999
10.0 1.000 1.000 1.000 3 * 1.000 1.000 1.000
0.5 0.025 0.027 0.015 3 * 0.007 0.012 0.015
1.0 0.044 0.037 0.020 3 * 0.042 0.021 0.020
1.5 0.111 0.085 0.039 3 * 0.143 0.074 0.039
2.0 0.135 0.124 0.075 3 * 0.154 0.143 0.075
2.5 0.320 0.266 0.135 3 * 0.297 0.366 0.135
3.0 0.412 0.404 0.289 3 * 0.333 0.590 0.289
3.5 0.732 0.732 0.560 3 * 0.844 0.790 0.560
4.0 0.876 0.876 0.803 3 * 0.930 0.897 0.803
4.5 0.931 0.931 0.898 3 * 0.957 0.939 0.898
5.0 0.960 0.960 0.941 3 * 0.975 0.964 0.941
5.5 0.978 0.978 0.966 3 * 0.987 0.980 0.966
6.0 0.985 0.985 0.977 3 * 0.992 0.986 0.977
6.5 0.991 0.991 0.986 3 * 0.994 0.992 0.986
7.0 0.994 0.994 0.990 3 * 0.996 0.995 0.990
7.5 0.996 0.996 0.994 3 * 0.998 0.997 0.994
8.0 0.998 0.998 0.996 3 * 0.999 0.998 0.996
8.5 0.998 0.998 0.997 3 * 0.999 0.999 0.997
9.0 0.999 0.999 0.998 3 * 1.000 0.999 0.998
9.5 1.000 1.000 0.999 3 * 1.000 1.000 0.999
10.0 1.000 1.000 0.999 3 * 1.000 1.000 0.999
0.5 0.023 0.025 0.016 3 * 0.007 0.013 0.016
1.0 0.035 0.032 0.020 3 * 0.029 0.020 0.020
1.5 0.091 0.068 0.033 3 * 0.104 0.053 0.033
2.0 0.177 0.161 0.074 3 * 0.236 0.173 0.074
2.5 0.377 0.332 0.142 3 * 0.484 0.370 0.142
3.0 0.520 0.508 0.272 3 * 0.661 0.592 0.272
3.5 0.741 0.741 0.585 3 * 0.844 0.796 0.585
4.0 0.870 0.870 0.790 3 * 0.928 0.893 0.790
4.5 0.931 0.931 0.896 3 * 0.958 0.939 0.896
5.0 0.961 0.961 0.940 3 * 0.977 0.965 0.940
5.5 0.974 0.974 0.962 3 * 0.983 0.977 0.962
6.0 0.986 0.986 0.978 3 * 0.992 0.988 0.978
6.5 0.991 0.991 0.986 3 * 0.995 0.992 0.986
7.0 0.994 0.994 0.991 3 * 0.997 0.995 0.991
7.5 0.996 0.996 0.994 3 * 0.998 0.997 0.994
8.0 0.998 0.998 0.997 3 * 0.999 0.998 0.997
8.5 0.999 0.999 0.998 3 * 0.999 0.999 0.998
9.0 0.999 0.999 0.998 3 * 0.999 0.999 0.998
9.5 0.999 0.999 0.999 3 * 1.000 0.999 0.999
10.0 0.999 0.999 0.999 3 * 1.000 0.999 0.999
0.5 0.027 0.028 0.015 3 * 0.009 0.011 0.015
1.0 0.039 0.040 0.023 3 * 0.017 0.020 0.023
1.5 0.074 0.062 0.035 3 * 0.080 0.056 0.035
2.0 0.134 0.124 0.063 3 * 0.215 0.094 0.063
2.5 0.319 0.273 0.134 3 * 0.317 0.368 0.134
3.0 0.445 0.436 0.277 3 * 0.448 0.585 0.277
3.5 0.708 0.708 0.516 3 * 0.829 0.777 0.516
4.0 0.881 0.881 0.808 3 * 0.932 0.902 0.808
4.5 0.937 0.937 0.904 3 * 0.962 0.944 0.904
5.0 0.964 0.964 0.945 3 * 0.978 0.967 0.945
5.5 0.975 0.975 0.963 3 * 0.984 0.977 0.963
6.0 0.986 0.986 0.978 3 * 0.991 0.988 0.978
6.5 0.991 0.991 0.986 3 * 0.995 0.992 0.986
7.0 0.994 0.994 0.991 3 * 0.997 0.995 0.991
7.5 0.996 0.996 0.994 3 * 0.998 0.997 0.994
8.0 0.997 0.997 0.996 3 * 0.998 0.998 0.996
8.5 0.999 0.999 0.998 3 * 0.999 0.999 0.998
9.0 0.999 0.999 0.998 3 * 1.000 0.999 0.998
9.5 0.999 0.999 0.999 3 * 0.999 0.999 0.999
10.0 1.000 1.000 0.999 3 * 1.000 1.000 0.999
0.5 0.022 0.023 0.014 3 * 0.004 0.010 0.014
1.0 0.027 0.027 0.020 3 * 0.015 0.017 0.020
1.5 0.064 0.060 0.037 3 * 0.056 0.052 0.037
2.0 0.194 0.164 0.063 3 * 0.306 0.123 0.063
2.5 0.403 0.364 0.158 3 * 0.528 0.406 0.158
3.0 0.515 0.498 0.274 3 * 0.643 0.575 0.274
3.5 0.725 0.725 0.551 3 * 0.838 0.785 0.551
4.0 0.871 0.871 0.799 3 * 0.923 0.890 0.799
4.5 0.931 0.931 0.899 3 * 0.957 0.938 0.899
5.0 0.961 0.961 0.942 3 * 0.976 0.965 0.942
5.5 0.977 0.977 0.965 3 * 0.987 0.979 0.965
6.0 0.985 0.985 0.978 3 * 0.992 0.986 0.978
6.5 0.992 0.992 0.987 3 * 0.996 0.993 0.987
7.0 0.995 0.995 0.992 3 * 0.997 0.995 0.992
7.5 0.995 0.995 0.992 3 * 0.998 0.996 0.992
8.0 0.997 0.997 0.995 3 * 0.999 0.997 0.995
8.5 0.999 0.999 0.998 3 * 0.999 0.999 0.998
9.0 0.999 0.999 0.998 3 * 0.999 0.999 0.998
9.5 0.999 0.999 0.999 3 * 1.000 0.999 0.999
10.0 0.999 0.999 0.999 3 * 1.000 1.000 0.999
0.5 0.029 0.028 0.015 3 * 0.014 0.011 0.015
1.0 0.032 0.032 0.022 3 * 0.022 0.024 0.022
1.5 0.070 0.064 0.034 3 * 0.070 0.063 0.034
2.0 0.141 0.117 0.060 3 * 0.169 0.116 0.060
2.5 0.404 0.373 0.159 3 * 0.547 0.413 0.159
3.0 0.512 0.500 0.278 3 * 0.638 0.586 0.278
3.5 0.726 0.726 0.566 3 * 0.830 0.783 0.566
4.0 0.846 0.846 0.747 3 * 0.911 0.879 0.747
4.5 0.930 0.930 0.898 3 * 0.955 0.938 0.898
5.0 0.960 0.960 0.941 3 * 0.974 0.964 0.941
5.5 0.977 0.977 0.965 3 * 0.987 0.980 0.965
6.0 0.986 0.986 0.979 3 * 0.992 0.988 0.979
6.5 0.991 0.991 0.986 3 * 0.995 0.992 0.986
7.0 0.994 0.994 0.991 3 * 0.996 0.994 0.991
7.5 0.996 0.996 0.994 3 * 0.998 0.997 0.994
8.0 0.998 0.998 0.997 3 * 0.999 0.999 0.997
8.5 0.999 0.999 0.998 3 * 1.000 0.999 0.998
9.0 0.999 0.999 0.998 3 * 1.000 0.999 0.998
9.5 1.000 1.000 0.999 3 * 1.000 1.000 0.999
10.0 1.000 1.000 0.999 3 * 1.000 1.000 0.999
0.5 0.026 0.027 0.015 3 * 0.006 0.011 0.015
1.0 0.040 0.037 0.020 3 * 0.029 0.021 0.020
1.5 0.088 0.073 0.036 3 * 0.126 0.057 0.036
2.0 0.159 0.137 0.069 3 * 0.225 0.116 0.069
2.5 0.325 0.287 0.152 3 * 0.327 0.382 0.152
3.0 0.518 0.518 0.307 3 * 0.653 0.595 0.307
3.5 0.740 0.740 0.581 3 * 0.842 0.796 0.581
4.0 0.847 0.847 0.756 3 * 0.908 0.877 0.756
4.5 0.931 0.931 0.900 3 * 0.957 0.936 0.900
5.0 0.958 0.958 0.940 3 * 0.974 0.962 0.940
5.5 0.975 0.975 0.964 3 * 0.985 0.977 0.964
6.0 0.986 0.986 0.979 3 * 0.991 0.987 0.979
6.5 0.991 0.991 0.986 3 * 0.995 0.993 0.986
7.0 0.994 0.994 0.991 3 * 0.997 0.995 0.991
7.5 0.997 0.997 0.995 3 * 0.998 0.997 0.995
8.0 0.998 0.998 0.996 3 * 0.999 0.998 0.996
8.5 0.999 0.999 0.998 3 * 1.000 0.999 0.998
9.0 0.999 0.999 0.998 3 * 0.999 0.999 0.998
9.5 1.000 1.000 0.999 3 * 1.000 1.000 0.999
10.0 1.000 1.000 0.999 3 * 1.000 1.000 0.999
0.5 0.014 0.014 0.014 3 * 0.015 0.011 0.014
1.0 0.029 0.028 0.022 3 * 0.023 0.020 0.022
1.5 0.072 0.065 0.039 3 * 0.083 0.067 0.039
2.0 0.192 0.183 0.074 3 * 0.335 0.140 0.074
2.5 0.332 0.289 0.149 3 * 0.337 0.381 0.149
3.0 0.518 0.503 0.270 3 * 0.651 0.587 0.270
3.5 0.718 0.718 0.558 3 * 0.821 0.775 0.558
4.0 0.869 0.869 0.798 3 * 0.921 0.889 0.798
4.5 0.932 0.932 0.899 3 * 0.957 0.940 0.899
5.0 0.945 0.945 0.897 3 * 0.975 0.964 0.897
5.5 0.975 0.975 0.963 3 * 0.985 0.977 0.963
6.0 0.984 0.984 0.976 3 * 0.990 0.986 0.976
6.5 0.991 0.991 0.987 3 * 0.994 0.993 0.987
7.0 0.995 0.995 0.992 3 * 0.997 0.996 0.992
7.5 0.997 0.997 0.994 3 * 0.998 0.997 0.994
8.0 0.998 0.998 0.997 3 * 0.999 0.998 0.997
8.5 0.999 0.999 0.998 3 * 0.999 0.999 0.998
9.0 0.999 0.999 0.999 3 * 1.000 0.999 0.999
9.5 0.999 0.999 0.999 3 * 1.000 0.999 0.999
10.0 0.999 0.999 0.999 3 * 1.000 1.000 0.999
0.5 0.022 0.022 0.015 3 * 0.015 0.014 0.015
1.0 0.035 0.030 0.019 3 * 0.037 0.020 0.019
1.5 0.077 0.059 0.035 3 * 0.080 0.046 0.035
2.0 0.118 0.104 0.072 3 * 0.129 0.099 0.072
2.5 0.322 0.293 0.175 3 * 0.289 0.417 0.175
3.0 0.525 0.522 0.293 3 * 0.670 0.602 0.293
3.5 0.749 0.749 0.595 3 * 0.850 0.802 0.595
4.0 0.881 0.881 0.811 3 * 0.931 0.901 0.811
4.5 0.932 0.932 0.899 3 * 0.958 0.938 0.899
5.0 0.961 0.961 0.944 3 * 0.975 0.964 0.944
5.5 0.976 0.976 0.963 3 * 0.986 0.979 0.963
6.0 0.985 0.985 0.977 3 * 0.991 0.987 0.977
6.5 0.992 0.992 0.987 3 * 0.995 0.993 0.987
7.0 0.995 0.995 0.992 3 * 0.997 0.996 0.992
7.5 0.996 0.996 0.994 3 * 0.998 0.996 0.994
8.0 0.998 0.998 0.997 3 * 1.000 0.999 0.997
8.5 0.998 0.998 0.998 3 * 0.999 0.999 0.998
9.0 0.999 0.999 0.999 3 * 1.000 1.000 0.999
9.5 0.999 0.999 0.999 3 * 1.000 1.000 0.999
10.0 1.000 1.000 0.999 3 * 1.000 1.000 0.999
0.5 0.023 0.020 0.015 3 * 0.020 0.012 0.015
1.0 0.029 0.031 0.021 3 * 0.015 0.021 0.021
1.5 0.074 0.059 0.036 3 * 0.096 0.045 0.036
2.0 0.131 0.116 0.069 3 * 0.140 0.132 0.069
2.5 0.271 0.229 0.144 3 * 0.177 0.368 0.144
3.0 0.530 0.523 0.297 3 * 0.670 0.603 0.297
3.5 0.748 0.748 0.588 3 * 0.854 0.800 0.588
4.0 0.882 0.882 0.815 3 * 0.931 0.899 0.815
4.5 0.938 0.938 0.907 3 * 0.963 0.944 0.907
5.0 0.959 0.959 0.940 3 * 0.975 0.964 0.940
5.5 0.976 0.976 0.964 3 * 0.985 0.978 0.964
6.0 0.985 0.985 0.977 3 * 0.991 0.987 0.977
6.5 0.990 0.990 0.984 3 * 0.995 0.991 0.984
7.0 0.994 0.994 0.991 3 * 0.997 0.995 0.991
7.5 0.996 0.996 0.994 3 * 0.998 0.997 0.994
8.0 0.998 0.998 0.996 3 * 0.999 0.998 0.996
8.5 0.999 0.999 0.998 3 * 0.999 0.999 0.998
9.0 0.999 0.999 0.998 3 * 1.000 0.999 0.998
9.5 1.000 1.000 0.999 3 * 1.000 1.000 0.999
10.0 1.000 1.000 0.999 3 * 1.000 1.000 0.999
0.5 0.031 0.033 0.015 3 * 0.003 0.009 0.015
1.0 0.031 0.036 0.022 3 * 0.010 0.025 0.022
1.5 0.083 0.071 0.037 3 * 0.130 0.046 0.037
2.0 0.126 0.119 0.070 3 * 0.108 0.150 0.070
2.5 0.341 0.304 0.152 3 * 0.361 0.398 0.152
3.0 0.485 0.474 0.287 3 * 0.548 0.588 0.287
3.5 0.743 0.743 0.580 3 * 0.849 0.799 0.580
4.0 0.870 0.870 0.793 3 * 0.924 0.894 0.793
4.5 0.911 0.911 0.858 3 * 0.947 0.929 0.858
5.0 0.961 0.961 0.942 3 * 0.976 0.964 0.942
5.5 0.977 0.977 0.966 3 * 0.985 0.980 0.966
6.0 0.986 0.986 0.978 3 * 0.992 0.988 0.978
6.5 0.990 0.990 0.985 3 * 0.994 0.991 0.985
7.0 0.994 0.994 0.990 3 * 0.996 0.995 0.990
7.5 0.996 0.996 0.994 3 * 0.998 0.997 0.994
8.0 0.998 0.998 0.997 3 * 0.999 0.999 0.997
8.5 0.999 0.999 0.997 3 * 0.999 0.999 0.997
9.0 0.999 0.999 0.998 3 * 1.000 0.999 0.998
9.5 1.000 1.000 0.999 3 * 1.000 1.000 0.999
10.0 0.999 0.999 0.999 3 * 1.000 1.000 0.999
0.5 0.019 0.021 0.015 3 * 0.005 0.011 0.015
1.0 0.045 0.036 0.023 3 * 0.053 0.025 0.023
1.5 0.092 0.080 0.037 3 * 0.085 0.055 0.037
2.0 0.160 0.154 0.077 3 * 0.234 0.152 0.077
2.5 0.257 0.242 0.146 3 * 0.125 0.375 0.146
3.0 0.511 0.485 0.266 3 * 0.625 0.564 0.266
3.5 0.726 0.726 0.568 3 * 0.830 0.781 0.568
4.0 0.881 0.881 0.812 3 * 0.932 0.899 0.812
4.5 0.933 0.933 0.899 3 * 0.958 0.940 0.899
5.0 0.959 0.959 0.940 3 * 0.975 0.963 0.940
5.5 0.976 0.976 0.964 3 * 0.986 0.979 0.964
6.0 0.985 0.985 0.977 3 * 0.991 0.987 0.977
6.5 0.991 0.991 0.986 3 * 0.994 0.992 0.986
7.0 0.995 0.995 0.991 3 * 0.997 0.995 0.991
7.5 0.996 0.996 0.994 3 * 0.998 0.997 0.994
8.0 0.998 0.998 0.997 3 * 0.999 0.999 0.997
8.5 0.999 0.999 0.998 3 * 0.999 0.999 0.998
9.0 0.999 0.999 0.999 3 * 1.000 0.999 0.999
9.5 1.000 1.000 0.999 3 * 1.000 1.000 0.999
10.0 1.000 1.000 0.999 3 * 1.000 1.000 0.999
0.5 0.026 0.028 0.015 3 * 0.003 0.009 0.015
1.0 0.028 0.026 0.020 3 * 0.025 0.018 0.020
1.5 0.102 0.091 0.039 3 * 0.163 0.070 0.039
2.0 0.093 0.093 0.064 3 * 0.073 0.103 0.064
2.5 0.322 0.277 0.140 3 * 0.309 0.381 0.140
3.0 0.517 0.495 0.261 3 * 0.644 0.578 0.261
3.5 0.711 0.711 0.547 3 * 0.818 0.767 0.547
4.0 0.883 0.883 0.809 3 * 0.934 0.905 0.809
4.5 0.933 0.933 0.901 3 * 0.959 0.937 0.901
5.0 0.959 0.959 0.938 3 * 0.975 0.963 0.938
5.5 0.976 0.976 0.965 3 * 0.985 0.977 0.965
6.0 0.986 0.986 0.978 3 * 0.992 0.987 0.978
6.5 0.990 0.990 0.984 3 * 0.995 0.991 0.984
7.0 0.994 0.994 0.991 3 * 0.996 0.995 0.991
7.5 0.996 0.996 0.993 3 * 0.998 0.996 0.993
8.0 0.998 0.998 0.996 3 * 0.999 0.998 0.996
8.5 0.999 0.999 0.998 3 * 0.999 0.999 0.998
9.0 0.999 0.999 0.998 3 * 1.000 0.999 0.998
9.5 0.999 0.999 0.999 3 * 1.000 1.000 0.999
10.0 0.999 0.999 0.999 3 * 1.000 1.000 0.999
0.5 0.023 0.023 0.015 3 * 0.009 0.010 0.015
1.0 0.031 0.029 0.021 3 * 0.025 0.019 0.021
1.5 0.106 0.085 0.038 3 * 0.148 0.069 0.038
2.0 0.177 0.155 0.079 3 * 0.224 0.161 0.079
2.5 0.316 0.273 0.152 3 * 0.265 0.403 0.152
3.0 0.530 0.525 0.305 3 * 0.675 0.595 0.305
3.5 0.717 0.717 0.553 3 * 0.820 0.777 0.553
4.0 0.877 0.877 0.805 3 * 0.930 0.895 0.805
4.5 0.932 0.932 0.899 3 * 0.957 0.939 0.899
5.0 0.959 0.959 0.940 3 * 0.973 0.964 0.940
5.5 0.976 0.976 0.965 3 * 0.985 0.978 0.965
6.0 0.986 0.986 0.979 3 * 0.992 0.988 0.979
6.5 0.991 0.991 0.986 3 * 0.995 0.993 0.986
7.0 0.994 0.994 0.991 3 * 0.997 0.995 0.991
7.5 0.997 0.997 0.995 3 * 0.998 0.997 0.995
8.0 0.998 0.998 0.996 3 * 0.999 0.998 0.996
8.5 0.999 0.999 0.998 3 * 0.999 0.999 0.998
9.0 0.999 0.999 0.999 3 * 1.000 0.999 0.999
9.5 1.000 1.000 0.999 3 * 1.000 1.000 0.999
10.0 1.000 1.000 0.999 3 * 1.000 1.000 0.999
0.5 0.028 0.030 0.015 3 * 0.008 0.011 0.015
1.0 0.038 0.039 0.021 3 * 0.022 0.024 0.021
1.5 0.075 0.057 0.034 3 * 0.077 0.046 0.034
2.0 0.155 0.134 0.073 3 * 0.160 0.136 0.073
2.5 0.316 0.279 0.143 3 * 0.324 0.371 0.143
3.0 0.407 0.407 0.330 3 * 0.305 0.587 0.330
3.5 0.756 0.756 0.593 3 * 0.862 0.812 0.593
4.0 0.878 0.878 0.808 3 * 0.929 0.898 0.808
4.5 0.933 0.933 0.900 3 * 0.959 0.940 0.900
5.0 0.962 0.962 0.943 3 * 0.977 0.966 0.943
5.5 0.976 0.976 0.965 3 * 0.986 0.978 0.965
6.0 0.984 0.984 0.977 3 * 0.991 0.986 0.977
6.5 0.992 0.992 0.986 3 * 0.996 0.993 0.986
7.0 0.995 0.995 0.991 3 * 0.998 0.996 0.991
7.5 0.996 0.996 0.994 3 * 0.998 0.997 0.994
8.0 0.998 0.998 0.996 3 * 0.998 0.998 0.996
8.5 0.999 0.999 0.998 3 * 0.999 0.999 0.998
9.0 0.999 0.999 0.998 3 * 0.999 0.999 0.998
9.5 0.999 0.999 0.999 3 * 1.000 0.999 0.999
10.0 0.999 0.999 0.999 3 * 0.999 0.999 0.999
0.5 0.024 0.024 0.014 3 * 0.012 0.012 0.014
1.0 0.038 0.038 0.020 3 * 0.022 0.022 0.020
1.5 0.088 0.069 0.037 3 * 0.112 0.057 0.037
2.0 0.197 0.176 0.077 3 * 0.283 0.168 0.077
2.5 0.375 0.330 0.149 3 * 0.442 0.397 0.149
3.0 0.526 0.526 0.303 3 * 0.673 0.601 0.303
3.5 0.743 0.743 0.586 3 * 0.847 0.797 0.586
4.0 0.877 0.877 0.805 3 * 0.929 0.897 0.805
4.5 0.933 0.933 0.898 3 * 0.960 0.941 0.898
5.0 0.958 0.958 0.940 3 * 0.973 0.962 0.940
5.5 0.975 0.975 0.962 3 * 0.984 0.978 0.962
6.0 0.985 0.985 0.978 3 * 0.991 0.987 0.978
6.5 0.992 0.992 0.987 3 * 0.996 0.992 0.987
7.0 0.995 0.995 0.992 3 * 0.998 0.996 0.992
7.5 0.996 0.996 0.994 3 * 0.998 0.997 0.994
8.0 0.998 0.998 0.996 3 * 0.999 0.998 0.996
8.5 0.999 0.999 0.997 3 * 0.999 0.999 0.997
9.0 0.999 0.999 0.998 3 * 1.000 0.999 0.998
9.5 0.999 0.999 0.998 3 * 1.000 0.999 0.998
10.0 1.000 1.000 1.000 3 * 1.000 1.000 1.000
0.5 0.028 0.030 0.015 3 * 0.008 0.015 0.015
1.0 0.043 0.039 0.023 3 * 0.035 0.025 0.023
1.5 0.083 0.069 0.038 3 * 0.108 0.060 0.038
2.0 0.157 0.142 0.071 3 * 0.201 0.154 0.071
2.5 0.269 0.232 0.141 3 * 0.177 0.377 0.141
3.0 0.389 0.389 0.327 3 * 0.229 0.610 0.327
3.5 0.729 0.729 0.550 3 * 0.846 0.790 0.550
4.0 0.876 0.876 0.806 3 * 0.929 0.893 0.806
4.5 0.933 0.933 0.902 3 * 0.959 0.939 0.902
5.0 0.961 0.961 0.941 3 * 0.977 0.965 0.941
5.5 0.977 0.977 0.964 3 * 0.987 0.979 0.964
6.0 0.986 0.986 0.979 3 * 0.991 0.987 0.979
6.5 0.992 0.992 0.987 3 * 0.995 0.993 0.987
7.0 0.994 0.994 0.991 3 * 0.997 0.995 0.991
7.5 0.997 0.997 0.995 3 * 0.999 0.998 0.995
8.0 0.998 0.998 0.996 3 * 0.999 0.998 0.996
8.5 0.999 0.999 0.998 3 * 0.999 0.999 0.998
9.0 0.999 0.999 0.998 3 * 0.999 0.999 0.998
9.5 0.999 0.999 0.999 3 * 1.000 0.999 0.999
10.0 1.000 1.000 0.999 3 * 1.000 1.000 0.999
0.5 0.025 0.027 0.016 3 * 0.009 0.013 0.016
1.0 0.025 0.030 0.020 3 * 0.009 0.022 0.020
1.5 0.095 0.078 0.036 3 * 0.146 0.052 0.036
2.0 0.121 0.117 0.077 3 * 0.090 0.127 0.077
2.5 0.273 0.236 0.150 3 * 0.174 0.385 0.150
3.0 0.365 0.347 0.275 3 * 0.205 0.559 0.275
3.5 0.751 0.751 0.598 3 * 0.855 0.800 0.598
4.0 0.880 0.880 0.807 3 * 0.933 0.900 0.807
4.5 0.935 0.935 0.899 3 * 0.962 0.945 0.899
5.0 0.960 0.960 0.941 3 * 0.974 0.964 0.941
5.5 0.976 0.976 0.965 3 * 0.984 0.979 0.965
6.0 0.984 0.984 0.977 3 * 0.990 0.986 0.977
6.5 0.991 0.991 0.986 3 * 0.995 0.991 0.986
7.0 0.995 0.995 0.992 3 * 0.997 0.996 0.992
7.5 0.997 0.997 0.995 3 * 0.999 0.998 0.995
8.0 0.997 0.997 0.995 3 * 0.999 0.998 0.995
8.5 0.998 0.998 0.998 3 * 0.999 0.999 0.998
9.0 0.999 0.999 0.998 3 * 0.999 0.999 0.998
9.5 0.999 0.999 0.999 3 * 1.000 1.000 0.999
10.0 1.000 1.000 1.000 3 * 1.000 1.000 1.000
0.5 0.032 0.030 0.015 3 * 0.014 0.011 0.015
1.0 0.032 0.031 0.019 3 * 0.019 0.018 0.019
1.5 0.091 0.072 0.035 3 * 0.104 0.061 0.035
2.0 0.180 0.163 0.065 3 * 0.278 0.147 0.065
2.5 0.396 0.359 0.154 3 * 0.516 0.408 0.154
3.0 0.373 0.373 0.291 3 * 0.219 0.608 0.291
3.5 0.750 0.750 0.585 3 * 0.859 0.805 0.585
4.0 0.875 0.875 0.801 3 * 0.927 0.896 0.801
4.5 0.934 0.934 0.903 3 * 0.960 0.939 0.903
5.0 0.958 0.958 0.939 3 * 0.974 0.962 0.939
5.5 0.976 0.976 0.963 3 * 0.987 0.979 0.963
6.0 0.985 0.985 0.977 3 * 0.991 0.987 0.977
6.5 0.991 0.991 0.986 3 * 0.994 0.992 0.986
7.0 0.994 0.994 0.991 3 * 0.997 0.995 0.991
7.5 0.996 0.996 0.994 3 * 0.998 0.996 0.994
8.0 0.997 0.997 0.996 3 * 0.999 0.998 0.996
8.5 0.998 0.998 0.997 3 * 0.999 0.999 0.997
9.0 0.999 0.999 0.998 3 * 0.999 0.999 0.998
9.5 0.999 0.999 0.999 3 * 1.000 0.999 0.999
10.0 1.000 1.000 1.000 3 * 1.000 1.000 1.000
0.5 0.025 0.027 0.015 3 * 0.008 0.014 0.015
1.0 0.038 0.036 0.020 3 * 0.026 0.018 0.020
1.5 0.078 0.068 0.039 3 * 0.079 0.057 0.039
2.0 0.150 0.132 0.065 3 * 0.211 0.121 0.065
2.5 0.297 0.258 0.161 3 * 0.173 0.439 0.161
3.0 0.513 0.497 0.275 3 * 0.646 0.570 0.275
3.5 0.684 0.684 0.500 3 * 0.801 0.750 0.500
4.0 0.855 0.855 0.767 3 * 0.916 0.883 0.767
4.5 0.928 0.928 0.892 3 * 0.956 0.938 0.892
5.0 0.962 0.962 0.943 3 * 0.976 0.967 0.943
5.5 0.974 0.974 0.963 3 * 0.984 0.976 0.963
6.0 0.985 0.985 0.979 3 * 0.991 0.987 0.979
6.5 0.991 0.991 0.985 3 * 0.996 0.993 0.985
7.0 0.995 0.995 0.992 3 * 0.997 0.995 0.992
7.5 0.996 0.996 0.994 3 * 0.998 0.997 0.994
8.0 0.997 0.997 0.996 3 * 0.999 0.998 0.996
8.5 0.998 0.998 0.997 3 * 0.999 0.999 0.997
9.0 0.999 0.999 0.999 3 * 1.000 0.999 0.999
9.5 0.999 0.999 0.999 3 * 0.999 0.999 0.999
10.0 1.000 1.000 0.999 3 * 1.000 1.000 0.999
0.5 0.032 0.030 0.014 3 * 0.017 0.011 0.014
1.0 0.042 0.033 0.021 3 * 0.052 0.024 0.021
1.5 0.070 0.066 0.038 3 * 0.061 0.052 0.038
2.0 0.177 0.148 0.072 3 * 0.228 0.144 0.072
2.5 0.376 0.335 0.140 3 * 0.498 0.369 0.140
3.0 0.535 0.534 0.302 3 * 0.686 0.615 0.302
3.5 0.745 0.745 0.588 3 * 0.850 0.797 0.588
4.0 0.872 0.872 0.797 3 * 0.925 0.892 0.797
4.5 0.931 0.931 0.898 3 * 0.956 0.939 0.898
5.0 0.961 0.961 0.943 3 * 0.975 0.966 0.943
5.5 0.977 0.977 0.965 3 * 0.986 0.979 0.965
6.0 0.986 0.986 0.977 3 * 0.992 0.987 0.977
6.5 0.991 0.991 0.986 3 * 0.995 0.992 0.986
7.0 0.995 0.995 0.991 3 * 0.998 0.996 0.991
7.5 0.996 0.996 0.994 3 * 0.998 0.997 0.994
8.0 0.998 0.998 0.996 3 * 0.999 0.998 0.996
8.5 0.999 0.999 0.998 3 * 0.999 0.999 0.998
9.0 0.999 0.999 0.998 3 * 1.000 0.999 0.998
9.5 0.999 0.999 0.999 3 * 1.000 1.000 0.999
10.0 1.000 1.000 0.999 3 * 1.000 1.000 0.999
0.5 0.025 0.025 0.015 3 * 0.013 0.012 0.015
1.0 0.051 0.051 0.024 3 * 0.028 0.028 0.024
1.5 0.073 0.062 0.040 3 * 0.075 0.052 0.040
2.0 0.191 0.177 0.077 3 * 0.302 0.154 0.077
2.5 0.285 0.236 0.131 3 * 0.235 0.343 0.131
3.0 0.372 0.366 0.287 3 * 0.218 0.595 0.287
3.5 0.709 0.709 0.537 3 * 0.821 0.768 0.537
4.0 0.873 0.873 0.793 3 * 0.930 0.895 0.793
4.5 0.929 0.929 0.896 3 * 0.955 0.936 0.896
5.0 0.958 0.958 0.938 3 * 0.974 0.962 0.938
5.5 0.976 0.976 0.964 3 * 0.985 0.979 0.964
6.0 0.986 0.986 0.978 3 * 0.993 0.987 0.978
6.5 0.990 0.990 0.984 3 * 0.994 0.991 0.984
7.0 0.994 0.994 0.991 3 * 0.997 0.995 0.991
7.5 0.996 0.996 0.994 3 * 0.997 0.997 0.994
8.0 0.998 0.998 0.996 3 * 0.999 0.998 0.996
8.5 0.998 0.998 0.997 3 * 0.999 0.999 0.997
9.0 0.999 0.999 0.999 3 * 1.000 0.999 0.999
9.5 0.999 0.999 0.999 3 * 0.999 0.999 0.999
10.0 1.000 1.000 1.000 3 * 1.000 1.000 1.000
0.5 0.022 0.021 0.014 3 * 0.016 0.013 0.014
1.0 0.035 0.035 0.020 3 * 0.019 0.013 0.020
1.5 0.090 0.071 0.035 3 * 0.124 0.054 0.035
2.0 0.165 0.145 0.057 3 * 0.265 0.111 0.057
2.5 0.307 0.267 0.155 3 * 0.244 0.402 0.155
3.0 0.521 0.521 0.292 3 * 0.679 0.594 0.292
3.5 0.724 0.724 0.565 3 * 0.825 0.781 0.565
4.0 0.877 0.877 0.807 3 * 0.927 0.897 0.807
4.5 0.930 0.930 0.896 3 * 0.956 0.937 0.896
5.0 0.961 0.961 0.943 3 * 0.974 0.965 0.943
5.5 0.975 0.975 0.963 3 * 0.984 0.978 0.963
6.0 0.986 0.986 0.977 3 * 0.992 0.987 0.977
6.5 0.992 0.992 0.987 3 * 0.995 0.993 0.987
7.0 0.994 0.994 0.990 3 * 0.997 0.994 0.990
7.5 0.996 0.996 0.994 3 * 0.997 0.997 0.994
8.0 0.998 0.998 0.997 3 * 0.999 0.999 0.997
8.5 0.998 0.998 0.997 3 * 0.999 0.999 0.997
9.0 0.999 0.999 0.998 3 * 0.999 0.999 0.998
9.5 0.999 0.999 0.999 3 * 1.000 1.000 0.999
10.0 0.999 0.999 0.999 3 * 1.000 1.000 0.999
0.5 0.027 0.029 0.015 3 * 0.007 0.012 0.015
1.0 0.025 0.028 0.019 3 * 0.013 0.022 0.019
1.5 0.081 0.072 0.040 3 * 0.086 0.073 0.040
2.0 0.141 0.127 0.071 3 * 0.150 0.159 0.071
2.5 0.316 0.265 0.137 3 * 0.288 0.369 0.137
3.0 0.518 0.515 0.284 3 * 0.673 0.588 0.284
3.5 0.745 0.745 0.586 3 * 0.852 0.797 0.586
4.0 0.880 0.880 0.806 3 * 0.932 0.900 0.806
4.5 0.933 0.933 0.902 3 * 0.958 0.940 0.902
5.0 0.960 0.960 0.941 3 * 0.976 0.963 0.941
5.5 0.977 0.977 0.966 3 * 0.986 0.980 0.966
6.0 0.985 0.985 0.977 3 * 0.992 0.986 0.977
6.5 0.992 0.992 0.988 3 * 0.996 0.993 0.988
7.0 0.995 0.995 0.992 3 * 0.997 0.995 0.992
7.5 0.996 0.996 0.994 3 * 0.998 0.997 0.994
8.0 0.998 0.998 0.996 3 * 0.999 0.998 0.996
8.5 0.999 0.999 0.998 3 * 0.999 0.999 0.998
9.0 0.999 0.999 0.999 3 * 0.999 0.999 0.999
9.5 1.000 1.000 0.999 3 * 1.000 1.000 0.999
10.0 1.000 1.000 1.000 3 * 1.000 1.000 1.000
0.5 0.031 0.030 0.016 3 * 0.012 0.010 0.016
1.0 0.030 0.032 0.022 3 * 0.019 0.025 0.022
1.5 0.088 0.073 0.036 3 * 0.105 0.071 0.036
2.0 0.129 0.135 0.071 3 * 0.109 0.172 0.071
2.5 0.330 0.276 0.145 3 * 0.307 0.377 0.145
3.0 0.527 0.527 0.309 3 * 0.672 0.602 0.309
3.5 0.717 0.717 0.555 3 * 0.821 0.775 0.555
4.0 0.874 0.874 0.796 3 * 0.927 0.897 0.796
4.5 0.930 0.930 0.898 3 * 0.955 0.937 0.898
5.0 0.960 0.960 0.940 3 * 0.976 0.965 0.940
5.5 0.978 0.978 0.966 3 * 0.987 0.980 0.966
6.0 0.970 0.970 0.933 3 * 0.991 0.987 0.933
6.5 0.991 0.991 0.986 3 * 0.995 0.992 0.986
7.0 0.995 0.995 0.991 3 * 0.997 0.996 0.991
7.5 0.997 0.997 0.994 3 * 0.998 0.997 0.994
8.0 0.998 0.998 0.997 3 * 0.999 0.998 0.997
8.5 0.998 0.998 0.997 3 * 0.999 0.999 0.997
9.0 0.999 0.999 0.998 3 * 0.999 0.999 0.998
9.5 1.000 1.000 1.000 3 * 1.000 1.000 1.000
10.0 1.000 1.000 0.999 3 * 1.000 1.000 0.999
0.5 0.024 0.025 0.015 3 * 0.010 0.012 0.015
1.0 0.035 0.033 0.019 3 * 0.027 0.019 0.019
1.5 0.103 0.087 0.038 3 * 0.174 0.050 0.038
2.0 0.134 0.123 0.076 3 * 0.168 0.126 0.076
2.5 0.402 0.357 0.151 3 * 0.513 0.406 0.151
3.0 0.530 0.525 0.282 3 * 0.682 0.611 0.282
3.5 0.710 0.710 0.521 3 * 0.832 0.777 0.521
4.0 0.852 0.852 0.768 3 * 0.909 0.880 0.768
4.5 0.936 0.936 0.906 3 * 0.959 0.944 0.906
5.0 0.961 0.961 0.942 3 * 0.977 0.964 0.942
5.5 0.976 0.976 0.963 3 * 0.986 0.979 0.963
6.0 0.986 0.986 0.978 3 * 0.993 0.988 0.978
6.5 0.993 0.993 0.988 3 * 0.996 0.994 0.988
7.0 0.995 0.995 0.992 3 * 0.997 0.995 0.992
7.5 0.996 0.996 0.994 3 * 0.998 0.997 0.994
8.0 0.998 0.998 0.996 3 * 0.999 0.998 0.996
8.5 0.999 0.999 0.998 3 * 0.999 0.999 0.998
9.0 0.999 0.999 0.998 3 * 0.999 0.999 0.998
9.5 0.999 0.999 0.999 3 * 1.000 0.999 0.999
10.0 0.999 0.999 0.999 3 * 0.999 0.999 0.999
0.5 0.032 0.033 0.015 3 * 0.008 0.013 0.015
1.0 0.034 0.035 0.022 3 * 0.023 0.026 0.022
1.5 0.085 0.073 0.036 3 * 0.081 0.057 0.036
2.0 0.158 0.156 0.078 3 * 0.135 0.173 0.078
2.5 0.351 0.312 0.154 3 * 0.413 0.369 0.154
3.0 0.508 0.495 0.270 3 * 0.641 0.574 0.270
3.5 0.742 0.742 0.576 3 * 0.855 0.795 0.576
4.0 0.879 0.879 0.814 3 * 0.929 0.892 0.814
4.5 0.934 0.934 0.900 3 * 0.961 0.942 0.900
5.0 0.961 0.961 0.943 3 * 0.976 0.964 0.943
5.5 0.976 0.976 0.964 3 * 0.985 0.978 0.964
6.0 0.985 0.985 0.977 3 * 0.992 0.987 0.977
6.5 0.991 0.991 0.986 3 * 0.995 0.993 0.986
7.0 0.995 0.995 0.991 3 * 0.997 0.995 0.991
7.5 0.996 0.996 0.994 3 * 0.998 0.997 0.994
8.0 0.998 0.998 0.996 3 * 0.999 0.998 0.996
8.5 0.999 0.999 0.998 3 * 0.999 0.999 0.998
9.0 0.999 0.999 0.999 3 * 1.000 0.999 0.999
9.5 0.999 0.999 0.999 3 * 1.000 1.000 0.999
10.0 1.000 1.000 0.999 3 * 1.000 1.000 0.999
0.5 0.022 0.023 0.014 3 * 0.008 0.011 0.014
1.0 0.040 0.039 0.020 3 * 0.024 0.020 0.020
1.5 0.110 0.080 0.038 3 * 0.142 0.060 0.038
2.0 0.131 0.111 0.064 3 * 0.145 0.119 0.064
2.5 0.319 0.277 0.149 3 * 0.309 0.373 0.149
3.0 0.512 0.499 0.271 3 * 0.656 0.571 0.271
3.5 0.753 0.753 0.600 3 * 0.858 0.802 0.600
4.0 0.877 0.877 0.802 3 * 0.930 0.898 0.802
4.5 0.934 0.934 0.902 3 * 0.958 0.942 0.902
5.0 0.961 0.961 0.942 3 * 0.976 0.964 0.942
5.5 0.976 0.976 0.962 3 * 0.987 0.979 0.962
6.0 0.986 0.986 0.979 3 * 0.992 0.989 0.979
6.5 0.991 0.991 0.986 3 * 0.994 0.992 0.986
7.0 0.995 0.995 0.991 3 * 0.998 0.996 0.991
7.5 0.997 0.997 0.995 3 * 0.998 0.997 0.995
8.0 0.998 0.998 0.997 3 * 0.999 0.999 0.997
8.5 0.998 0.998 0.997 3 * 0.999 0.998 0.997
9.0 0.999 0.999 0.999 3 * 1.000 0.999 0.999
9.5 0.999 0.999 0.999 3 * 1.000 1.000 0.999
10.0 1.000 1.000 0.999 3 * 1.000 1.000 0.999
0.5 0.017 0.016 0.015 3 * 0.016 0.012 0.015
1.0 0.030 0.034 0.022 3 * 0.014 0.025 0.022
1.5 0.096 0.075 0.033 3 * 0.133 0.060 0.033
2.0 0.131 0.120 0.067 3 * 0.129 0.128 0.067
2.5 0.294 0.242 0.145 3 * 0.208 0.373 0.145
3.0 0.441 0.429 0.272 3 * 0.434 0.581 0.272
3.5 0.737 0.737 0.566 3 * 0.849 0.796 0.566
4.0 0.850 0.850 0.758 3 * 0.913 0.878 0.758
4.5 0.935 0.935 0.905 3 * 0.958 0.943 0.905
5.0 0.962 0.962 0.943 3 * 0.977 0.965 0.943
5.5 0.977 0.977 0.966 3 * 0.986 0.980 0.966
6.0 0.984 0.984 0.977 3 * 0.990 0.986 0.977
6.5 0.992 0.992 0.987 3 * 0.995 0.993 0.987
7.0 0.995 0.995 0.992 3 * 0.998 0.996 0.992
7.5 0.996 0.996 0.994 3 * 0.998 0.997 0.994
8.0 0.998 0.998 0.997 3 * 0.999 0.998 0.997
8.5 0.999 0.999 0.998 3 * 1.000 0.999 0.998
9.0 0.999 0.999 0.998 3 * 0.999 0.999 0.998
9.5 0.999 0.999 0.999 3 * 0.999 0.999 0.999
10.0 1.000 1.000 0.999 3 * 1.000 1.000 0.999
0.5 0.024 0.024 0.015 3 * 0.013 0.012 0.015
1.0 0.034 0.030 0.022 3 * 0.033 0.021 0.022
1.5 0.101 0.077 0.039 3 * 0.130 0.063 0.039
2.0 0.122 0.128 0.071 3 * 0.098 0.157 0.071
2.5 0.293 0.248 0.135 3 * 0.243 0.366 0.135
3.0 0.514 0.496 0.276 3 * 0.636 0.576 0.276
3.5 0.735 0.735 0.564 3 * 0.846 0.794 0.564
4.0 0.875 0.875 0.805 3 * 0.926 0.894 0.805
4.5 0.933 0.933 0.897 3 * 0.960 0.943 0.897
5.0 0.959 0.959 0.939 3 * 0.976 0.963 0.939
5.5 0.976 0.976 0.964 3 * 0.986 0.978 0.964
6.0 0.985 0.985 0.978 3 * 0.991 0.987 0.978
6.5 0.990 0.990 0.986 3 * 0.994 0.991 0.986
7.0 0.994 0.994 0.991 3 * 0.996 0.994 0.991
7.5 0.996 0.996 0.995 3 * 0.998 0.997 0.995
8.0 0.998 0.998 0.997 3 * 0.999 0.999 0.997
8.5 0.998 0.998 0.997 3 * 0.999 0.999 0.997
9.0 0.999 0.999 0.998 3 * 0.999 0.999 0.998
9.5 0.999 0.999 0.999 3 * 1.000 1.000 0.999
10.0 1.000 1.000 0.999 3 * 1.000 1.000 0.999
0.5 0.023 0.025 0.016 3 * 0.007 0.014 0.016
1.0 0.048 0.039 0.023 3 * 0.057 0.028 0.023
1.5 0.067 0.064 0.034 3 * 0.048 0.047 0.034
2.0 0.131 0.121 0.062 3 * 0.192 0.109 0.062
2.5 0.385 0.345 0.150 3 * 0.498 0.387 0.150
3.0 0.519 0.515 0.302 3 * 0.652 0.592 0.302
3.5 0.742 0.742 0.586 3 * 0.845 0.795 0.586
4.0 0.870 0.870 0.790 3 * 0.927 0.894 0.790
4.5 0.935 0.935 0.903 3 * 0.960 0.942 0.903
5.0 0.963 0.963 0.945 3 * 0.977 0.966 0.945
5.5 0.977 0.977 0.965 3 * 0.987 0.979 0.965
6.0 0.984 0.984 0.977 3 * 0.990 0.986 0.977
6.5 0.991 0.991 0.987 3 * 0.994 0.992 0.987
7.0 0.994 0.994 0.990 3 * 0.997 0.995 0.990
7.5 0.997 0.997 0.995 3 * 0.998 0.997 0.995
8.0 0.998 0.998 0.997 3 * 0.999 0.999 0.997
8.5 0.999 0.999 0.998 3 * 0.999 0.999 0.998
9.0 0.999 0.999 0.998 3 * 1.000 0.999 0.998
9.5 1.000 1.000 0.999 3 * 1.000 1.000 0.999
10.0 1.000 1.000 0.999 3 * 1.000 1.000 0.999
0.5 0.025 0.025 0.017 3 * 0.010 0.010 0.017
1.0 0.037 0.031 0.021 3 * 0.043 0.024 0.021
1.5 0.073 0.061 0.035 3 * 0.067 0.052 0.035
2.0 0.116 0.112 0.064 3 * 0.105 0.122 0.064
2.5 0.279 0.233 0.150 3 * 0.171 0.379 0.150
3.0 0.523 0.511 0.282 3 * 0.662 0.588 0.282
3.5 0.747 0.747 0.574 3 * 0.862 0.805 0.574
4.0 0.878 0.878 0.808 3 * 0.928 0.897 0.808
4.5 0.931 0.931 0.898 3 * 0.955 0.939 0.898
5.0 0.964 0.964 0.946 3 * 0.978 0.968 0.946
5.5 0.977 0.977 0.965 3 * 0.987 0.979 0.965
6.0 0.985 0.985 0.976 3 * 0.992 0.986 0.976
6.5 0.992 0.992 0.987 3 * 0.996 0.992 0.987
7.0 0.994 0.994 0.991 3 * 0.996 0.995 0.991
7.5 0.996 0.996 0.994 3 * 0.998 0.997 0.994
8.0 0.998 0.998 0.996 3 * 0.999 0.998 0.996
8.5 0.999 0.999 0.998 3 * 1.000 0.999 0.998
9.0 0.999 0.999 0.998 3 * 0.999 0.999 0.998
9.5 1.000 1.000 0.999 3 * 1.000 1.000 0.999
10.0 1.000 1.000 1.000 3 * 1.000 1.000 1.000
0.5 0.023 0.024 0.015 3 * 0.008 0.012 0.015
1.0 0.030 0.032 0.021 3 * 0.015 0.020 0.021
1.5 0.072 0.062 0.037 3 * 0.066 0.044 0.037
2.0 0.193 0.182 0.067 3 * 0.351 0.127 0.067
2.5 0.285 0.240 0.142 3 * 0.209 0.370 0.142
3.0 0.530 0.528 0.301 3 * 0.676 0.605 0.301
3.5 0.729 0.729 0.547 3 * 0.846 0.794 0.547
4.0 0.870 0.870 0.795 3 * 0.925 0.890 0.795
4.5 0.935 0.935 0.904 3 * 0.960 0.943 0.904
5.0 0.960 0.960 0.940 3 * 0.976 0.964 0.940
5.5 0.977 0.977 0.965 3 * 0.986 0.979 0.965
6.0 0.984 0.984 0.976 3 * 0.991 0.986 0.976
6.5 0.991 0.991 0.985 3 * 0.994 0.992 0.985
7.0 0.994 0.994 0.991 3 * 0.996 0.995 0.991
7.5 0.996 0.996 0.994 3 * 0.998 0.996 0.994
8.0 0.998 0.998 0.996 3 * 0.998 0.999 0.996
8.5 0.998 0.998 0.997 3 * 0.999 0.998 0.997
9.0 0.999 0.999 0.999 3 * 0.999 0.999 0.999
9.5 0.999 0.999 0.999 3 * 1.000 0.999 0.999
10.0 1.000 1.000 0.999 3 * 1.000 1.000 0.999
0.5 0.030 0.030 0.016 3 * 0.010 0.011 0.016
1.0 0.036 0.032 0.022 3 * 0.030 0.020 0.022
1.5 0.080 0.076 0.035 3 * 0.051 0.055 0.035
2.0 0.190 0.160 0.069 3 * 0.275 0.137 0.069
2.5 0.357 0.310 0.142 3 * 0.395 0.393 0.142
3.0 0.558 0.558 0.327 3 * 0.711 0.636 0.327
3.5 0.741 0.741 0.577 3 * 0.849 0.795 0.577
4.0 0.874 0.874 0.803 3 * 0.925 0.893 0.803
4.5 0.933 0.933 0.897 3 * 0.960 0.942 0.897
5.0 0.960 0.960 0.942 3 * 0.973 0.964 0.942
5.5 0.977 0.977 0.965 3 * 0.987 0.980 0.965
6.0 0.985 0.985 0.978 3 * 0.992 0.987 0.978
6.5 0.992 0.992 0.987 3 * 0.995 0.992 0.987
7.0 0.994 0.994 0.990 3 * 0.997 0.994 0.990
7.5 0.997 0.997 0.994 3 * 0.999 0.997 0.994
8.0 0.998 0.998 0.996 3 * 0.999 0.998 0.996
8.5 0.999 0.999 0.998 3 * 0.999 0.999 0.998
9.0 0.999 0.999 0.999 3 * 0.999 0.999 0.999
9.5 0.999 0.999 0.999 3 * 1.000 1.000 0.999
10.0 1.000 1.000 0.999 3 * 1.000 1.000 0.999
0.5 0.022 0.022 0.015 3 * 0.012 0.012 0.015
1.0 0.038 0.030 0.023 3 * 0.046 0.022 0.023
1.5 0.077 0.066 0.038 3 * 0.082 0.061 0.038
2.0 0.141 0.127 0.068 3 * 0.184 0.130 0.068
2.5 0.390 0.347 0.152 3 * 0.500 0.387 0.152
3.0 0.533 0.533 0.316 3 * 0.674 0.608 0.316
3.5 0.724 0.724 0.563 3 * 0.831 0.777 0.563
4.0 0.872 0.872 0.793 3 * 0.928 0.894 0.793
4.5 0.929 0.929 0.894 3 * 0.957 0.936 0.894
5.0 0.964 0.964 0.943 3 * 0.979 0.969 0.943
5.5 0.977 0.977 0.966 3 * 0.986 0.979 0.966
6.0 0.986 0.986 0.978 3 * 0.992 0.987 0.978
6.5 0.991 0.991 0.986 3 * 0.995 0.992 0.986
7.0 0.995 0.995 0.991 3 * 0.997 0.995 0.991
7.5 0.996 0.996 0.994 3 * 0.998 0.996 0.994
8.0 0.998 0.998 0.996 3 * 0.999 0.998 0.996
8.5 0.999 0.999 0.998 3 * 0.999 0.999 0.998
9.0 0.999 0.999 0.998 3 * 0.999 0.999 0.998
9.5 1.000 1.000 0.999 3 * 1.000 1.000 0.999
10.0 1.000 1.000 0.999 3 * 1.000 1.000 0.999
0.5 0.032 0.034 0.015 3 * 0.003 0.010 0.015
1.0 0.038 0.036 0.021 3 * 0.027 0.022 0.021
1.5 0.089 0.070 0.035 3 * 0.118 0.057 0.035
2.0 0.122 0.107 0.062 3 * 0.152 0.107 0.062
2.5 0.336 0.300 0.159 3 * 0.336 0.405 0.159
3.0 0.525 0.524 0.308 3 * 0.661 0.604 0.308
3.5 0.753 0.753 0.609 3 * 0.847 0.803 0.609
4.0 0.877 0.877 0.809 3 * 0.927 0.894 0.809
4.5 0.934 0.934 0.901 3 * 0.959 0.941 0.901
5.0 0.964 0.964 0.946 3 * 0.979 0.966 0.946
5.5 0.977 0.977 0.966 3 * 0.987 0.980 0.966
6.0 0.986 0.986 0.979 3 * 0.991 0.987 0.979
6.5 0.992 0.992 0.987 3 * 0.996 0.994 0.987
7.0 0.994 0.994 0.991 3 * 0.996 0.995 0.991
7.5 0.997 0.997 0.995 3 * 0.999 0.997 0.995
8.0 0.997 0.997 0.996 3 * 0.999 0.998 0.996
8.5 0.999 0.999 0.998 3 * 1.000 0.999 0.998
9.0 0.999 0.999 0.999 3 * 0.999 0.999 0.999
9.5 0.999 0.999 0.999 3 * 0.999 0.999 0.999
10.0 1.000 1.000 0.999 3 * 1.000 1.000 0.999
0.5 0.022 0.024 0.015 3 * 0.007 0.012 0.015
1.0 0.023 0.026 0.020 3 * 0.006 0.017 0.020
1.5 0.098 0.080 0.039 3 * 0.137 0.065 0.039
2.0 0.154 0.131 0.062 3 * 0.237 0.095 0.062
2.5 0.368 0.330 0.160 3 * 0.432 0.400 0.160
3.0 0.508 0.498 0.279 3 * 0.637 0.578 0.279
3.5 0.726 0.726 0.553 3 * 0.838 0.786 0.553
4.0 0.872 0.872 0.798 3 * 0.925 0.894 0.798
4.5 0.925 0.925 0.889 3 * 0.954 0.933 0.889
5.0 0.960 0.960 0.941 3 * 0.974 0.963 0.941
5.5 0.976 0.976 0.964 3 * 0.986 0.979 0.964
6.0 0.985 0.985 0.977 3 * 0.991 0.986 0.977
6.5 0.990 0.990 0.985 3 * 0.995 0.992 0.985
7.0 0.994 0.994 0.990 3 * 0.996 0.995 0.990
7.5 0.997 0.997 0.995 3 * 0.998 0.997 0.995
8.0 0.998 0.998 0.997 3 * 0.999 0.998 0.997
8.5 0.999 0.999 0.998 3 * 0.999 0.999 0.998
9.0 0.999 0.999 0.998 3 * 1.000 0.999 0.998
9.5 0.999 0.999 0.999 3 * 1.000 1.000 0.999
10.0 1.000 1.000 0.999 3 * 1.000 1.000 0.999
0.5 0.018 0.021 0.014 3 * 0.005 0.012 0.014
1.0 0.039 0.038 0.021 3 * 0.027 0.023 0.021
1.5 0.063 0.062 0.040 3 * 0.044 0.052 0.040
2.0 0.171 0.162 0.073 3 * 0.260 0.152 0.073
2.5 0.301 0.254 0.145 3 * 0.237 0.380 0.145
3.0 0.379 0.379 0.303 3 * 0.224 0.611 0.303
3.5 0.721 0.721 0.547 3 * 0.833 0.783 0.547
4.0 0.871 0.871 0.799 3 * 0.924 0.890 0.799
4.5 0.931 0.931 0.898 3 * 0.957 0.939 0.898
5.0 0.962 0.962 0.944 3 * 0.975 0.965 0.944
5.5 0.978 0.978 0.966 3 * 0.987 0.980 0.966
6.0 0.986 0.986 0.977 3 * 0.992 0.987 0.977
6.5 0.992 0.992 0.987 3 * 0.996 0.993 0.987
7.0 0.994 0.994 0.990 3 * 0.997 0.995 0.990
7.5 0.952 0.952 0.942 3 * 0.998 0.914 0.942
8.0 0.998 0.998 0.996 3 * 0.999 0.998 0.996
8.5 0.999 0.999 0.998 3 * 1.000 0.999 0.998
9.0 0.999 0.999 0.998 3 * 0.999 0.999 0.998
9.5 0.999 0.999 0.999 3 * 1.000 1.000 0.999
10.0 1.000 1.000 0.999 3 * 1.000 1.000 0.999
0.5 0.026 0.026 0.015 3 * 0.013 0.012 0.015
1.0 0.040 0.035 0.021 3 * 0.035 0.021 0.021
1.5 0.102 0.082 0.034 3 * 0.104 0.060 0.034
2.0 0.156 0.143 0.075 3 * 0.231 0.122 0.075
2.5 0.384 0.341 0.148 3 * 0.495 0.381 0.148
3.0 0.527 0.513 0.276 3 * 0.670 0.592 0.276
3.5 0.713 0.713 0.544 3 * 0.823 0.772 0.544
4.0 0.876 0.876 0.805 3 * 0.926 0.897 0.805
4.5 0.932 0.932 0.898 3 * 0.959 0.941 0.898
5.0 0.958 0.958 0.940 3 * 0.973 0.963 0.940
5.5 0.976 0.976 0.962 3 * 0.987 0.980 0.962
6.0 0.985 0.985 0.977 3 * 0.992 0.987 0.977
6.5 0.991 0.991 0.986 3 * 0.994 0.992 0.986
7.0 0.994 0.994 0.990 3 * 0.996 0.995 0.990
7.5 0.997 0.997 0.995 3 * 0.998 0.998 0.995
8.0 0.998 0.998 0.997 3 * 0.999 0.999 0.997
8.5 0.999 0.999 0.998 3 * 0.999 0.999 0.998
9.0 0.999 0.999 0.999 3 * 1.000 0.999 0.999
9.5 0.999 0.999 0.999 3 * 1.000 1.000 0.999
10.0 1.000 1.000 0.999 3 * 1.000 1.000 0.999
0.5 0.027 0.025 0.014 3 * 0.018 0.012 0.014
1.0 0.032 0.030 0.020 3 * 0.025 0.019 0.020
1.5 0.086 0.063 0.036 3 * 0.105 0.049 0.036
2.0 0.121 0.113 0.075 3 * 0.121 0.125 0.075
2.5 0.344 0.303 0.148 3 * 0.358 0.402 0.148
3.0 0.391 0.391 0.310 3 * 0.240 0.624 0.310
3.5 0.731 0.731 0.568 3 * 0.839 0.785 0.568
4.0 0.874 0.874 0.801 3 * 0.928 0.894 0.801
4.5 0.935 0.935 0.904 3 * 0.959 0.944 0.904
5.0 0.960 0.960 0.941 3 * 0.974 0.965 0.941
5.5 0.976 0.976 0.964 3 * 0.986 0.978 0.964
6.0 0.987 0.987 0.979 3 * 0.993 0.988 0.979
6.5 0.991 0.991 0.986 3 * 0.995 0.992 0.986
7.0 0.994 0.994 0.990 3 * 0.997 0.995 0.990
7.5 0.996 0.996 0.994 3 * 0.998 0.997 0.994
8.0 0.997 0.997 0.996 3 * 0.999 0.997 0.996
8.5 0.999 0.999 0.998 3 * 0.999 0.999 0.998
9.0 0.999 0.999 0.998 3 * 1.000 0.999 0.998
9.5 0.999 0.999 0.999 3 * 1.000 0.999 0.999
10.0 0.999 0.999 0.999 3 * 0.999 0.999 0.999
0.5 0.024 0.025 0.014 3 * 0.013 0.014 0.014
1.0 0.035 0.035 0.020 3 * 0.017 0.017 0.020
1.5 0.078 0.068 0.037 3 * 0.078 0.062 0.037
2.0 0.171 0.158 0.081 3 * 0.231 0.161 0.081
2.5 0.281 0.249 0.149 3 * 0.191 0.398 0.149
3.0 0.531 0.531 0.311 3 * 0.678 0.604 0.311
3.5 0.691 0.691 0.515 3 * 0.804 0.755 0.515
4.0 0.876 0.876 0.803 3 * 0.929 0.896 0.803
4.5 0.936 0.936 0.904 3 * 0.960 0.946 0.904
5.0 0.958 0.958 0.938 3 * 0.975 0.962 0.938
5.5 0.976 0.976 0.964 3 * 0.986 0.979 0.964
6.0 0.985 0.985 0.979 3 * 0.991 0.987 0.979
6.5 0.990 0.990 0.986 3 * 0.994 0.991 0.986
7.0 0.995 0.995 0.992 3 * 0.998 0.996 0.992
7.5 0.996 0.996 0.993 3 * 0.998 0.996 0.993
8.0 0.998 0.998 0.996 3 * 0.999 0.998 0.996
8.5 0.999 0.999 0.997 3 * 0.999 0.999 0.997
9.0 0.999 0.999 0.998 3 * 0.999 0.999 0.998
9.5 1.000 1.000 0.999 3 * 1.000 1.000 0.999
10.0 0.999 0.999 0.999 3 * 1.000 1.000 0.999
0.5 0.022 0.024 0.014 3 * 0.006 0.011 0.014
1.0 0.041 0.040 0.022 3 * 0.030 0.029 0.022
1.5 0.091 0.074 0.040 3 * 0.128 0.051 0.040
2.0 0.159 0.136 0.072 3 * 0.207 0.129 0.072
2.5 0.339 0.302 0.155 3 * 0.356 0.393 0.155
3.0 0.504 0.498 0.291 3 * 0.626 0.576 0.291
3.5 0.723 0.723 0.557 3 * 0.833 0.780 0.557
4.0 0.878 0.878 0.804 3 * 0.929 0.900 0.804
4.5 0.934 0.934 0.904 3 * 0.958 0.941 0.904
5.0 0.960 0.960 0.940 3 * 0.977 0.963 0.940
5.5 0.976 0.976 0.964 3 * 0.986 0.978 0.964
6.0 0.984 0.984 0.976 3 * 0.991 0.986 0.976
6.5 0.990 0.990 0.985 3 * 0.994 0.991 0.985
7.0 0.995 0.995 0.992 3 * 0.998 0.996 0.992
7.5 0.996 0.996 0.994 3 * 0.998 0.997 0.994
8.0 0.997 0.997 0.996 3 * 0.999 0.998 0.996
8.5 0.999 0.999 0.998 3 * 0.999 0.999 0.998
9.0 0.999 0.999 0.998 3 * 1.000 0.999 0.998
9.5 0.999 0.999 0.999 3 * 1.000 0.999 0.999
10.0 1.000 1.000 0.999 3 * 1.000 1.000 0.999
0.5 0.034 0.037 0.016 3 * 0.006 0.015 0.016
1.0 0.031 0.031 0.020 3 * 0.024 0.024 0.020
1.5 0.065 0.055 0.035 3 * 0.087 0.043 0.035
2.0 0.146 0.137 0.073 3 * 0.210 0.127 0.073
2.5 0.279 0.236 0.142 3 * 0.206 0.360 0.142
3.0 0.483 0.481 0.290 3 * 0.549 0.602 0.290
3.5 0.736 0.736 0.579 3 * 0.843 0.788 0.579
4.0 0.879 0.879 0.803 3 * 0.934 0.899 0.803
4.5 0.930 0.930 0.895 3 * 0.957 0.939 0.895
5.0 0.961 0.961 0.942 3 * 0.976 0.965 0.942
5.5 0.977 0.977 0.965 3 * 0.987 0.979 0.965
6.0 0.985 0.985 0.977 3 * 0.991 0.986 0.977
6.5 0.990 0.990 0.983 3 * 0.995 0.991 0.983
7.0 0.994 0.994 0.991 3 * 0.997 0.995 0.991
7.5 0.997 0.997 0.995 3 * 0.998 0.997 0.995
8.0 0.998 0.998 0.996 3 * 0.999 0.998 0.996
8.5 0.998 0.998 0.997 3 * 0.999 0.999 0.997
9.0 0.999 0.999 0.999 3 * 0.999 0.999 0.999
9.5 0.999 0.999 0.999 3 * 1.000 1.000 0.999
10.0 1.000 1.000 0.999 3 * 1.000 1.000 0.999
0.5 0.015 0.016 0.015 3 * 0.009 0.010 0.015
1.0 0.037 0.038 0.021 3 * 0.018 0.020 0.021
1.5 0.097 0.078 0.036 3 * 0.095 0.051 0.036
2.0 0.185 0.159 0.070 3 * 0.240 0.166 0.070
2.5 0.359 0.315 0.138 3 * 0.439 0.368 0.138
3.0 0.519 0.514 0.301 3 * 0.652 0.591 0.301
3.5 0.750 0.750 0.600 3 * 0.845 0.803 0.600
4.0 0.875 0.875 0.798 3 * 0.931 0.896 0.798
4.5 0.933 0.933 0.897 3 * 0.962 0.940 0.897
5.0 0.961 0.961 0.941 3 * 0.977 0.964 0.941
5.5 0.976 0.976 0.964 3 * 0.986 0.978 0.964
6.0 0.986 0.986 0.978 3 * 0.991 0.987 0.978
6.5 0.991 0.991 0.986 3 * 0.995 0.992 0.986
7.0 0.994 0.994 0.991 3 * 0.996 0.995 0.991
7.5 0.996 0.996 0.994 3 * 0.998 0.997 0.994
8.0 0.998 0.998 0.996 3 * 0.999 0.998 0.996
8.5 0.999 0.999 0.998 3 * 0.999 0.999 0.998
9.0 0.999 0.999 0.999 3 * 1.000 0.999 0.999
9.5 0.999 0.999 0.999 3 * 1.000 1.000 0.999
10.0 0.999 0.999 0.999 3 * 1.000 0.999 0.999
0.5 0.023 0.025 0.015 3 * 0.004 0.012 0.015
1.0 0.048 0.039 0.021 3 * 0.068 0.029 0.021
1.5 0.074 0.070 0.035 3 * 0.051 0.052 0.035
2.0 0.127 0.115 0.067 3 * 0.172 0.105 0.067
2.5 0.360 0.320 0.148 3 * 0.430 0.383 0.148
3.0 0.541 0.538 0.292 3 * 0.709 0.614 0.292
3.5 0.738 0.738 0.582 3 * 0.841 0.790 0.582
4.0 0.878 0.878 0.807 3 * 0.928 0.898 0.807
4.5 0.936 0.936 0.905 3 * 0.961 0.943 0.905
5.0 0.961 0.961 0.941 3 * 0.975 0.966 0.941
5.5 0.976 0.976 0.965 3 * 0.985 0.979 0.965
6.0 0.986 0.986 0.979 3 * 0.992 0.988 0.979
6.5 0.991 0.991 0.986 3 * 0.996 0.992 0.986
7.0 0.994 0.994 0.991 3 * 0.997 0.995 0.991
7.5 0.997 0.997 0.994 3 * 0.998 0.997 0.994
8.0 0.998 0.998 0.996 3 * 0.999 0.998 0.996
8.5 0.999 0.999 0.998 3 * 0.999 0.999 0.998
9.0 0.999 0.999 0.998 3 * 1.000 0.999 0.998
9.5 1.000 1.000 0.999 3 * 1.000 1.000 0.999
10.0 1.000 1.000 0.999 3 * 1.000 1.000 0.999
0.5 0.020 0.023 0.015 3 * 0.003 0.011 0.015
1.0 0.042 0.037 0.023 3 * 0.038 0.024 0.023
1.5 0.073 0.064 0.038 3 * 0.067 0.059 0.038
2.0 0.179 0.170 0.077 3 * 0.276 0.158 0.077
2.5 0.318 0.272 0.146 3 * 0.295 0.374 0.146
3.0 0.514 0.486 0.263 3 * 0.627 0.568 0.263
3.5 0.753 0.753 0.596 3 * 0.858 0.804 0.596
4.0 0.871 0.871 0.789 3 * 0.929 0.894 0.789
4.5 0.926 0.926 0.891 3 * 0.953 0.934 0.891
5.0 0.960 0.960 0.941 3 * 0.975 0.964 0.941
5.5 0.976 0.976 0.966 3 * 0.984 0.979 0.966
6.0 0.985 0.985 0.977 3 * 0.992 0.987 0.977
6.5 0.991 0.991 0.986 3 * 0.996 0.992 0.986
7.0 0.994 0.994 0.991 3 * 0.997 0.995 0.991
7.5 0.996 0.996 0.994 3 * 0.998 0.997 0.994
8.0 0.997 0.997 0.996 3 * 0.999 0.997 0.996
8.5 0.999 0.999 0.998 3 * 0.999 0.999 0.998
9.0 0.999 0.999 0.998 3 * 0.999 0.999 0.998
9.5 1.000 1.000 0.999 3 * 1.000 1.000 0.999
10.0 1.000 1.000 0.999 3 * 1.000 1.000 0.999
0.5 0.024 0.024 0.015 3 * 0.011 0.010 0.015
1.0 0.048 0.048 0.023 3 * 0.024 0.026 0.023
1.5 0.111 0.089 0.037 3 * 0.174 0.056 0.037
2.0 0.203 0.166 0.074 3 * 0.300 0.123 0.074
2.5 0.295 0.251 0.147 3 * 0.240 0.368 0.147
3.0 0.539 0.539 0.317 3 * 0.684 0.615 0.317
3.5 0.734 0.734 0.565 3 * 0.845 0.791 0.565
4.0 0.874 0.874 0.796 3 * 0.930 0.897 0.796
4.5 0.936 0.936 0.904 3 * 0.960 0.944 0.904
5.0 0.960 0.960 0.941 3 * 0.976 0.964 0.941
5.5 0.975 0.975 0.963 3 * 0.984 0.977 0.963
6.0 0.983 0.983 0.976 3 * 0.989 0.985 0.976
6.5 0.991 0.991 0.985 3 * 0.995 0.992 0.985
7.0 0.994 0.994 0.991 3 * 0.997 0.995 0.991
7.5 0.996 0.996 0.994 3 * 0.998 0.997 0.994
8.0 0.998 0.998 0.996 3 * 0.999 0.998 0.996
8.5 0.998 0.998 0.997 3 * 0.999 0.998 0.997
9.0 0.999 0.999 0.998 3 * 0.999 0.999 0.998
9.5 1.000 1.000 0.999 3 * 1.000 1.000 0.999
10.0 0.999 0.999 0.999 3 * 1.000 1.000 0.999
0.5 0.026 0.028 0.017 3 * 0.007 0.013 0.017
1.0 0.035 0.030 0.021 3 * 0.037 0.020 0.021
1.5 0.075 0.065 0.034 3 * 0.065 0.056 0.034
2.0 0.195 0.151 0.069 3 * 0.247 0.134 0.069
2.5 0.365 0.319 0.150 3 * 0.413 0.394 0.150
3.0 0.515 0.512 0.297 3 * 0.657 0.584 0.297
3.5 0.736 0.736 0.576 3 * 0.840 0.792 0.576
4.0 0.877 0.877 0.802 3 * 0.930 0.899 0.802
4.5 0.928 0.928 0.893 3 * 0.955 0.935 0.893
5.0 0.959 0.959 0.942 3 * 0.974 0.962 0.942
5.5 0.977 0.977 0.966 3 * 0.986 0.979 0.966
6.0 0.986 0.986 0.979 3 * 0.992 0.987 0.979
6.5 0.992 0.992 0.987 3 * 0.995 0.993 0.987
7.0 0.995 0.995 0.992 3 * 0.998 0.996 0.992
7.5 0.997 0.997 0.994 3 * 0.998 0.997 0.994
8.0 0.997 0.997 0.996 3 * 0.998 0.998 0.996
8.5 0.999 0.999 0.998 3 * 0.999 0.999 0.998
9.0 0.999 0.999 0.998 3 * 1.000 0.999 0.998
9.5 0.999 0.999 0.999 3 * 1.000 0.999 0.999
10.0 1.000 1.000 0.999 3 * 1.000 1.000 0.999
0.5 0.029 0.030 0.015 3 * 0.010 0.012 0.015
1.0 0.038 0.043 0.021 3 * 0.010 0.026 0.021
1.5 0.084 0.076 0.038 3 * 0.074 0.061 0.038
2.0 0.128 0.124 0.075 3 * 0.129 0.143 0.075
2.5 0.332 0.282 0.145 3 * 0.312 0.389 0.145
3.0 0.511 0.495 0.267 3 * 0.643 0.575 0.267
3.5 0.715 0.715 0.529 3 * 0.834 0.781 0.529
4.0 0.874 0.874 0.795 3 * 0.931 0.894 0.795
4.5 0.931 0.931 0.897 3 * 0.957 0.940 0.897
5.0 0.963 0.963 0.943 3 * 0.977 0.967 0.943
5.5 0.975 0.975 0.964 3 * 0.984 0.978 0.964
6.0 0.985 0.985 0.978 3 * 0.992 0.987 0.978
6.5 0.990 0.990 0.985 3 * 0.995 0.991 0.985
7.0 0.995 0.995 0.992 3 * 0.998 0.995 0.992
7.5 0.997 0.997 0.994 3 * 0.998 0.997 0.994
8.0 0.998 0.998 0.996 3 * 0.999 0.998 0.996
8.5 0.998 0.998 0.998 3 * 0.999 0.999 0.998
9.0 0.999 0.999 0.998 3 * 1.000 0.999 0.998
9.5 1.000 1.000 0.999 3 * 1.000 1.000 0.999
10.0 0.999 0.999 0.999 3 * 1.000 0.999 0.999
0.5 0.031 0.031 0.016 3 * 0.012 0.011 0.016
1.0 0.043 0.041 0.020 3 * 0.022 0.017 0.020
1.5 0.081 0.071 0.035 3 * 0.074 0.054 0.035
2.0 0.159 0.147 0.065 3 * 0.277 0.097 0.065
2.5 0.277 0.244 0.148 3 * 0.195 0.388 0.148
3.0 0.487 0.484 0.304 3 * 0.562 0.587 0.304
3.5 0.711 0.711 0.529 3 * 0.830 0.774 0.529
4.0 0.868 0.868 0.789 3 * 0.922 0.891 0.789
4.5 0.937 0.937 0.905 3 * 0.961 0.945 0.905
5.0 0.960 0.960 0.940 3 * 0.976 0.964 0.940
5.5 0.974 0.974 0.961 3 * 0.985 0.977 0.961
6.0 0.985 0.985 0.978 3 * 0.990 0.986 0.978
6.5 0.990 0.990 0.985 3 * 0.994 0.992 0.985
7.0 0.995 0.995 0.992 3 * 0.997 0.996 0.992
7.5 0.996 0.996 0.994 3 * 0.998 0.997 0.994
8.0 0.998 0.998 0.997 3 * 0.999 0.998 0.997
8.5 0.899 0.899 0.946 3 * 0.833 0.916 0.946
9.0 0.999 0.999 0.998 3 * 0.999 0.999 0.998
9.5 1.000 1.000 0.999 3 * 1.000 1.000 0.999
10.0 0.999 0.999 0.999 3 * 1.000 1.000 0.999
0.5 0.024 0.025 0.015 3 * 0.007 0.010 0.015
1.0 0.037 0.033 0.022 3 * 0.035 0.025 0.022
1.5 0.070 0.059 0.037 3 * 0.087 0.052 0.037
2.0 0.147 0.134 0.073 3 * 0.192 0.138 0.073
2.5 0.286 0.235 0.138 3 * 0.209 0.357 0.138
3.0 0.519 0.519 0.296 3 * 0.662 0.598 0.296
3.5 0.742 0.742 0.588 3 * 0.843 0.795 0.588
4.0 0.883 0.883 0.809 3 * 0.936 0.904 0.809
4.5 0.930 0.930 0.897 3 * 0.955 0.938 0.897
5.0 0.961 0.961 0.940 3 * 0.975 0.966 0.940
5.5 0.975 0.975 0.962 3 * 0.984 0.977 0.962
6.0 0.985 0.985 0.976 3 * 0.992 0.987 0.976
6.5 0.992 0.992 0.987 3 * 0.996 0.993 0.987
7.0 0.994 0.994 0.990 3 * 0.997 0.994 0.990
7.5 0.996 0.996 0.994 3 * 0.998 0.997 0.994
8.0 0.998 0.998 0.997 3 * 0.999 0.998 0.997
8.5 0.999 0.999 0.998 3 * 0.999 0.999 0.998
9.0 0.999 0.999 0.999 3 * 1.000 0.999 0.999
9.5 0.999 0.999 0.999 3 * 1.000 0.999 0.999
10.0 0.999 0.999 0.999 3 * 1.000 0.999 0.999
0.5 0.024 0.025 0.016 3 * 0.010 0.011 0.016
1.0 0.031 0.031 0.019 3 * 0.018 0.019 0.019
1.5 0.053 0.054 0.035 3 * 0.034 0.036 0.035
2.0 0.160 0.144 0.082 3 * 0.172 0.176 0.082
2.5 0.326 0.293 0.151 3 * 0.340 0.389 0.151
3.0 0.485 0.480 0.279 3 * 0.559 0.602 0.279
3.5 0.703 0.703 0.534 3 * 0.812 0.764 0.534
4.0 0.869 0.869 0.792 3 * 0.925 0.890 0.792
4.5 0.936 0.936 0.904 3 * 0.961 0.943 0.904
5.0 0.961 0.961 0.942 3 * 0.975 0.965 0.942
5.5 0.975 0.975 0.962 3 * 0.986 0.978 0.962
6.0 0.986 0.986 0.979 3 * 0.991 0.987 0.979
6.5 0.990 0.990 0.985 3 * 0.994 0.992 0.985
7.0 0.994 0.994 0.990 3 * 0.997 0.995 0.990
7.5 0.996 0.996 0.994 3 * 0.998 0.997 0.994
8.0 0.998 0.998 0.997 3 * 0.999 0.998 0.997
8.5 0.999 0.999 0.998 3 * 0.999 0.999 0.998
9.0 0.999 0.999 0.999 3 * 1.000 0.999 0.999
9.5 0.999 0.999 0.999 3 * 1.000 1.000 0.999
10.0 0.999 0.999 0.999 3 * 1.000 1.000 0.999
0.5 0.019 0.021 0.016 3 * 0.006 0.012 0.016
1.0 0.042 0.034 0.022 3 * 0.054 0.025 0.022
1.5 0.072 0.075 0.036 3 * 0.037 0.061 0.036
2.0 0.112 0.117 0.077 3 * 0.093 0.137 0.077
2.5 0.288 0.244 0.139 3 * 0.228 0.365 0.139
3.0 0.521 0.515 0.294 3 * 0.660 0.591 0.294
3.5 0.744 0.744 0.583 3 * 0.848 0.802 0.583
4.0 0.878 0.878 0.808 3 * 0.929 0.897 0.808
4.5 0.932 0.932 0.900 3 * 0.957 0.940 0.900
5.0 0.960 0.960 0.941 3 * 0.975 0.964 0.941
5.5 0.974 0.974 0.962 3 * 0.983 0.976 0.962
6.0 0.986 0.986 0.979 3 * 0.992 0.988 0.979
6.5 0.992 0.992 0.988 3 * 0.995 0.992 0.988
7.0 0.995 0.995 0.992 3 * 0.997 0.996 0.992
7.5 0.996 0.996 0.994 3 * 0.997 0.997 0.994
8.0 0.997 0.997 0.996 3 * 0.999 0.998 0.996
8.5 0.999 0.999 0.998 3 * 1.000 0.999 0.998
9.0 0.999 0.999 0.998 3 * 0.999 0.999 0.998
9.5 0.999 0.999 0.999 3 * 0.999 0.999 0.999
10.0 1.000 1.000 0.999 3 * 1.000 1.000 0.999
0.5 0.018 0.020 0.015 3 * 0.006 0.012 0.015
1.0 0.039 0.038 0.020 3 * 0.027 0.022 0.020
1.5 0.095 0.075 0.037 3 * 0.118 0.066 0.037
2.0 0.133 0.135 0.078 3 * 0.090 0.172 0.078
2.5 0.301 0.258 0.146 3 * 0.262 0.368 0.146
3.0 0.492 0.492 0.303 3 * 0.575 0.599 0.303
3.5 0.745 0.745 0.587 3 * 0.852 0.796 0.587
4.0 0.877 0.877 0.806 3 * 0.927 0.899 0.806
4.5 0.931 0.931 0.897 3 * 0.958 0.938 0.897
5.0 0.959 0.959 0.940 3 * 0.975 0.963 0.940
5.5 0.977 0.977 0.965 3 * 0.986 0.979 0.965
6.0 0.986 0.986 0.979 3 * 0.992 0.988 0.979
6.5 0.992 0.992 0.986 3 * 0.996 0.993 0.986
7.0 0.994 0.994 0.990 3 * 0.997 0.995 0.990
7.5 0.996 0.996 0.993 3 * 0.998 0.996 0.993
8.0 0.997 0.997 0.996 3 * 0.999 0.998 0.996
8.5 0.999 0.999 0.998 3 * 0.999 0.999 0.998
9.0 0.999 0.999 0.998 3 * 1.000 1.000 0.998
9.5 0.999 0.999 0.999 3 * 1.000 1.000 0.999
10.0 1.000 1.000 0.999 3 * 1.000 1.000 0.999
