0.5 0.000 0.000 0.000 1 * 1
1.0 0.000 0.000 0.000 1 * 1
1.5 0.268 0.218 0.186 1 * 3
2.0 0.455 0.371 0.315 1 * 3
2.5 0.446 0.435 0.412 2 * 3 5
3.0 0.575 0.563 0.538 2 * 3 5
3.5 0.678 0.664 0.637 2 * 3 5
4.0 0.703 0.684 0.647 2 * 3 6
4.5 0.627 0.539 0.627 1 * 7
5.0 0.743 0.681 0.728 2 * 5 7
5.5 0.790 0.790 0.777 3 * 3 5 7
6.0 0.836 0.836 0.830 3 * 3 5 7
6.5 0.878 0.898 0.798 3 * 3 5 7
7.0 0.908 0.908 0.905 3 * 3 5 7
7.5 0.932 0.932 0.931 3 * 3 5 7
8.0 0.949 0.949 0.949 3 * 3 5 7
8.5 0.963 0.963 0.963 3 * 3 5 7
9.0 0.967 0.967 0.967 3 * 3 5 7
9.5 0.975 0.975 0.975 3 * 3 5 7
10.0 0.986 0.986 0.986 3 * 3 5 7
0.5 0.000 0.000 0.000 1 * 1
1.0 0.026 0.021 0.018 1 * 2
1.5 0.247 0.201 0.171 1 * 3
2.0 0.464 0.377 0.321 1 * 3
2.5 0.452 0.435 0.417 1 * 4
3.0 0.576 0.564 0.541 2 * 3 5
3.5 0.619 0.600 0.562 2 * 3 6
4.0 0.707 0.750 0.587 3 * 3 5 7
4.5 0.668 0.619 0.648 2 * 5 7
5.0 0.719 0.662 0.700 2 * 5 7
5.5 0.795 0.795 0.784 3 * 3 5 7
6.0 0.836 0.836 0.830 3 * 3 5 7
6.5 0.881 0.881 0.875 3 * 3 5 7
7.0 0.905 0.905 0.903 3 * 3 5 7
7.5 0.929 0.929 0.927 3 * 3 5 7
8.0 0.946 0.946 0.945 3 * 3 5 7
8.5 0.958 0.958 0.958 3 * 3 5 7
9.0 0.969 0.969 0.969 3 * 3 5 7
9.5 0.977 0.977 0.976 3 * 3 5 7
10.0 0.979 0.979 0.980 3 * 3 5 7
0.5 0.000 0.000 0.000 1 * 1
1.0 0.000 0.000 0.000 1 * 1
1.5 0.252 0.206 0.175 1 * 3
2.0 0.444 0.361 0.307 1 * 3
2.5 0.452 0.436 0.417 1 * 4
3.0 0.569 0.558 0.535 2 * 3 5
3.5 0.668 0.655 0.629 2 * 3 5
4.0 0.706 0.748 0.586 3 * 3 5 7
4.5 0.642 0.553 0.642 1 * 7
5.0 0.734 0.673 0.718 2 * 5 7
5.5 0.792 0.792 0.783 3 * 3 5 7
6.0 0.844 0.844 0.837 3 * 3 5 7
6.5 0.879 0.879 0.874 3 * 3 5 7
7.0 0.910 0.910 0.908 3 * 3 5 7
7.5 0.927 0.927 0.926 3 * 3 5 7
8.0 0.949 0.949 0.948 3 * 3 5 7
8.5 0.960 0.960 0.960 3 * 3 5 7
9.0 0.971 0.971 0.970 3 * 3 5 7
9.5 0.975 0.975 0.975 3 * 3 5 7
10.0 0.982 0.982 0.983 3 * 3 5 7
0.5 0.000 0.000 0.000 1 * 1
1.0 0.000 0.000 0.000 1 * 1
1.5 0.260 0.212 0.180 1 * 3
2.0 0.447 0.364 0.309 1 * 3
2.5 0.429 0.414 0.397 1 * 4
3.0 0.571 0.559 0.535 2 * 3 5
3.5 0.681 0.667 0.641 2 * 3 5
4.0 0.713 0.756 0.591 3 * 3 5 7
4.5 0.644 0.554 0.644 1 * 7
5.0 0.721 0.664 0.703 2 * 5 7
5.5 0.795 0.795 0.784 3 * 3 5 7
6.0 0.838 0.838 0.829 3 * 3 5 7
6.5 0.881 0.881 0.877 3 * 3 5 7
7.0 0.905 0.905 0.901 3 * 3 5 7
7.5 0.930 0.930 0.927 3 * 3 5 7
8.0 0.952 0.952 0.952 3 * 3 5 7
8.5 0.956 0.956 0.955 3 * 3 5 7
9.0 0.968 0.968 0.968 3 * 3 5 7
9.5 0.978 0.978 0.978 3 * 3 5 7
10.0 0.980 0.980 0.980 3 * 3 5 7
0.5 0.000 0.000 0.000 1 * 1
1.0 0.000 0.000 0.000 1 * 1
1.5 0.252 0.206 0.175 1 * 3
2.0 0.429 0.349 0.297 1 * 3
2.5 0.424 0.411 0.386 2 * 3 5
3.0 0.565 0.554 0.531 2 * 3 5
3.5 0.669 0.656 0.631 2 * 3 5
4.0 0.706 0.749 0.586 3 * 3 5 7
4.5 0.678 0.652 0.628 2 * 3 7
5.0 0.725 0.665 0.709 2 * 5 7
5.5 0.788 0.788 0.776 3 * 3 5 7
6.0 0.846 0.846 0.840 3 * 3 5 7
6.5 0.886 0.886 0.881 3 * 3 5 7
7.0 0.912 0.912 0.910 3 * 3 5 7
7.5 0.932 0.932 0.930 3 * 3 5 7
8.0 0.943 0.943 0.942 3 * 3 5 7
8.5 0.960 0.960 0.960 3 * 3 5 7
9.0 0.969 0.969 0.968 3 * 3 5 7
9.5 0.978 0.978 0.978 3 * 3 5 7
10.0 0.982 0.982 0.982 3 * 3 5 7
0.5 0.000 0.000 0.000 1 * 1
1.0 0.000 0.000 0.000 1 * 1
1.5 0.236 0.192 0.163 1 * 3
2.0 0.453 0.369 0.314 1 * 3
2.5 0.410 0.386 0.410 1 * 5
3.0 0.568 0.557 0.534 2 * 3 5
3.5 0.627 0.608 0.571 2 * 3 6
4.0 0.549 0.475 0.549 1 * 7
4.5 0.636 0.549 0.636 1 * 7
5.0 0.729 0.669 0.713 2 * 5 7
5.5 0.786 0.786 0.775 3 * 3 5 7
6.0 0.848 0.848 0.839 3 * 3 5 7
6.5 0.876 0.876 0.869 3 * 3 5 7
7.0 0.908 0.908 0.906 3 * 3 5 7
7.5 0.933 0.933 0.931 3 * 3 5 7
8.0 0.945 0.945 0.944 3 * 3 5 7
8.5 0.960 0.960 0.960 3 * 3 5 7
9.0 0.966 0.966 0.966 3 * 3 5 7
9.5 0.977 0.977 0.978 3 * 3 5 7
10.0 0.983 0.983 0.983 3 * 3 5 7
0.5 0.000 0.000 0.000 1 * 1
1.0 0.000 0.000 0.000 1 * 1
1.5 0.245 0.200 0.170 1 * 3
2.0 0.452 0.368 0.313 1 * 3
2.5 0.426 0.412 0.384 2 * 3 5
3.0 0.553 0.542 0.521 2 * 3 5
3.5 0.625 0.606 0.569 2 * 3 6
4.0 0.691 0.673 0.637 2 * 3 6
4.5 0.641 0.553 0.641 1 * 7
5.0 0.729 0.669 0.713 2 * 5 7
5.5 0.783 0.783 0.772 3 * 3 5 7
6.0 0.842 0.842 0.836 3 * 3 5 7
6.5 0.882 0.882 0.877 3 * 3 5 7
7.0 0.901 0.901 0.898 3 * 3 5 7
7.5 0.932 0.932 0.931 3 * 3 5 7
8.0 0.946 0.946 0.945 3 * 3 5 7
8.5 0.955 0.955 0.955 3 * 3 5 7
9.0 0.967 0.967 0.968 3 * 3 5 7
9.5 0.977 0.977 0.977 3 * 3 5 7
10.0 0.982 0.982 0.982 3 * 3 5 7
0.5 0.000 0.000 0.000 1 * 1
1.0 0.024 0.019 0.017 1 * 2
1.5 0.247 0.201 0.171 1 * 3
2.0 0.450 0.367 0.312 1 * 3
2.5 0.376 0.358 0.376 1 * 5
3.0 0.568 0.557 0.536 2 * 3 5
3.5 0.671 0.658 0.630 2 * 3 5
4.0 0.704 0.746 0.585 3 * 3 5 7
4.5 0.639 0.550 0.639 1 * 7
5.0 0.738 0.676 0.722 2 * 5 7
5.5 0.786 0.786 0.775 3 * 3 5 7
6.0 0.840 0.840 0.833 3 * 3 5 7
6.5 0.871 0.871 0.867 3 * 3 5 7
7.0 0.914 0.914 0.911 3 * 3 5 7
7.5 0.927 0.927 0.925 3 * 3 5 7
8.0 0.949 0.949 0.947 3 * 3 5 7
8.5 0.959 0.959 0.958 3 * 3 5 7
9.0 0.966 0.966 0.966 3 * 3 5 7
9.5 0.979 0.979 0.978 3 * 3 5 7
10.0 0.986 0.986 0.986 3 * 3 5 7
0.5 0.000 0.000 0.000 1 * 1
1.0 0.000 0.000 0.000 1 * 1
1.5 0.275 0.224 0.191 1 * 3
2.0 0.457 0.372 0.317 1 * 3
2.5 0.430 0.417 0.393 2 * 3 5
3.0 0.562 0.550 0.527 2 * 3 5
3.5 0.667 0.654 0.628 2 * 3 5
4.0 0.713 0.756 0.590 3 * 3 5 7
4.5 0.632 0.544 0.632 1 * 7
5.0 0.724 0.701 0.720 2 * 3 7
5.5 0.816 0.838 0.741 3 * 3 5 7
6.0 0.833 0.833 0.826 3 * 3 5 7
6.5 0.882 0.882 0.878 3 * 3 5 7
7.0 0.911 0.911 0.910 3 * 3 5 7
7.5 0.931 0.931 0.929 3 * 3 5 7
8.0 0.949 0.949 0.948 3 * 3 5 7
8.5 0.962 0.962 0.961 3 * 3 5 7
9.0 0.965 0.965 0.965 3 * 3 5 7
9.5 0.979 0.979 0.979 3 * 3 5 7
10.0 0.980 0.980 0.981 3 * 3 5 7
0.5 0.000 0.000 0.000 1 * 1
1.0 0.000 0.000 0.000 1 * 1
1.5 0.256 0.208 0.177 1 * 3
2.0 0.429 0.349 0.297 1 * 3
2.5 0.429 0.415 0.388 2 * 3 5
3.0 0.567 0.555 0.531 2 * 3 5
3.5 0.680 0.667 0.643 2 * 3 5
4.0 0.541 0.467 0.541 1 * 7
4.5 0.644 0.554 0.644 1 * 7
5.0 0.728 0.669 0.711 2 * 5 7
5.5 0.785 0.785 0.774 3 * 3 5 7
6.0 0.835 0.835 0.827 3 * 3 5 7
6.5 0.879 0.879 0.874 3 * 3 5 7
7.0 0.910 0.910 0.908 3 * 3 5 7
7.5 0.923 0.923 0.921 3 * 3 5 7
8.0 0.949 0.949 0.948 3 * 3 5 7
8.5 0.963 0.963 0.963 3 * 3 5 7
9.0 0.973 0.973 0.973 3 * 3 5 7
9.5 0.974 0.974 0.974 3 * 3 5 7
10.0 0.980 0.980 0.981 3 * 3 5 7
0.5 0.000 0.000 0.000 1 * 1
1.0 0.000 0.000 0.000 1 * 1
1.5 0.253 0.206 0.175 1 * 3
2.0 0.438 0.357 0.304 1 * 3
2.5 0.403 0.377 0.403 1 * 5
3.0 0.557 0.544 0.520 2 * 3 5
3.5 0.678 0.665 0.638 2 * 3 5
4.0 0.713 0.756 0.590 3 * 3 5 7
4.5 0.631 0.544 0.631 1 * 7
5.0 0.715 0.658 0.697 2 * 5 7
5.5 0.769 0.747 0.764 2 * 3 7
6.0 0.839 0.839 0.831 3 * 3 5 7
6.5 0.874 0.874 0.869 3 * 3 5 7
7.0 0.907 0.907 0.903 3 * 3 5 7
7.5 0.929 0.929 0.926 3 * 3 5 7
8.0 0.950 0.950 0.949 3 * 3 5 7
8.5 0.954 0.954 0.953 3 * 3 5 7
9.0 0.968 0.968 0.968 3 * 3 5 7
9.5 0.978 0.978 0.978 3 * 3 5 7
10.0 0.981 0.981 0.981 3 * 3 5 7
0.5 0.000 0.000 0.000 1 * 1
1.0 0.020 0.017 0.014 1 * 2
1.5 0.260 0.212 0.181 1 * 3
2.0 0.444 0.362 0.308 1 * 3
2.5 0.430 0.417 0.392 2 * 3 5
3.0 0.570 0.558 0.534 2 * 3 5
3.5 0.677 0.663 0.636 2 * 3 5
4.0 0.564 0.503 0.564 1 * 7
4.5 0.645 0.556 0.645 1 * 7
5.0 0.720 0.662 0.703 2 * 5 7
5.5 0.783 0.783 0.771 3 * 3 5 7
6.0 0.832 0.832 0.825 3 * 3 5 7
6.5 0.876 0.876 0.871 3 * 3 5 7
7.0 0.903 0.903 0.900 3 * 3 5 7
7.5 0.933 0.933 0.932 3 * 3 5 7
8.0 0.944 0.944 0.943 3 * 3 5 7
8.5 0.960 0.960 0.959 3 * 3 5 7
9.0 0.972 0.972 0.972 3 * 3 5 7
9.5 0.975 0.975 0.975 3 * 3 5 7
10.0 0.978 0.978 0.978 3 * 3 5 7
0.5 0.000 0.000 0.000 1 * 1
1.0 0.000 0.000 0.000 1 * 1
1.5 0.236 0.193 0.164 1 * 3
2.0 0.453 0.369 0.314 1 * 3
2.5 0.394 0.375 0.339 2 * 3 6
3.0 0.559 0.547 0.524 2 * 3 5
3.5 0.673 0.660 0.634 2 * 3 5
4.0 0.634 0.612 0.586 2 * 5 7
4.5 0.629 0.542 0.629 1 * 7
5.0 0.723 0.701 0.720 2 * 3 7
5.5 0.793 0.793 0.784 3 * 3 5 7
6.0 0.844 0.844 0.838 3 * 3 5 7
6.5 0.886 0.886 0.881 3 * 3 5 7
7.0 0.907 0.907 0.905 3 * 3 5 7
7.5 0.937 0.937 0.935 3 * 3 5 7
8.0 0.950 0.950 0.948 3 * 3 5 7
8.5 0.957 0.957 0.956 3 * 3 5 7
9.0 0.975 0.975 0.975 3 * 3 5 7
9.5 0.974 0.974 0.974 3 * 3 5 7
10.0 0.980 0.980 0.980 3 * 3 5 7
0.5 0.000 0.000 0.000 1 * 1
1.0 0.000 0.000 0.000 1 * 1
1.5 0.251 0.205 0.174 1 * 3
2.0 0.447 0.364 0.310 1 * 3
2.5 0.430 0.416 0.397 1 * 4
3.0 0.571 0.559 0.536 2 * 3 5
3.5 0.675 0.663 0.638 2 * 3 5
4.0 0.705 0.747 0.585 3 * 3 5 7
4.5 0.634 0.544 0.634 1 * 7
5.0 0.734 0.673 0.718 2 * 5 7
5.5 0.803 0.803 0.794 3 * 3 5 7
6.0 0.845 0.845 0.839 3 * 3 5 7
6.5 0.882 0.882 0.878 3 * 3 5 7
7.0 0.912 0.912 0.909 3 * 3 5 7
7.5 0.933 0.933 0.931 3 * 3 5 7
8.0 0.946 0.946 0.945 3 * 3 5 7
8.5 0.960 0.960 0.960 3 * 3 5 7
9.0 0.970 0.970 0.971 3 * 3 5 7
9.5 0.980 0.980 0.980 3 * 3 5 7
10.0 0.983 0.983 0.983 3 * 3 5 7
0.5 0.000 0.000 0.000 1 * 1
1.0 0.000 0.000 0.000 1 * 1
1.5 0.250 0.204 0.174 1 * 3
2.0 0.439 0.357 0.304 1 * 3
2.5 0.423 0.410 0.391 1 * 4
3.0 0.567 0.554 0.528 2 * 3 5
3.5 0.666 0.653 0.627 2 * 3 5
4.0 0.707 0.749 0.587 3 * 3 5 7
4.5 0.640 0.550 0.640 1 * 7
5.0 0.712 0.655 0.694 2 * 5 7
5.5 0.796 0.796 0.784 3 * 3 5 7
6.0 0.845 0.845 0.838 3 * 3 5 7
6.5 0.884 0.884 0.878 3 * 3 5 7
7.0 0.905 0.905 0.901 3 * 3 5 7
7.5 0.927 0.927 0.926 3 * 3 5 7
8.0 0.944 0.944 0.943 3 * 3 5 7
8.5 0.961 0.961 0.962 3 * 3 5 7
9.0 0.969 0.969 0.969 3 * 3 5 7
9.5 0.982 0.982 0.982 3 * 3 5 7
10.0 0.984 0.984 0.984 3 * 3 5 7
0.5 0.000 0.000 0.000 1 * 1
1.0 0.000 0.000 0.000 1 * 1
1.5 0.259 0.211 0.180 1 * 3
2.0 0.441 0.359 0.305 1 * 3
2.5 0.430 0.418 0.394 2 * 3 5
3.0 0.565 0.554 0.531 2 * 3 5
3.5 0.683 0.670 0.644 2 * 3 5
4.0 0.623 0.599 0.575 2 * 3 7
4.5 0.622 0.533 0.622 1 * 7
5.0 0.770 0.793 0.697 3 * 3 5 7
5.5 0.806 0.806 0.795 3 * 3 5 7
6.0 0.847 0.868 0.769 3 * 3 5 7
6.5 0.873 0.873 0.868 3 * 3 5 7
7.0 0.909 0.909 0.906 3 * 3 5 7
7.5 0.930 0.930 0.929 3 * 3 5 7
8.0 0.945 0.945 0.944 3 * 3 5 7
8.5 0.963 0.963 0.962 3 * 3 5 7
9.0 0.970 0.970 0.970 3 * 3 5 7
9.5 0.979 0.979 0.979 3 * 3 5 7
10.0 0.982 0.982 0.983 3 * 3 5 7
0.5 0.000 0.000 0.000 1 * 1
1.0 0.000 0.000 0.000 1 * 1
1.5 0.268 0.218 0.186 1 * 3
2.0 0.452 0.368 0.313 1 * 3
2.5 0.433 0.420 0.400 1 * 4
3.0 0.568 0.556 0.534 2 * 3 5
3.5 0.635 0.616 0.580 2 * 3 6
4.0 0.688 0.730 0.573 3 * 3 5 7
4.5 0.681 0.655 0.629 2 * 3 7
5.0 0.726 0.668 0.708 2 * 5 7
5.5 0.784 0.716 0.770 2 * 5 7
6.0 0.854 0.854 0.848 3 * 3 5 7
6.5 0.869 0.869 0.865 3 * 3 5 7
7.0 0.908 0.908 0.905 3 * 3 5 7
7.5 0.924 0.924 0.923 3 * 3 5 7
8.0 0.948 0.948 0.947 3 * 3 5 7
8.5 0.959 0.959 0.959 3 * 3 5 7
9.0 0.970 0.970 0.970 3 * 3 5 7
9.5 0.977 0.977 0.977 3 * 3 5 7
10.0 0.985 0.985 0.985 3 * 3 5 7
0.5 0.000 0.000 0.000 1 * 1
1.0 0.000 0.000 0.000 1 * 1
1.5 0.257 0.210 0.179 1 * 3
2.0 0.447 0.364 0.309 1 * 3
2.5 0.446 0.434 0.409 2 * 3 5
3.0 0.576 0.565 0.543 2 * 3 5
3.5 0.677 0.664 0.638 2 * 3 5
4.0 0.685 0.727 0.572 3 * 3 5 7
4.5 0.644 0.553 0.644 1 * 7
5.0 0.739 0.678 0.722 2 * 5 7
5.5 0.785 0.785 0.774 3 * 3 5 7
6.0 0.839 0.839 0.831 3 * 3 5 7
6.5 0.872 0.872 0.867 3 * 3 5 7
7.0 0.903 0.903 0.897 3 * 3 5 7
7.5 0.923 0.923 0.922 3 * 3 5 7
8.0 0.947 0.947 0.946 3 * 3 5 7
8.5 0.951 0.951 0.950 3 * 3 5 7
9.0 0.973 0.973 0.973 3 * 3 5 7
9.5 0.975 0.975 0.975 3 * 3 5 7
10.0 0.984 0.984 0.984 3 * 3 5 7
0.5 0.000 0.000 0.000 1 * 1
1.0 0.000 0.000 0.000 1 * 1
1.5 0.259 0.211 0.180 1 * 3
2.0 0.447 0.364 0.310 1 * 3
2.5 0.438 0.423 0.404 1 * 4
3.0 0.560 0.548 0.525 2 * 3 5
3.5 0.668 0.656 0.632 2 * 3 5
4.0 0.645 0.573 0.645 1 * 6
4.5 0.630 0.543 0.630 1 * 7
5.0 0.728 0.669 0.710 2 * 5 7
5.5 0.791 0.791 0.781 3 * 3 5 7
6.0 0.841 0.841 0.833 3 * 3 5 7
6.5 0.880 0.880 0.876 3 * 3 5 7
7.0 0.907 0.907 0.906 3 * 3 5 7
7.5 0.926 0.926 0.923 3 * 3 5 7
8.0 0.943 0.943 0.941 3 * 3 5 7
8.5 0.928 0.947 0.844 3 * 3 5 7
9.0 0.970 0.970 0.970 3 * 3 5 7
9.5 0.977 0.977 0.977 3 * 3 5 7
10.0 0.979 0.979 0.979 3 * 3 5 7
0.5 0.000 0.000 0.000 1 * 1
1.0 0.000 0.000 0.000 1 * 1
1.5 0.268 0.218 0.185 1 * 3
2.0 0.453 0.369 0.314 1 * 3
2.5 0.437 0.424 0.398 2 * 3 5
3.0 0.580 0.568 0.544 2 * 3 5
3.5 0.669 0.656 0.630 2 * 3 5
4.0 0.541 0.467 0.541 1 * 7
4.5 0.627 0.541 0.627 1 * 7
5.0 0.743 0.681 0.727 2 * 5 7
5.5 0.785 0.785 0.774 3 * 3 5 7
6.0 0.847 0.847 0.840 3 * 3 5 7
6.5 0.873 0.873 0.867 3 * 3 5 7
7.0 0.908 0.908 0.906 3 * 3 5 7
7.5 0.937 0.937 0.935 3 * 3 5 7
8.0 0.943 0.943 0.941 3 * 3 5 7
8.5 0.962 0.962 0.962 3 * 3 5 7
9.0 0.964 0.964 0.964 3 * 3 5 7
9.5 0.979 0.979 0.978 3 * 3 5 7
10.0 0.982 0.982 0.982 3 * 3 5 7
0.5 0.000 0.000 0.000 1 * 1
1.0 0.000 0.000 0.000 1 * 1
1.5 0.240 0.196 0.167 1 * 3
2.0 0.454 0.370 0.315 1 * 3
2.5 0.403 0.380 0.403 1 * 5
3.0 0.571 0.559 0.534 2 * 3 5
3.5 0.676 0.664 0.639 2 * 3 5
4.0 0.703 0.746 0.584 3 * 3 5 7
4.5 0.625 0.538 0.625 1 * 7
5.0 0.725 0.666 0.707 2 * 5 7
5.5 0.785 0.717 0.772 2 * 5 7
6.0 0.855 0.855 0.848 3 * 3 5 7
6.5 0.879 0.879 0.874 3 * 3 5 7
7.0 0.907 0.907 0.904 3 * 3 5 7
7.5 0.927 0.927 0.925 3 * 3 5 7
8.0 0.942 0.942 0.941 3 * 3 5 7
8.5 0.963 0.963 0.963 3 * 3 5 7
9.0 0.966 0.966 0.966 3 * 3 5 7
9.5 0.971 0.971 0.971 3 * 3 5 7
10.0 0.980 0.980 0.980 3 * 3 5 7
0.5 0.000 0.000 0.000 1 * 1
1.0 0.000 0.000 0.000 1 * 1
1.5 0.250 0.203 0.173 1 * 3
2.0 0.455 0.370 0.315 1 * 3
2.5 0.439 0.423 0.405 1 * 4
3.0 0.551 0.538 0.513 2 * 3 5
3.5 0.658 0.646 0.620 2 * 3 5
4.0 0.691 0.672 0.635 2 * 3 6
4.5 0.640 0.550 0.640 1 * 7
5.0 0.730 0.670 0.714 2 * 5 7
5.5 0.780 0.780 0.769 3 * 3 5 7
6.0 0.827 0.827 0.818 3 * 3 5 7
6.5 0.876 0.876 0.872 3 * 3 5 7
7.0 0.909 0.909 0.906 3 * 3 5 7
7.5 0.927 0.927 0.925 3 * 3 5 7
8.0 0.948 0.948 0.948 3 * 3 5 7
8.5 0.964 0.964 0.963 3 * 3 5 7
9.0 0.970 0.970 0.970 3 * 3 5 7
9.5 0.979 0.979 0.979 3 * 3 5 7
10.0 0.984 0.984 0.984 3 * 3 5 7
0.5 0.000 0.000 0.000 1 * 1
1.0 0.000 0.000 0.000 1 * 1
1.5 0.225 0.184 0.156 1 * 3
2.0 0.445 0.362 0.308 1 * 3
2.5 0.442 0.431 0.407 2 * 3 5
3.0 0.566 0.554 0.529 2 * 3 5
3.5 0.630 0.611 0.575 2 * 3 6
4.0 0.710 0.753 0.588 3 * 3 5 7
4.5 0.629 0.541 0.629 1 * 7
5.0 0.729 0.668 0.712 2 * 5 7
5.5 0.785 0.785 0.774 3 * 3 5 7
6.0 0.847 0.847 0.841 3 * 3 5 7
6.5 0.880 0.880 0.875 3 * 3 5 7
7.0 0.905 0.905 0.901 3 * 3 5 7
7.5 0.927 0.927 0.926 3 * 3 5 7
8.0 0.952 0.952 0.951 3 * 3 5 7
8.5 0.961 0.961 0.961 3 * 3 5 7
9.0 0.967 0.967 0.967 3 * 3 5 7
9.5 0.975 0.975 0.975 3 * 3 5 7
10.0 0.980 0.980 0.980 3 * 3 5 7
0.5 0.000 0.000 0.000 1 * 1
1.0 0.000 0.000 0.000 1 * 1
1.5 0.217 0.177 0.151 1 * 3
2.0 0.436 0.355 0.302 1 * 3
2.5 0.388 0.366 0.388 1 * 5
3.0 0.559 0.548 0.525 2 * 3 5
3.5 0.676 0.662 0.636 2 * 3 5
4.0 0.700 0.742 0.583 3 * 3 5 7
4.5 0.708 0.731 0.641 3 * 3 5 7
5.0 0.723 0.664 0.706 2 * 5 7
5.5 0.771 0.771 0.760 3 * 3 5 7
6.0 0.838 0.838 0.831 3 * 3 5 7
6.5 0.886 0.886 0.881 3 * 3 5 7
7.0 0.905 0.905 0.903 3 * 3 5 7
7.5 0.937 0.937 0.935 3 * 3 5 7
8.0 0.941 0.941 0.939 3 * 3 5 7
8.5 0.960 0.960 0.960 3 * 3 5 7
9.0 0.972 0.972 0.972 3 * 3 5 7
9.5 0.977 0.977 0.978 3 * 3 5 7
10.0 0.904 0.965 0.762 3 * 3 6 8
0.5 0.000 0.000 0.000 1 * 1
1.0 0.000 0.000 0.000 1 * 1
1.5 0.249 0.203 0.173 1 * 3
2.0 0.443 0.360 0.307 1 * 3
2.5 0.443 0.431 0.407 2 * 3 5
3.0 0.565 0.553 0.530 2 * 3 5
3.5 0.613 0.594 0.556 2 * 3 6
4.0 0.700 0.681 0.645 2 * 3 6
4.5 0.634 0.547 0.634 1 * 7
5.0 0.742 0.681 0.725 2 * 5 7
5.5 0.794 0.794 0.785 3 * 3 5 7
6.0 0.832 0.832 0.825 3 * 3 5 7
6.5 0.876 0.876 0.870 3 * 3 5 7
7.0 0.909 0.909 0.906 3 * 3 5 7
7.5 0.928 0.928 0.925 3 * 3 5 7
8.0 0.941 0.941 0.940 3 * 3 5 7
8.5 0.958 0.958 0.958 3 * 3 5 7
9.0 0.968 0.968 0.969 3 * 3 5 7
9.5 0.977 0.977 0.977 3 * 3 5 7
10.0 0.984 0.984 0.984 3 * 3 5 7
0.5 0.000 0.000 0.000 1 * 1
1.0 0.034 0.028 0.024 1 * 2
1.5 0.270 0.220 0.187 1 * 3
2.0 0.451 0.367 0.313 1 * 3
2.5 0.357 0.343 0.357 1 * 5
3.0 0.565 0.554 0.532 2 * 3 5
3.5 0.633 0.614 0.579 2 * 3 6
4.0 0.689 0.730 0.573 3 * 3 5 7
4.5 0.634 0.547 0.634 1 * 7
5.0 0.736 0.674 0.720 2 * 5 7
5.5 0.787 0.787 0.778 3 * 3 5 7
6.0 0.845 0.845 0.837 3 * 3 5 7
6.5 0.885 0.885 0.880 3 * 3 5 7
7.0 0.908 0.908 0.905 3 * 3 5 7
7.5 0.929 0.929 0.927 3 * 3 5 7
8.0 0.944 0.944 0.943 3 * 3 5 7
8.5 0.961 0.961 0.960 3 * 3 5 7
9.0 0.974 0.974 0.973 3 * 3 5 7
9.5 0.976 0.976 0.976 3 * 3 5 7
10.0 0.982 0.982 0.983 3 * 3 5 7
0.5 0.000 0.000 0.000 1 * 1
1.0 0.000 0.000 0.000 1 * 1
1.5 0.259 0.211 0.180 1 * 3
2.0 0.459 0.374 0.318 1 * 3
2.5 0.385 0.365 0.385 1 * 5
3.0 0.566 0.554 0.528 2 * 3 5
3.5 0.663 0.651 0.626 2 * 3 5
4.0 0.711 0.691 0.652 2 * 3 6
4.5 0.641 0.552 0.641 1 * 7
5.0 0.731 0.672 0.714 2 * 5 7
5.5 0.816 0.838 0.740 3 * 3 5 7
6.0 0.840 0.840 0.832 3 * 3 5 7
6.5 0.883 0.883 0.878 3 * 3 5 7
7.0 0.912 0.912 0.910 3 * 3 5 7
7.5 0.926 0.926 0.924 3 * 3 5 7
8.0 0.949 0.949 0.949 3 * 3 5 7
8.5 0.958 0.958 0.957 3 * 3 5 7
9.0 0.968 0.968 0.968 3 * 3 5 7
9.5 0.976 0.976 0.976 3 * 3 5 7
10.0 0.978 0.978 0.979 3 * 3 5 7
0.5 0.000 0.000 0.000 1 * 1
1.0 0.010 0.008 0.007 1 * 2
1.5 0.239 0.195 0.166 1 * 3
2.0 0.449 0.365 0.311 1 * 3
2.5 0.441 0.429 0.404 2 * 3 5
3.0 0.562 0.551 0.530 2 * 3 5
3.5 0.674 0.661 0.636 2 * 3 5
4.0 0.696 0.677 0.640 2 * 3 6
4.5 0.621 0.535 0.621 1 * 7
5.0 0.700 0.603 0.700 1 * 7
5.5 0.813 0.835 0.739 3 * 3 5 7
6.0 0.849 0.849 0.841 3 * 3 5 7
6.5 0.881 0.881 0.876 3 * 3 5 7
7.0 0.906 0.906 0.902 3 * 3 5 7
7.5 0.927 0.927 0.925 3 * 3 5 7
8.0 0.947 0.947 0.945 3 * 3 5 7
8.5 0.958 0.958 0.958 3 * 3 5 7
9.0 0.965 0.965 0.965 3 * 3 5 7
9.5 0.975 0.975 0.975 3 * 3 5 7
10.0 0.977 0.977 0.977 3 * 3 5 7
0.5 0.000 0.000 0.000 1 * 1
1.0 0.000 0.000 0.000 1 * 1
1.5 0.260 0.212 0.180 1 * 3
2.0 0.433 0.353 0.300 1 * 3
2.5 0.441 0.424 0.407 1 * 4
3.0 0.566 0.554 0.532 2 * 3 5
3.5 0.673 0.661 0.636 2 * 3 5
4.0 0.718 0.761 0.595 3 * 3 5 7
4.5 0.686 0.662 0.638 2 * 3 7
5.0 0.735 0.675 0.719 2 * 5 7
5.5 0.782 0.782 0.772 3 * 3 5 7
6.0 0.837 0.837 0.830 3 * 3 5 7
6.5 0.880 0.880 0.875 3 * 3 5 7
7.0 0.913 0.913 0.910 3 * 3 5 7
7.5 0.924 0.924 0.922 3 * 3 5 7
8.0 0.951 0.951 0.950 3 * 3 5 7
8.5 0.958 0.958 0.957 3 * 3 5 7
9.0 0.968 0.968 0.967 3 * 3 5 7
9.5 0.979 0.979 0.979 3 * 3 5 7
10.0 0.981 0.981 0.981 3 * 3 5 7
0.5 0.000 0.000 0.000 1 * 1
1.0 0.000 0.000 0.000 1 * 1
1.5 0.244 0.199 0.169 1 * 3
2.0 0.459 0.374 0.318 1 * 3
2.5 0.392 0.371 0.392 1 * 5
3.0 0.571 0.558 0.532 2 * 3 5
3.5 0.661 0.648 0.623 2 * 3 5
4.0 0.704 0.747 0.584 3 * 3 5 7
4.5 0.627 0.541 0.627 1 * 7
5.0 0.731 0.670 0.714 2 * 5 7
5.5 0.784 0.784 0.773 3 * 3 5 7
6.0 0.831 0.831 0.825 3 * 3 5 7
6.5 0.870 0.870 0.865 3 * 3 5 7
7.0 0.905 0.905 0.902 3 * 3 5 7
7.5 0.927 0.927 0.924 3 * 3 5 7
8.0 0.944 0.944 0.942 3 * 3 5 7
8.5 0.957 0.957 0.955 3 * 3 5 7
9.0 0.973 0.973 0.973 3 * 3 5 7
9.5 0.978 0.978 0.979 3 * 3 5 7
10.0 0.981 0.981 0.981 3 * 3 5 7
0.5 0.000 0.000 0.000 1 * 1
1.0 0.035 0.029 0.025 1 * 2
1.5 0.255 0.208 0.177 1 * 3
2.0 0.431 0.351 0.299 1 * 3
2.5 0.426 0.412 0.385 2 * 3 5
3.0 0.547 0.535 0.511 2 * 3 5
3.5 0.678 0.665 0.638 2 * 3 5
4.0 0.691 0.733 0.574 3 * 3 5 7
4.5 0.622 0.535 0.622 1 * 7
5.0 0.735 0.672 0.719 2 * 5 7
5.5 0.806 0.806 0.796 3 * 3 5 7
6.0 0.834 0.834 0.826 3 * 3 5 7
6.5 0.873 0.873 0.868 3 * 3 5 7
7.0 0.914 0.914 0.912 3 * 3 5 7
7.5 0.927 0.927 0.924 3 * 3 5 7
8.0 0.947 0.947 0.945 3 * 3 5 7
8.5 0.957 0.957 0.956 3 * 3 5 7
9.0 0.972 0.972 0.973 3 * 3 5 7
9.5 0.973 0.973 0.973 3 * 3 5 7
10.0 0.985 0.985 0.985 3 * 3 5 7
0.5 0.000 0.000 0.000 1 * 1
1.0 0.000 0.000 0.000 1 * 1
1.5 0.265 0.216 0.184 1 * 3
2.0 0.452 0.368 0.313 1 * 3
2.5 0.421 0.409 0.389 1 * 4
3.0 0.568 0.556 0.534 2 * 3 5
3.5 0.667 0.654 0.629 2 * 3 5
4.0 0.702 0.744 0.583 3 * 3 5 7
4.5 0.628 0.540 0.628 1 * 7
5.0 0.712 0.613 0.712 1 * 7
5.5 0.796 0.796 0.785 3 * 3 5 7
6.0 0.822 0.822 0.813 3 * 3 5 7
6.5 0.880 0.880 0.877 3 * 3 5 7
7.0 0.908 0.908 0.905 3 * 3 5 7
7.5 0.930 0.930 0.928 3 * 3 5 7
8.0 0.947 0.947 0.946 3 * 3 5 7
8.5 0.962 0.962 0.962 3 * 3 5 7
9.0 0.971 0.971 0.970 3 * 3 5 7
9.5 0.973 0.973 0.972 3 * 3 5 7
10.0 0.980 0.980 0.980 3 * 3 5 7
0.5 0.000 0.000 0.000 1 * 1
1.0 0.000 0.000 0.000 1 * 1
1.5 0.226 0.184 0.157 1 * 3
2.0 0.460 0.375 0.319 1 * 3
2.5 0.432 0.420 0.399 1 * 4
3.0 0.550 0.538 0.514 2 * 3 5
3.5 0.629 0.610 0.573 2 * 3 6
4.0 0.694 0.736 0.576 3 * 3 5 7
4.5 0.631 0.544 0.631 1 * 7
5.0 0.720 0.661 0.704 2 * 5 7
5.5 0.788 0.788 0.778 3 * 3 5 7
6.0 0.839 0.839 0.831 3 * 3 5 7
6.5 0.891 0.891 0.886 3 * 3 5 7
7.0 0.909 0.909 0.906 3 * 3 5 7
7.5 0.933 0.933 0.933 3 * 3 5 7
8.0 0.942 0.942 0.940 3 * 3 5 7
8.5 0.960 0.960 0.960 3 * 3 5 7
9.0 0.968 0.968 0.969 3 * 3 5 7
9.5 0.976 0.976 0.976 3 * 3 5 7
10.0 0.982 0.982 0.982 3 * 3 5 7
0.5 0.000 0.000 0.000 1 * 1
1.0 0.000 0.000 0.000 1 * 1
1.5 0.251 0.204 0.174 1 * 3
2.0 0.424 0.346 0.294 1 * 3
2.5 0.444 0.433 0.409 2 * 3 5
3.0 0.567 0.555 0.532 2 * 3 5
3.5 0.675 0.662 0.637 2 * 3 5
4.0 0.560 0.482 0.560 1 * 7
4.5 0.616 0.533 0.616 1 * 7
5.0 0.735 0.737 0.722 3 * 3 5 7
5.5 0.790 0.790 0.779 3 * 3 5 7
6.0 0.830 0.830 0.824 3 * 3 5 7
6.5 0.881 0.881 0.876 3 * 3 5 7
7.0 0.916 0.916 0.914 3 * 3 5 7
7.5 0.933 0.933 0.931 3 * 3 5 7
8.0 0.945 0.945 0.944 3 * 3 5 7
8.5 0.960 0.960 0.960 3 * 3 5 7
9.0 0.963 0.963 0.963 3 * 3 5 7
9.5 0.977 0.977 0.977 3 * 3 5 7
10.0 0.979 0.979 0.979 3 * 3 5 7
0.5 0.000 0.000 0.000 1 * 1
1.0 0.000 0.000 0.000 1 * 1
1.5 0.258 0.210 0.179 1 * 3
2.0 0.446 0.363 0.309 1 * 3
2.5 0.429 0.417 0.392 2 * 3 5
3.0 0.554 0.542 0.518 2 * 3 5
3.5 0.666 0.654 0.628 2 * 3 5
4.0 0.714 0.757 0.592 3 * 3 5 7
4.5 0.633 0.544 0.633 1 * 7
5.0 0.734 0.675 0.715 2 * 5 7
5.5 0.789 0.721 0.776 2 * 5 7
6.0 0.840 0.840 0.831 3 * 3 5 7
6.5 0.875 0.875 0.870 3 * 3 5 7
7.0 0.907 0.907 0.904 3 * 3 5 7
7.5 0.925 0.925 0.922 3 * 3 5 7
8.0 0.940 0.940 0.939 3 * 3 5 7
8.5 0.962 0.962 0.961 3 * 3 5 7
9.0 0.971 0.971 0.971 3 * 3 5 7
9.5 0.980 0.980 0.980 3 * 3 5 7
10.0 0.981 0.981 0.981 3 * 3 5 7
0.5 0.000 0.000 0.000 1 * 1
1.0 0.000 0.000 0.000 1 * 1
1.5 0.236 0.192 0.163 1 * 3
2.0 0.442 0.360 0.306 1 * 3
2.5 0.418 0.406 0.381 2 * 3 5
3.0 0.558 0.545 0.521 2 * 3 5
3.5 0.664 0.650 0.624 2 * 3 5
4.0 0.706 0.687 0.650 2 * 3 6
4.5 0.625 0.539 0.625 1 * 7
5.0 0.737 0.675 0.722 2 * 5 7
5.5 0.786 0.786 0.774 3 * 3 5 7
6.0 0.846 0.846 0.839 3 * 3 5 7
6.5 0.872 0.872 0.868 3 * 3 5 7
7.0 0.906 0.906 0.902 3 * 3 5 7
7.5 0.938 0.938 0.937 3 * 3 5 7
8.0 0.945 0.945 0.944 3 * 3 5 7
8.5 0.961 0.961 0.960 3 * 3 5 7
9.0 0.968 0.968 0.968 3 * 3 5 7
9.5 0.976 0.976 0.977 3 * 3 5 7
10.0 0.981 0.981 0.981 3 * 3 5 7
0.5 0.000 0.000 0.000 1 * 1
1.0 0.000 0.000 0.000 1 * 1
1.5 0.259 0.211 0.179 1 * 3
2.0 0.450 0.366 0.312 1 * 3
2.5 0.434 0.421 0.395 2 * 3 5
3.0 0.556 0.544 0.522 2 * 3 5
3.5 0.667 0.654 0.629 2 * 3 5
4.0 0.693 0.735 0.576 3 * 3 5 7
4.5 0.624 0.537 0.624 1 * 7
5.0 0.729 0.669 0.712 2 * 5 7
5.5 0.787 0.787 0.776 3 * 3 5 7
6.0 0.844 0.844 0.838 3 * 3 5 7
6.5 0.883 0.883 0.878 3 * 3 5 7
7.0 0.906 0.906 0.904 3 * 3 5 7
7.5 0.935 0.935 0.933 3 * 3 5 7
8.0 0.949 0.949 0.949 3 * 3 5 7
8.5 0.956 0.956 0.955 3 * 3 5 7
9.0 0.970 0.970 0.970 3 * 3 5 7
9.5 0.975 0.975 0.975 3 * 3 5 7
10.0 0.981 0.981 0.981 3 * 3 5 7
0.5 0.000 0.000 0.000 1 * 1
1.0 0.000 0.000 0.000 1 * 1
1.5 0.232 0.189 0.161 1 * 3
2.0 0.453 0.369 0.314 1 * 3
2.5 0.408 0.382 0.408 1 * 5
3.0 0.554 0.542 0.516 2 * 3 5
3.5 0.671 0.657 0.630 2 * 3 5
4.0 0.709 0.751 0.587 3 * 3 5 7
4.5 0.632 0.545 0.632 1 * 7
5.0 0.724 0.664 0.707 2 * 5 7
5.5 0.786 0.786 0.775 3 * 3 5 7
6.0 0.829 0.829 0.821 3 * 3 5 7
6.5 0.876 0.876 0.872 3 * 3 5 7
7.0 0.913 0.913 0.911 3 * 3 5 7
7.5 0.938 0.938 0.935 3 * 3 5 7
8.0 0.953 0.953 0.951 3 * 3 5 7
8.5 0.958 0.958 0.958 3 * 3 5 7
9.0 0.969 0.969 0.969 3 * 3 5 7
9.5 0.979 0.979 0.979 3 * 3 5 7
10.0 0.980 0.980 0.980 3 * 3 5 7
0.5 0.000 0.000 0.000 1 * 1
1.0 0.000 0.000 0.000 1 * 1
1.5 0.255 0.208 0.177 1 * 3
2.0 0.438 0.357 0.304 1 * 3
2.5 0.434 0.421 0.401 1 * 4
3.0 0.572 0.561 0.540 2 * 3 5
3.5 0.669 0.656 0.629 2 * 3 5
4.0 0.709 0.752 0.587 3 * 3 5 7
4.5 0.628 0.540 0.628 1 * 7
5.0 0.732 0.734 0.718 3 * 3 5 7
5.5 0.781 0.781 0.770 3 * 3 5 7
6.0 0.830 0.830 0.825 3 * 3 5 7
6.5 0.877 0.877 0.872 3 * 3 5 7
7.0 0.919 0.919 0.918 3 * 3 5 7
7.5 0.932 0.932 0.929 3 * 3 5 7
8.0 0.945 0.945 0.944 3 * 3 5 7
8.5 0.955 0.955 0.954 3 * 3 5 7
9.0 0.967 0.967 0.967 3 * 3 5 7
9.5 0.975 0.975 0.975 3 * 3 5 7
10.0 0.980 0.980 0.981 3 * 3 5 7
0.5 0.000 0.000 0.000 1 * 1
1.0 0.000 0.000 0.000 1 * 1
1.5 0.253 0.206 0.175 1 * 3
2.0 0.439 0.357 0.304 1 * 3
2.5 0.434 0.421 0.397 2 * 3 5
3.0 0.577 0.566 0.546 2 * 3 5
3.5 0.662 0.650 0.625 2 * 3 5
4.0 0.702 0.684 0.647 2 * 3 6
4.5 0.664 0.617 0.642 2 * 5 7
5.0 0.740 0.741 0.725 3 * 3 5 7
5.5 0.795 0.795 0.785 3 * 3 5 7
6.0 0.837 0.837 0.830 3 * 3 5 7
6.5 0.881 0.881 0.876 3 * 3 5 7
7.0 0.903 0.903 0.898 3 * 3 5 7
7.5 0.931 0.931 0.929 3 * 3 5 7
8.0 0.948 0.948 0.947 3 * 3 5 7
8.5 0.957 0.957 0.956 3 * 3 5 7
9.0 0.969 0.969 0.969 3 * 3 5 7
9.5 0.974 0.974 0.974 3 * 3 5 7
10.0 0.981 0.981 0.981 3 * 3 5 7
0.5 0.000 0.000 0.000 1 * 1
1.0 0.000 0.000 0.000 1 * 1
1.5 0.234 0.191 0.162 1 * 3
2.0 0.446 0.363 0.309 1 * 3
2.5 0.450 0.432 0.415 1 * 4
3.0 0.548 0.536 0.513 2 * 3 5
3.5 0.677 0.663 0.636 2 * 3 5
4.0 0.701 0.682 0.645 2 * 3 6
4.5 0.664 0.616 0.642 2 * 5 7
5.0 0.739 0.678 0.723 2 * 5 7
5.5 0.782 0.715 0.768 2 * 5 7
6.0 0.845 0.845 0.840 3 * 3 5 7
6.5 0.882 0.882 0.876 3 * 3 5 7
7.0 0.904 0.904 0.900 3 * 3 5 7
7.5 0.930 0.930 0.928 3 * 3 5 7
8.0 0.945 0.945 0.945 3 * 3 5 7
8.5 0.961 0.961 0.960 3 * 3 5 7
9.0 0.969 0.969 0.969 3 * 3 5 7
9.5 0.977 0.977 0.977 3 * 3 5 7
10.0 0.983 0.983 0.984 3 * 3 5 7
0.5 0.000 0.000 0.000 1 * 1
1.0 0.023 0.019 0.016 1 * 2
1.5 0.244 0.199 0.169 1 * 3
2.0 0.449 0.366 0.311 1 * 3
2.5 0.360 0.343 0.360 1 * 5
3.0 0.559 0.547 0.522 2 * 3 5
3.5 0.671 0.658 0.632 2 * 3 5
4.0 0.701 0.681 0.643 2 * 3 6
4.5 0.624 0.538 0.624 1 * 7
5.0 0.724 0.666 0.706 2 * 5 7
5.5 0.804 0.804 0.795 3 * 3 5 7
6.0 0.828 0.828 0.821 3 * 3 5 7
6.5 0.869 0.869 0.863 3 * 3 5 7
7.0 0.908 0.908 0.907 3 * 3 5 7
7.5 0.925 0.925 0.924 3 * 3 5 7
8.0 0.946 0.946 0.945 3 * 3 5 7
8.5 0.956 0.956 0.956 3 * 3 5 7
9.0 0.968 0.968 0.968 3 * 3 5 7
9.5 0.978 0.978 0.978 3 * 3 5 7
10.0 0.979 0.979 0.979 3 * 3 5 7
0.5 0.000 0.000 0.000 1 * 1
1.0 0.016 0.013 0.011 1 * 2
1.5 0.244 0.199 0.169 1 * 3
2.0 0.465 0.379 0.323 1 * 3
2.5 0.426 0.414 0.390 2 * 3 5
3.0 0.559 0.547 0.522 2 * 3 5
3.5 0.688 0.675 0.649 2 * 3 5
4.0 0.704 0.685 0.647 2 * 3 6
4.5 0.624 0.538 0.624 1 * 7
5.0 0.729 0.669 0.711 2 * 5 7
5.5 0.795 0.795 0.785 3 * 3 5 7
6.0 0.829 0.829 0.820 3 * 3 5 7
6.5 0.888 0.888 0.883 3 * 3 5 7
7.0 0.907 0.907 0.904 3 * 3 5 7
7.5 0.930 0.930 0.927 3 * 3 5 7
8.0 0.947 0.947 0.946 3 * 3 5 7
8.5 0.961 0.961 0.961 3 * 3 5 7
9.0 0.968 0.968 0.968 3 * 3 5 7
9.5 0.978 0.978 0.979 3 * 3 5 7
10.0 0.982 0.982 0.982 3 * 3 5 7
0.5 0.000 0.000 0.000 1 * 1
1.0 0.000 0.000 0.000 1 * 1
1.5 0.263 0.214 0.183 1 * 3
2.0 0.449 0.366 0.312 1 * 3
2.5 0.439 0.427 0.403 2 * 3 5
3.0 0.574 0.563 0.539 2 * 3 5
3.5 0.660 0.646 0.619 2 * 3 5
4.0 0.579 0.515 0.579 1 * 7
4.5 0.624 0.537 0.624 1 * 7
5.0 0.715 0.617 0.715 1 * 7
5.5 0.789 0.789 0.780 3 * 3 5 7
6.0 0.847 0.847 0.839 3 * 3 5 7
6.5 0.850 0.906 0.716 3 * 3 6 8
7.0 0.914 0.914 0.909 3 * 3 5 7
7.5 0.929 0.929 0.927 3 * 3 5 7
8.0 0.947 0.947 0.946 3 * 3 5 7
8.5 0.954 0.954 0.955 3 * 3 5 7
9.0 0.971 0.971 0.971 3 * 3 5 7
9.5 0.976 0.976 0.976 3 * 3 5 7
10.0 0.983 0.983 0.982 3 * 3 5 7
0.5 0.000 0.000 0.000 1 * 1
1.0 0.000 0.000 0.000 1 * 1
1.5 0.268 0.218 0.186 1 * 3
2.0 0.451 0.367 0.313 1 * 3
2.5 0.424 0.411 0.391 1 * 4
3.0 0.575 0.563 0.539 2 * 3 5
3.5 0.679 0.666 0.639 2 * 3 5
4.0 0.623 0.555 0.623 1 * 6
4.5 0.636 0.547 0.636 1 * 7
5.0 0.724 0.726 0.709 3 * 3 5 7
5.5 0.794 0.794 0.783 3 * 3 5 7
6.0 0.839 0.839 0.831 3 * 3 5 7
6.5 0.883 0.883 0.879 3 * 3 5 7
7.0 0.894 0.913 0.813 3 * 3 5 7
7.5 0.930 0.930 0.930 3 * 3 5 7
8.0 0.945 0.945 0.942 3 * 3 5 7
8.5 0.959 0.959 0.959 3 * 3 5 7
9.0 0.968 0.968 0.968 3 * 3 5 7
9.5 0.979 0.979 0.979 3 * 3 5 7
10.0 0.978 0.978 0.978 3 * 3 5 7
0.5 0.000 0.000 0.000 1 * 1
1.0 0.000 0.000 0.000 1 * 1
1.5 0.259 0.211 0.179 1 * 3
2.0 0.451 0.367 0.312 1 * 3
2.5 0.399 0.377 0.399 1 * 5
3.0 0.557 0.544 0.517 2 * 3 5
3.5 0.677 0.665 0.641 2 * 3 5
4.0 0.695 0.737 0.577 3 * 3 5 7
4.5 0.636 0.548 0.636 1 * 7
5.0 0.724 0.703 0.719 2 * 3 7
5.5 0.787 0.764 0.783 2 * 3 7
6.0 0.842 0.842 0.834 3 * 3 5 7
6.5 0.874 0.874 0.869 3 * 3 5 7
7.0 0.909 0.909 0.905 3 * 3 5 7
7.5 0.927 0.927 0.924 3 * 3 5 7
8.0 0.953 0.953 0.952 3 * 3 5 7
8.5 0.959 0.959 0.959 3 * 3 5 7
9.0 0.965 0.965 0.965 3 * 3 5 7
9.5 0.973 0.973 0.973 3 * 3 5 7
10.0 0.982 0.982 0.982 3 * 3 5 7
0.5 0.000 0.000 0.000 1 * 1
1.0 0.028 0.023 0.020 1 * 2
1.5 0.239 0.195 0.166 1 * 3
2.0 0.459 0.374 0.318 1 * 3
2.5 0.437 0.421 0.404 1 * 4
3.0 0.570 0.560 0.538 2 * 3 5
3.5 0.679 0.665 0.638 2 * 3 5
4.0 0.700 0.743 0.582 3 * 3 5 7
4.5 0.631 0.543 0.631 1 * 7
5.0 0.770 0.792 0.699 3 * 3 5 7
5.5 0.788 0.788 0.776 3 * 3 5 7
6.0 0.829 0.829 0.819 3 * 3 5 7
6.5 0.872 0.872 0.866 3 * 3 5 7
7.0 0.905 0.905 0.902 3 * 3 5 7
7.5 0.925 0.925 0.923 3 * 3 5 7
8.0 0.942 0.942 0.942 3 * 3 5 7
8.5 0.957 0.957 0.957 3 * 3 5 7
9.0 0.970 0.970 0.970 3 * 3 5 7
9.5 0.978 0.978 0.977 3 * 3 5 7
10.0 0.981 0.981 0.982 3 * 3 5 7
0.5 0.000 0.000 0.000 1 * 2
1.0 0.000 0.000 0.000 1 * 1
1.5 0.243 0.198 0.169 1 * 3
2.0 0.449 0.366 0.311 1 * 3
2.5 0.386 0.365 0.386 1 * 5
3.0 0.561 0.550 0.527 2 * 3 5
3.5 0.672 0.659 0.633 2 * 3 5
4.0 0.710 0.752 0.590 3 * 3 5 7
4.5 0.635 0.547 0.635 1 * 7
5.0 0.743 0.680 0.728 2 * 5 7
5.5 0.778 0.778 0.768 3 * 3 5 7
6.0 0.848 0.848 0.841 3 * 3 5 7
6.5 0.865 0.865 0.860 3 * 3 5 7
7.0 0.906 0.906 0.903 3 * 3 5 7
7.5 0.930 0.930 0.929 3 * 3 5 7
8.0 0.949 0.949 0.948 3 * 3 5 7
8.5 0.957 0.957 0.956 3 * 3 5 7
9.0 0.967 0.967 0.967 3 * 3 5 7
9.5 0.983 0.983 0.983 3 * 3 5 7
10.0 0.981 0.981 0.982 3 * 3 5 7
0.5 0.000 0.000 0.000 1 * 1
1.0 0.000 0.000 0.000 1 * 1
1.5 0.251 0.205 0.174 1 * 3
2.0 0.450 0.366 0.312 1 * 3
2.5 0.427 0.414 0.388 2 * 3 5
3.0 0.574 0.562 0.538 2 * 3 5
3.5 0.664 0.650 0.624 2 * 3 5
4.0 0.711 0.754 0.588 3 * 3 5 7
4.5 0.629 0.542 0.629 1 * 7
5.0 0.727 0.667 0.710 2 * 5 7
5.5 0.792 0.792 0.782 3 * 3 5 7
6.0 0.843 0.843 0.836 3 * 3 5 7
6.5 0.877 0.877 0.872 3 * 3 5 7
7.0 0.900 0.900 0.898 3 * 3 5 7
7.5 0.929 0.929 0.927 3 * 3 5 7
8.0 0.948 0.948 0.947 3 * 3 5 7
8.5 0.962 0.962 0.960 3 * 3 5 7
9.0 0.970 0.970 0.971 3 * 3 5 7
9.5 0.977 0.977 0.977 3 * 3 5 7
10.0 0.985 0.985 0.986 3 * 3 5 7
0.5 0.000 0.000 0.000 1 * 1
1.0 0.017 0.014 0.012 1 * 3
1.5 0.283 0.230 0.196 1 * 3
2.0 0.442 0.360 0.306 1 * 3
2.5 0.394 0.371 0.394 1 * 5
3.0 0.551 0.539 0.515 2 * 3 5
3.5 0.671 0.658 0.631 2 * 3 5
4.0 0.692 0.673 0.635 2 * 3 6
4.5 0.633 0.545 0.633 1 * 7
5.0 0.722 0.664 0.704 2 * 5 7
5.5 0.785 0.785 0.772 3 * 3 5 7
6.0 0.835 0.835 0.828 3 * 3 5 7
6.5 0.883 0.883 0.879 3 * 3 5 7
7.0 0.913 0.913 0.910 3 * 3 5 7
7.5 0.926 0.926 0.924 3 * 3 5 7
8.0 0.948 0.948 0.946 3 * 3 5 7
8.5 0.958 0.958 0.958 3 * 3 5 7
9.0 0.970 0.970 0.970 3 * 3 5 7
9.5 0.978 0.978 0.978 3 * 3 5 7
10.0 0.983 0.983 0.984 3 * 3 5 7
