0.5 0.000 0.000 0.000 1 * 1
1.0 0.010 0.006 0.004 1 * 2
1.5 0.243 0.149 0.082 1 * 3
2.0 0.456 0.279 0.153 1 * 3
2.5 0.381 0.328 0.223 2 * 3 8
3.0 0.601 0.527 0.381 2 * 3 9
3.5 0.660 0.623 0.478 3 * 3 9 13
4.0 0.737 0.737 0.631 3 * 3 9 19
4.5 0.834 0.834 0.802 3 * 3 9 26
5.0 0.902 0.902 0.888 3 * 3 9 27
5.5 0.940 0.940 0.934 3 * 3 9 27
6.0 0.958 0.958 0.952 3 * 3 9 27
6.5 0.972 0.972 0.968 3 * 3 9 27
7.0 0.980 0.980 0.978 3 * 3 9 27
7.5 0.989 0.989 0.987 3 * 3 9 27
8.0 0.992 0.992 0.991 3 * 3 9 27
8.5 0.996 0.996 0.996 3 * 3 9 27
9.0 0.997 0.997 0.996 3 * 3 9 27
9.5 0.998 0.998 0.997 3 * 3 9 27
10.0 1.000 1.000 0.999 3 * 3 9 27
0.5 0.000 0.000 0.000 1 * 1
1.0 0.000 0.000 0.000 1 * 1
1.5 0.256 0.156 0.086 1 * 3
2.0 0.308 0.215 0.135 1 * 4
2.5 0.402 0.343 0.224 2 * 3 7
3.0 0.603 0.529 0.381 2 * 3 9
3.5 0.621 0.564 0.451 2 * 3 11
4.0 0.723 0.723 0.622 3 * 3 9 19
4.5 0.839 0.839 0.812 3 * 3 9 26
5.0 0.843 0.843 0.866 3 * 3 9 27
5.5 0.870 0.870 0.894 3 * 3 9 27
6.0 0.962 0.962 0.956 3 * 3 9 27
6.5 0.976 0.976 0.972 3 * 3 9 27
7.0 0.983 0.983 0.981 3 * 3 9 27
7.5 0.990 0.990 0.988 3 * 3 9 27
8.0 0.993 0.993 0.992 3 * 3 9 27
8.5 0.995 0.995 0.994 3 * 3 9 27
9.0 0.997 0.997 0.995 3 * 3 9 27
9.5 0.998 0.998 0.998 3 * 3 9 27
10.0 0.998 0.998 0.998 3 * 3 9 27
0.5 0.000 0.000 0.000 1 * 1
1.0 0.000 0.000 0.000 1 * 1
1.5 0.246 0.151 0.083 1 * 3
2.0 0.436 0.267 0.146 1 * 3
2.5 0.371 0.317 0.210 2 * 3 7
3.0 0.615 0.541 0.392 2 * 3 9
3.5 0.677 0.632 0.480 3 * 3 9 12
4.0 0.724 0.724 0.611 3 * 3 9 18
4.5 0.844 0.844 0.818 3 * 3 9 26
5.0 0.903 0.903 0.893 3 * 3 9 27
5.5 0.936 0.936 0.931 3 * 3 9 27
6.0 0.956 0.956 0.951 3 * 3 9 27
6.5 0.890 0.890 0.924 3 * 3 9 27
7.0 0.985 0.985 0.981 3 * 3 9 27
7.5 0.987 0.987 0.986 3 * 3 9 27
8.0 0.992 0.992 0.992 3 * 3 9 27
8.5 0.996 0.996 0.995 3 * 3 9 27
9.0 0.997 0.997 0.996 3 * 3 9 27
9.5 0.998 0.998 0.997 3 * 3 9 27
10.0 0.998 0.998 0.998 3 * 3 9 27
0.5 0.000 0.000 0.000 1 * 1
1.0 0.011 0.007 0.004 1 * 2
1.5 0.256 0.157 0.086 1 * 3
2.0 0.303 0.212 0.134 1 * 4
2.5 0.382 0.321 0.200 2 * 3 6
3.0 0.572 0.508 0.382 2 * 3 10
3.5 0.666 0.612 0.462 3 * 3 9 11
4.0 0.739 0.739 0.656 3 * 3 9 21
4.5 0.845 0.845 0.816 3 * 3 9 26
5.0 0.906 0.906 0.893 3 * 3 9 27
5.5 0.937 0.937 0.931 3 * 3 9 27
6.0 0.960 0.960 0.956 3 * 3 9 27
6.5 0.975 0.975 0.970 3 * 3 9 27
7.0 0.985 0.985 0.982 3 * 3 9 27
7.5 0.989 0.989 0.987 3 * 3 9 27
8.0 0.992 0.992 0.992 3 * 3 9 27
8.5 0.995 0.995 0.995 3 * 3 9 27
9.0 0.997 0.997 0.997 3 * 3 9 27
9.5 0.998 0.998 0.997 3 * 3 9 27
10.0 0.998 0.998 0.998 3 * 3 9 27
0.5 0.000 0.000 0.000 1 * 1
1.0 0.010 0.006 0.004 1 * 2
1.5 0.221 0.135 0.074 1 * 3
2.0 0.459 0.281 0.154 1 * 3
2.5 0.401 0.341 0.222 2 * 3 7
3.0 0.608 0.534 0.384 2 * 3 9
3.5 0.622 0.570 0.465 2 * 3 12
4.0 0.719 0.719 0.611 3 * 3 9 19
4.5 0.829 0.829 0.812 3 * 3 10 26
5.0 0.902 0.902 0.892 3 * 3 9 27
5.5 0.939 0.939 0.932 3 * 3 9 27
6.0 0.960 0.960 0.955 3 * 3 9 27
6.5 0.974 0.974 0.971 3 * 3 9 27
7.0 0.982 0.982 0.980 3 * 3 9 27
7.5 0.989 0.989 0.987 3 * 3 9 27
8.0 0.992 0.992 0.991 3 * 3 9 27
8.5 0.995 0.995 0.995 3 * 3 9 27
9.0 0.997 0.997 0.997 3 * 3 9 27
9.5 0.999 0.999 0.998 3 * 3 9 27
10.0 0.998 0.998 0.998 3 * 3 9 27
0.5 0.000 0.000 0.000 1 * 1
1.0 0.000 0.000 0.000 1 * 1
1.5 0.275 0.168 0.092 1 * 3
2.0 0.302 0.211 0.133 1 * 4
2.5 0.391 0.333 0.217 2 * 3 7
3.0 0.602 0.529 0.383 2 * 3 9
3.5 0.620 0.567 0.463 2 * 3 12
4.0 0.715 0.715 0.600 3 * 3 9 18
4.5 0.842 0.842 0.811 3 * 3 9 26
5.0 0.900 0.900 0.887 3 * 3 9 27
5.5 0.939 0.939 0.929 3 * 3 9 27
6.0 0.961 0.961 0.956 3 * 3 9 27
6.5 0.972 0.972 0.968 3 * 3 9 27
7.0 0.981 0.981 0.979 3 * 3 9 27
7.5 0.990 0.990 0.988 3 * 3 9 27
8.0 0.993 0.993 0.992 3 * 3 9 27
8.5 0.897 0.897 0.952 3 * 3 9 27
9.0 0.998 0.998 0.997 3 * 3 9 27
9.5 0.998 0.998 0.997 3 * 3 9 27
10.0 0.999 0.999 0.999 3 * 3 9 27
0.5 0.000 0.000 0.000 1 * 1
1.0 0.000 0.000 0.000 1 * 1
1.5 0.245 0.150 0.082 1 * 3
2.0 0.297 0.207 0.130 1 * 4
2.5 0.403 0.344 0.225 2 * 3 7
3.0 0.607 0.532 0.382 2 * 3 9
3.5 0.642 0.580 0.456 2 * 3 11
4.0 0.729 0.729 0.634 3 * 3 9 20
4.5 0.841 0.841 0.811 3 * 3 9 26
5.0 0.907 0.907 0.897 3 * 3 9 27
5.5 0.943 0.943 0.934 3 * 3 9 27
6.0 0.961 0.961 0.957 3 * 3 9 27
6.5 0.974 0.974 0.969 3 * 3 9 27
7.0 0.982 0.982 0.980 3 * 3 9 27
7.5 0.990 0.990 0.988 3 * 3 9 27
8.0 0.994 0.994 0.993 3 * 3 9 27
8.5 0.995 0.995 0.994 3 * 3 9 27
9.0 0.998 0.998 0.997 3 * 3 9 27
9.5 0.998 0.998 0.998 3 * 3 9 27
10.0 0.998 0.998 0.998 3 * 3 9 27
0.5 0.000 0.000 0.000 1 * 1
1.0 0.023 0.014 0.008 1 * 2
1.5 0.250 0.153 0.084 1 * 3
2.0 0.293 0.207 0.131 1 * 4
2.5 0.412 0.350 0.228 2 * 3 7
3.0 0.608 0.533 0.383 2 * 3 9
3.5 0.671 0.626 0.473 3 * 3 9 12
4.0 0.724 0.724 0.619 3 * 3 9 19
4.5 0.835 0.835 0.794 3 * 3 9 25
5.0 0.905 0.905 0.893 3 * 3 9 27
5.5 0.941 0.941 0.935 3 * 3 9 27
6.0 0.959 0.959 0.954 3 * 3 9 27
6.5 0.972 0.972 0.970 3 * 3 9 27
7.0 0.983 0.983 0.981 3 * 3 9 27
7.5 0.989 0.989 0.986 3 * 3 9 27
8.0 0.993 0.993 0.992 3 * 3 9 27
8.5 0.995 0.995 0.994 3 * 3 9 27
9.0 0.998 0.998 0.997 3 * 3 9 27
9.5 0.998 0.998 0.998 3 * 3 9 27
10.0 0.999 0.999 0.999 3 * 3 9 27
0.5 0.000 0.000 0.000 1 * 1
1.0 0.000 0.000 0.000 1 * 1
1.5 0.259 0.158 0.087 1 * 3
2.0 0.306 0.213 0.134 1 * 4
2.5 0.389 0.332 0.217 2 * 3 7
3.0 0.601 0.527 0.380 2 * 3 9
3.5 0.663 0.617 0.474 3 * 3 9 12
4.0 0.722 0.722 0.615 3 * 3 9 19
4.5 0.843 0.843 0.813 3 * 3 9 26
5.0 0.901 0.901 0.888 3 * 3 9 27
5.5 0.937 0.937 0.933 3 * 3 9 27
6.0 0.957 0.957 0.952 3 * 3 9 27
6.5 0.976 0.976 0.971 3 * 3 9 27
7.0 0.985 0.985 0.981 3 * 3 9 27
7.5 0.989 0.989 0.988 3 * 3 9 27
8.0 0.993 0.993 0.991 3 * 3 9 27
8.5 0.995 0.995 0.994 3 * 3 9 27
9.0 0.998 0.998 0.997 3 * 3 9 27
9.5 0.998 0.998 0.998 3 * 3 9 27
10.0 0.999 0.999 0.998 3 * 3 9 27
0.5 0.000 0.000 0.000 1 * 1
1.0 0.000 0.000 0.000 1 * 1
1.5 0.243 0.149 0.082 1 * 3
2.0 0.443 0.271 0.148 1 * 3
2.5 0.395 0.336 0.217 2 * 3 7
3.0 0.607 0.533 0.384 2 * 3 9
3.5 0.630 0.585 0.460 3 * 3 10 12
4.0 0.730 0.730 0.636 3 * 3 9 20
4.5 0.836 0.836 0.805 3 * 3 9 26
5.0 0.902 0.902 0.892 3 * 3 9 27
5.5 0.934 0.934 0.929 3 * 3 9 27
6.0 0.956 0.956 0.952 3 * 3 9 27
6.5 0.971 0.971 0.968 3 * 3 9 27
7.0 0.984 0.984 0.981 3 * 3 9 27
7.5 0.988 0.988 0.986 3 * 3 9 27
8.0 0.994 0.994 0.993 3 * 3 9 27
8.5 0.996 0.996 0.994 3 * 3 9 27
9.0 0.997 0.997 0.996 3 * 3 9 27
9.5 0.997 0.997 0.997 3 * 3 9 27
10.0 0.999 0.999 0.998 3 * 3 9 27
0.5 0.000 0.000 0.000 1 * 1
1.0 0.000 0.000 0.000 1 * 1
1.5 0.263 0.161 0.088 1 * 3
2.0 0.431 0.263 0.144 1 * 3
2.5 0.386 0.332 0.222 2 * 3 8
3.0 0.616 0.541 0.391 2 * 3 9
3.5 0.636 0.593 0.459 3 * 3 9 12
4.0 0.736 0.736 0.639 3 * 3 9 20
4.5 0.839 0.839 0.811 3 * 3 9 26
5.0 0.903 0.903 0.892 3 * 3 9 27
5.5 0.942 0.942 0.935 3 * 3 9 27
6.0 0.959 0.959 0.956 3 * 3 9 27
6.5 0.890 0.890 0.922 3 * 3 10 27
7.0 0.982 0.982 0.980 3 * 3 9 27
7.5 0.922 0.922 0.943 3 * 3 9 27
8.0 0.994 0.994 0.992 3 * 3 9 27
8.5 0.994 0.994 0.993 3 * 3 9 27
9.0 0.997 0.997 0.996 3 * 3 9 27
9.5 0.998 0.998 0.998 3 * 3 9 27
10.0 0.998 0.998 0.998 3 * 3 9 27
0.5 0.000 0.000 0.000 1 * 1
1.0 0.000 0.000 0.000 1 * 1
1.5 0.237 0.145 0.079 1 * 3
2.0 0.318 0.224 0.142 1 * 4
2.5 0.381 0.324 0.209 2 * 3 7
3.0 0.602 0.527 0.377 2 * 3 9
3.5 0.666 0.620 0.473 3 * 3 9 12
4.0 0.730 0.730 0.625 3 * 3 9 19
4.5 0.837 0.837 0.795 3 * 3 9 25
5.0 0.901 0.901 0.889 3 * 3 9 27
5.5 0.939 0.939 0.932 3 * 3 9 27
6.0 0.956 0.956 0.954 3 * 3 9 27
6.5 0.972 0.972 0.969 3 * 3 9 27
7.0 0.982 0.982 0.981 3 * 3 9 27
7.5 0.989 0.989 0.987 3 * 3 9 27
8.0 0.993 0.993 0.993 3 * 3 9 27
8.5 0.995 0.995 0.994 3 * 3 9 27
9.0 0.997 0.997 0.996 3 * 3 9 27
9.5 0.998 0.998 0.998 3 * 3 9 27
10.0 0.999 0.999 0.998 3 * 3 9 27
0.5 0.000 0.000 0.000 1 * 1
1.0 0.028 0.017 0.010 1 * 2
1.5 0.229 0.140 0.077 1 * 3
2.0 0.453 0.277 0.151 1 * 3
2.5 0.303 0.264 0.204 1 * 6
3.0 0.607 0.532 0.382 2 * 3 9
3.5 0.617 0.566 0.464 2 * 3 13
4.0 0.724 0.724 0.617 3 * 3 9 19
4.5 0.844 0.844 0.813 3 * 3 9 26
5.0 0.907 0.907 0.898 3 * 3 9 27
5.5 0.934 0.934 0.928 3 * 3 9 27
6.0 0.961 0.961 0.957 3 * 3 9 27
6.5 0.973 0.973 0.970 3 * 3 9 27
7.0 0.982 0.982 0.978 3 * 3 9 27
7.5 0.988 0.988 0.986 3 * 3 9 27
8.0 0.993 0.993 0.991 3 * 3 9 27
8.5 0.996 0.996 0.995 3 * 3 9 27
9.0 0.997 0.997 0.996 3 * 3 9 27
9.5 0.999 0.999 0.998 3 * 3 9 27
10.0 1.000 1.000 0.999 3 * 3 9 27
0.5 0.000 0.000 0.000 1 * 1
1.0 0.000 0.000 0.000 1 * 1
1.5 0.239 0.146 0.080 1 * 3
2.0 0.436 0.267 0.146 1 * 3
2.5 0.379 0.322 0.208 2 * 3 7
3.0 0.612 0.537 0.387 2 * 3 9
3.5 0.586 0.538 0.443 2 * 3 12
4.0 0.718 0.718 0.618 3 * 3 9 19
4.5 0.827 0.827 0.788 3 * 3 9 25
5.0 0.907 0.907 0.895 3 * 3 9 27
5.5 0.938 0.938 0.931 3 * 3 9 27
6.0 0.959 0.959 0.955 3 * 3 9 27
6.5 0.975 0.975 0.970 3 * 3 9 27
7.0 0.981 0.981 0.978 3 * 3 9 27
7.5 0.990 0.990 0.988 3 * 3 9 27
8.0 0.993 0.993 0.992 3 * 3 9 27
8.5 0.996 0.996 0.995 3 * 3 9 27
9.0 0.998 0.998 0.997 3 * 3 9 27
9.5 0.998 0.998 0.998 3 * 3 9 27
10.0 0.999 0.999 0.998 3 * 3 9 27
0.5 0.000 0.000 0.000 1 * 1
1.0 0.000 0.000 0.000 1 * 1
1.5 0.268 0.164 0.090 1 * 3
2.0 0.450 0.275 0.150 1 * 3
2.5 0.409 0.353 0.239 2 * 3 8
3.0 0.593 0.520 0.374 2 * 3 9
3.5 0.631 0.596 0.473 3 * 3 9 13
4.0 0.728 0.728 0.625 3 * 3 9 19
4.5 0.831 0.831 0.793 3 * 3 9 25
5.0 0.903 0.903 0.894 3 * 3 9 27
5.5 0.940 0.940 0.934 3 * 3 9 27
6.0 0.960 0.960 0.956 3 * 3 9 27
6.5 0.971 0.971 0.970 3 * 3 9 27
7.0 0.982 0.982 0.980 3 * 3 9 27
7.5 0.990 0.990 0.990 3 * 3 9 27
8.0 0.991 0.991 0.991 3 * 3 9 27
8.5 0.937 0.937 0.954 3 * 3 9 27
9.0 0.897 0.810 0.957 2 * 3 27
9.5 0.998 0.998 0.998 3 * 3 9 27
10.0 0.998 0.998 0.998 3 * 3 9 27
0.5 0.000 0.000 0.000 1 * 1
1.0 0.000 0.000 0.000 1 * 1
1.5 0.231 0.142 0.078 1 * 3
2.0 0.448 0.274 0.149 1 * 3
2.5 0.386 0.328 0.213 2 * 3 7
3.0 0.603 0.529 0.380 2 * 3 9
3.5 0.679 0.632 0.481 3 * 3 9 12
4.0 0.724 0.724 0.613 3 * 3 9 18
4.5 0.836 0.836 0.806 3 * 3 9 26
5.0 0.905 0.905 0.896 3 * 3 9 27
5.5 0.862 0.862 0.888 3 * 3 9 27
6.0 0.955 0.955 0.951 3 * 3 9 27
6.5 0.974 0.974 0.970 3 * 3 9 27
7.0 0.984 0.984 0.982 3 * 3 9 27
7.5 0.988 0.988 0.987 3 * 3 9 27
8.0 0.994 0.994 0.992 3 * 3 9 27
8.5 0.996 0.996 0.996 3 * 3 9 27
9.0 0.997 0.997 0.996 3 * 3 9 27
9.5 0.998 0.998 0.998 3 * 3 9 27
10.0 0.998 0.998 0.998 3 * 3 9 27
0.5 0.000 0.000 0.000 1 * 1
1.0 0.000 0.000 0.000 1 * 1
1.5 0.251 0.154 0.085 1 * 3
2.0 0.443 0.271 0.148 1 * 3
2.5 0.397 0.336 0.214 2 * 3 7
3.0 0.606 0.531 0.382 2 * 3 9
3.5 0.660 0.616 0.471 3 * 3 9 12
4.0 0.725 0.725 0.620 3 * 3 9 19
4.5 0.850 0.850 0.832 3 * 3 9 27
5.0 0.900 0.900 0.890 3 * 3 9 27
5.5 0.938 0.938 0.932 3 * 3 9 27
6.0 0.959 0.959 0.956 3 * 3 9 27
6.5 0.977 0.977 0.973 3 * 3 9 27
7.0 0.918 0.918 0.938 3 * 3 9 27
7.5 0.990 0.990 0.989 3 * 3 9 27
8.0 0.993 0.993 0.991 3 * 3 9 27
8.5 0.996 0.996 0.995 3 * 3 9 27
9.0 0.998 0.998 0.996 3 * 3 9 27
9.5 0.998 0.998 0.997 3 * 3 9 27
10.0 0.998 0.998 0.999 3 * 3 9 27
0.5 0.000 0.000 0.000 1 * 1
1.0 0.000 0.000 0.000 1 * 1
1.5 0.252 0.154 0.085 1 * 3
2.0 0.439 0.269 0.147 1 * 3
2.5 0.379 0.328 0.225 2 * 3 8
3.0 0.610 0.536 0.386 2 * 3 9
3.5 0.684 0.646 0.499 3 * 3 9 13
4.0 0.724 0.724 0.618 3 * 3 9 19
4.5 0.790 0.790 0.789 3 * 3 9 26
5.0 0.897 0.897 0.886 3 * 3 9 27
5.5 0.935 0.935 0.929 3 * 3 9 27
6.0 0.960 0.960 0.953 3 * 3 9 27
6.5 0.903 0.903 0.925 3 * 3 9 27
7.0 0.979 0.979 0.979 3 * 3 9 27
7.5 0.989 0.989 0.988 3 * 3 9 27
8.0 0.927 0.828 0.947 2 * 3 27
8.5 0.995 0.995 0.994 3 * 3 9 27
9.0 0.997 0.997 0.997 3 * 3 9 27
9.5 0.998 0.998 0.998 3 * 3 9 27
10.0 0.999 0.999 0.998 3 * 3 9 27
0.5 0.000 0.000 0.000 1 * 1
1.0 0.000 0.000 0.000 1 * 1
1.5 0.257 0.158 0.087 1 * 3
2.0 0.290 0.203 0.129 1 * 4
2.5 0.412 0.353 0.235 2 * 3 8
3.0 0.612 0.537 0.387 2 * 3 9
3.5 0.653 0.609 0.467 3 * 3 9 12
4.0 0.725 0.725 0.620 3 * 3 9 19
4.5 0.846 0.846 0.818 3 * 3 9 26
5.0 0.902 0.902 0.889 3 * 3 9 27
5.5 0.938 0.938 0.929 3 * 3 9 27
6.0 0.955 0.955 0.952 3 * 3 9 27
6.5 0.973 0.973 0.970 3 * 3 9 27
7.0 0.917 0.917 0.938 3 * 3 9 27
7.5 0.989 0.989 0.987 3 * 3 9 27
8.0 0.993 0.993 0.991 3 * 3 9 27
8.5 0.996 0.996 0.995 3 * 3 9 27
9.0 0.996 0.996 0.996 3 * 3 9 27
9.5 0.998 0.998 0.998 3 * 3 9 27
10.0 0.999 0.999 0.998 3 * 3 9 27
0.5 0.000 0.000 0.000 1 * 1
1.0 0.000 0.000 0.000 1 * 1
1.5 0.221 0.135 0.074 1 * 3
2.0 0.434 0.266 0.145 1 * 3
2.5 0.401 0.337 0.209 2 * 3 6
3.0 0.602 0.527 0.377 2 * 3 9
3.5 0.659 0.622 0.480 3 * 3 9 13
4.0 0.727 0.727 0.638 3 * 3 9 20
4.5 0.851 0.851 0.831 3 * 3 9 27
5.0 0.905 0.905 0.894 3 * 3 9 27
5.5 0.939 0.939 0.931 3 * 3 9 27
6.0 0.877 0.877 0.910 3 * 3 10 27
6.5 0.977 0.977 0.973 3 * 3 9 27
7.0 0.982 0.982 0.979 3 * 3 9 27
7.5 0.988 0.988 0.987 3 * 3 9 27
8.0 0.993 0.993 0.991 3 * 3 9 27
8.5 0.997 0.997 0.995 3 * 3 9 27
9.0 0.996 0.996 0.996 3 * 3 9 27
9.5 0.998 0.998 0.998 3 * 3 9 27
10.0 0.999 0.999 0.998 3 * 3 9 27
0.5 0.000 0.000 0.000 1 * 1
1.0 0.000 0.000 0.000 1 * 1
1.5 0.236 0.145 0.079 1 * 3
2.0 0.437 0.267 0.146 1 * 3
2.5 0.415 0.355 0.235 2 * 3 8
3.0 0.599 0.525 0.379 2 * 3 9
3.5 0.599 0.553 0.461 2 * 3 13
4.0 0.726 0.726 0.611 3 * 3 9 18
4.5 0.833 0.833 0.794 3 * 3 9 25
5.0 0.903 0.903 0.892 3 * 3 9 27
5.5 0.937 0.937 0.929 3 * 3 9 27
6.0 0.958 0.958 0.953 3 * 3 9 27
6.5 0.977 0.977 0.974 3 * 3 9 27
7.0 0.982 0.982 0.980 3 * 3 9 27
7.5 0.990 0.990 0.989 3 * 3 9 27
8.0 0.993 0.993 0.992 3 * 3 9 27
8.5 0.995 0.995 0.994 3 * 3 9 27
9.0 0.997 0.997 0.997 3 * 3 9 27
9.5 0.997 0.997 0.997 3 * 3 9 27
10.0 0.998 0.998 0.998 3 * 3 9 27
0.5 0.000 0.000 0.000 1 * 1
1.0 0.000 0.000 0.000 1 * 1
1.5 0.238 0.146 0.080 1 * 3
2.0 0.464 0.284 0.155 1 * 3
2.5 0.384 0.326 0.209 2 * 3 7
3.0 0.594 0.521 0.375 2 * 3 9
3.5 0.665 0.621 0.473 3 * 3 9 12
4.0 0.735 0.735 0.628 3 * 3 9 19
4.5 0.836 0.836 0.805 3 * 3 9 26
5.0 0.903 0.903 0.893 3 * 3 9 27
5.5 0.869 0.869 0.896 3 * 3 9 27
6.0 0.958 0.958 0.953 3 * 3 9 27
6.5 0.972 0.972 0.968 3 * 3 9 27
7.0 0.981 0.981 0.978 3 * 3 9 27
7.5 0.989 0.989 0.987 3 * 3 9 27
8.0 0.993 0.993 0.992 3 * 3 9 27
8.5 0.995 0.995 0.994 3 * 3 9 27
9.0 0.997 0.997 0.996 3 * 3 9 27
9.5 0.998 0.998 0.997 3 * 3 9 27
10.0 0.999 0.999 0.998 3 * 3 9 27
0.5 0.000 0.000 0.000 1 * 1
1.0 0.034 0.021 0.011 1 * 2
1.5 0.249 0.153 0.084 1 * 3
2.0 0.297 0.209 0.133 1 * 4
2.5 0.371 0.313 0.197 2 * 3 6
3.0 0.612 0.536 0.384 2 * 3 9
3.5 0.681 0.635 0.481 3 * 3 9 12
4.0 0.726 0.724 0.599 3 * 3 9 17
4.5 0.844 0.844 0.811 3 * 3 9 26
5.0 0.901 0.901 0.892 3 * 3 9 27
5.5 0.865 0.865 0.889 3 * 3 9 27
6.0 0.961 0.961 0.956 3 * 3 9 27
6.5 0.973 0.973 0.969 3 * 3 9 27
7.0 0.982 0.982 0.981 3 * 3 9 27
7.5 0.990 0.990 0.988 3 * 3 9 27
8.0 0.993 0.993 0.991 3 * 3 9 27
8.5 0.997 0.997 0.995 3 * 3 9 27
9.0 0.997 0.997 0.996 3 * 3 9 27
9.5 0.998 0.998 0.998 3 * 3 9 27
10.0 0.999 0.999 0.999 3 * 3 9 27
0.5 0.000 0.000 0.000 1 * 1
1.0 0.000 0.000 0.000 1 * 1
1.5 0.238 0.146 0.080 1 * 3
2.0 0.448 0.274 0.150 1 * 3
2.5 0.377 0.322 0.212 2 * 3 7
3.0 0.596 0.522 0.374 2 * 3 9
3.5 0.659 0.623 0.480 3 * 3 9 13
4.0 0.718 0.718 0.605 3 * 3 9 18
4.5 0.834 0.834 0.794 3 * 3 9 25
5.0 0.904 0.904 0.891 3 * 3 9 27
5.5 0.939 0.939 0.932 3 * 3 9 27
6.0 0.961 0.961 0.957 3 * 3 9 27
6.5 0.972 0.972 0.969 3 * 3 9 27
7.0 0.983 0.983 0.980 3 * 3 9 27
7.5 0.989 0.989 0.988 3 * 3 9 27
8.0 0.991 0.991 0.990 3 * 3 9 27
8.5 0.995 0.995 0.994 3 * 3 9 27
9.0 0.997 0.997 0.996 3 * 3 9 27
9.5 0.999 0.999 0.998 3 * 3 9 27
10.0 0.999 0.999 0.998 3 * 3 9 27
0.5 0.000 0.000 0.000 1 * 1
1.0 0.000 0.000 0.000 1 * 1
1.5 0.235 0.144 0.079 1 * 3
2.0 0.436 0.267 0.146 1 * 3
2.5 0.386 0.332 0.224 2 * 3 8
3.0 0.601 0.528 0.381 2 * 3 9
3.5 0.654 0.619 0.478 3 * 3 9 13
4.0 0.732 0.732 0.639 3 * 3 9 20
4.5 0.849 0.849 0.821 3 * 3 9 26
5.0 0.901 0.901 0.890 3 * 3 9 27
5.5 0.937 0.937 0.930 3 * 3 9 27
6.0 0.960 0.960 0.956 3 * 3 9 27
6.5 0.977 0.977 0.973 3 * 3 9 27
7.0 0.981 0.981 0.979 3 * 3 9 27
7.5 0.990 0.990 0.988 3 * 3 9 27
8.0 0.992 0.992 0.991 3 * 3 9 27
8.5 0.996 0.996 0.995 3 * 3 9 27
9.0 0.998 0.998 0.997 3 * 3 9 27
9.5 0.998 0.998 0.998 3 * 3 9 27
10.0 0.999 0.999 0.999 3 * 3 9 27
0.5 0.000 0.000 0.000 1 * 1
1.0 0.000 0.000 0.000 1 * 1
1.5 0.245 0.150 0.083 1 * 3
2.0 0.299 0.208 0.131 1 * 4
2.5 0.390 0.332 0.216 2 * 3 7
3.0 0.587 0.515 0.370 2 * 3 9
3.5 0.651 0.605 0.467 3 * 3 9 12
4.0 0.726 0.726 0.627 3 * 3 9 19
4.5 0.840 0.840 0.813 3 * 3 9 26
5.0 0.902 0.902 0.889 3 * 3 9 27
5.5 0.942 0.942 0.933 3 * 3 9 27
6.0 0.961 0.961 0.955 3 * 3 9 27
6.5 0.973 0.973 0.970 3 * 3 9 27
7.0 0.983 0.983 0.981 3 * 3 9 27
7.5 0.920 0.920 0.942 3 * 3 9 27
8.0 0.992 0.992 0.991 3 * 3 9 27
8.5 0.996 0.996 0.996 3 * 3 9 27
9.0 0.998 0.998 0.997 3 * 3 9 27
9.5 0.998 0.998 0.998 3 * 3 9 27
10.0 0.998 0.998 0.998 3 * 3 9 27
0.5 0.000 0.000 0.000 1 * 1
1.0 0.000 0.000 0.000 1 * 1
1.5 0.244 0.150 0.082 1 * 3
2.0 0.319 0.222 0.140 1 * 4
2.5 0.421 0.361 0.241 2 * 3 8
3.0 0.596 0.524 0.378 2 * 3 9
3.5 0.624 0.566 0.448 2 * 3 11
4.0 0.736 0.736 0.634 3 * 3 9 19
4.5 0.845 0.845 0.818 3 * 3 9 26
5.0 0.902 0.902 0.893 3 * 3 9 27
5.5 0.940 0.940 0.931 3 * 3 9 27
6.0 0.963 0.963 0.958 3 * 3 9 27
6.5 0.972 0.972 0.969 3 * 3 9 27
7.0 0.981 0.981 0.979 3 * 3 9 27
7.5 0.989 0.989 0.988 3 * 3 9 27
8.0 0.992 0.992 0.990 3 * 3 9 27
8.5 0.994 0.994 0.992 3 * 3 9 27
9.0 0.998 0.998 0.998 3 * 3 9 27
9.5 0.998 0.998 0.998 3 * 3 9 27
10.0 0.998 0.998 0.998 3 * 3 9 27
0.5 0.000 0.000 0.000 1 * 1
1.0 0.000 0.000 0.000 1 * 1
1.5 0.279 0.171 0.093 1 * 3
2.0 0.303 0.210 0.132 1 * 4
2.5 0.394 0.338 0.227 2 * 3 8
3.0 0.588 0.516 0.372 2 * 3 9
3.5 0.653 0.626 0.487 3 * 3 9 14
4.0 0.715 0.715 0.608 3 * 3 9 18
4.5 0.839 0.839 0.810 3 * 3 9 26
5.0 0.897 0.897 0.888 3 * 3 9 27
5.5 0.934 0.934 0.929 3 * 3 9 27
6.0 0.959 0.959 0.954 3 * 3 9 27
6.5 0.975 0.975 0.971 3 * 3 9 27
7.0 0.985 0.985 0.983 3 * 3 9 27
7.5 0.990 0.990 0.987 3 * 3 9 27
8.0 0.992 0.992 0.989 3 * 3 9 27
8.5 0.996 0.996 0.995 3 * 3 9 27
9.0 0.997 0.997 0.996 3 * 3 9 27
9.5 0.998 0.998 0.998 3 * 3 9 27
10.0 0.999 0.999 0.999 3 * 3 9 27
0.5 0.000 0.000 0.000 1 * 1
1.0 -0.000 -0.000 -0.000 1 * 2
1.5 0.244 0.149 0.082 1 * 3
2.0 0.312 0.215 0.134 1 * 4
2.5 0.384 0.325 0.205 2 * 3 6
3.0 0.592 0.519 0.373 2 * 3 9
3.5 0.635 0.598 0.464 3 * 3 9 13
4.0 0.735 0.735 0.622 3 * 3 9 18
4.5 0.836 0.836 0.808 3 * 3 9 26
5.0 0.900 0.900 0.889 3 * 3 9 27
5.5 0.936 0.936 0.928 3 * 3 9 27
6.0 0.957 0.957 0.953 3 * 3 9 27
6.5 0.976 0.976 0.972 3 * 3 9 27
7.0 0.982 0.982 0.979 3 * 3 9 27
7.5 0.988 0.988 0.986 3 * 3 9 27
8.0 0.994 0.994 0.993 3 * 3 9 27
8.5 0.994 0.994 0.994 3 * 3 9 27
9.0 0.996 0.996 0.996 3 * 3 9 27
9.5 0.998 0.998 0.998 3 * 3 9 27
10.0 0.998 0.998 0.998 3 * 3 9 27
0.5 0.000 0.000 0.000 1 * 1
1.0 0.029 0.018 0.010 1 * 2
1.5 0.254 0.155 0.085 1 * 3
2.0 0.447 0.274 0.150 1 * 3
2.5 0.378 0.321 0.207 2 * 3 7
3.0 0.598 0.525 0.378 2 * 3 9
3.5 0.670 0.624 0.470 3 * 3 9 12
4.0 0.726 0.726 0.624 3 * 3 9 19
4.5 0.837 0.837 0.806 3 * 3 9 26
5.0 0.909 0.909 0.897 3 * 3 9 27
5.5 0.934 0.934 0.928 3 * 3 9 27
6.0 0.960 0.960 0.955 3 * 3 9 27
6.5 0.971 0.971 0.969 3 * 3 9 27
7.0 0.979 0.979 0.978 3 * 3 9 27
7.5 0.989 0.989 0.988 3 * 3 9 27
8.0 0.991 0.991 0.991 3 * 3 9 27
8.5 0.995 0.995 0.994 3 * 3 9 27
9.0 0.997 0.997 0.996 3 * 3 9 27
9.5 0.998 0.998 0.997 3 * 3 9 27
10.0 0.999 0.999 0.999 3 * 3 9 27
0.5 0.000 0.000 0.000 1 * 1
1.0 -0.000 -0.000 -0.000 1 * 2
1.5 0.268 0.164 0.090 1 * 3
2.0 0.425 0.260 0.142 1 * 3
2.5 0.387 0.328 0.210 2 * 3 7
3.0 0.612 0.537 0.387 2 * 3 9
3.5 0.665 0.628 0.481 3 * 3 9 13
4.0 0.721 0.721 0.615 3 * 3 9 19
4.5 0.848 0.848 0.823 3 * 3 9 26
5.0 0.899 0.899 0.888 3 * 3 9 27
5.5 0.939 0.939 0.931 3 * 3 9 27
6.0 0.961 0.961 0.955 3 * 3 9 27
6.5 0.974 0.974 0.969 3 * 3 9 27
7.0 0.985 0.985 0.982 3 * 3 9 27
7.5 0.989 0.989 0.988 3 * 3 9 27
8.0 0.993 0.993 0.990 3 * 3 9 27
8.5 0.995 0.995 0.995 3 * 3 9 27
9.0 0.996 0.996 0.996 3 * 3 9 27
9.5 0.999 0.999 0.997 3 * 3 9 27
10.0 0.999 0.999 0.998 3 * 3 9 27
0.5 0.000 0.000 0.000 1 * 1
1.0 0.000 0.000 0.000 1 * 1
1.5 0.275 0.168 0.092 1 * 3
2.0 0.459 0.281 0.154 1 * 3
2.5 0.405 0.349 0.236 2 * 3 8
3.0 0.613 0.539 0.389 2 * 3 9
3.5 0.660 0.616 0.472 3 * 3 9 12
4.0 0.727 0.727 0.610 3 * 3 9 18
4.5 0.837 0.837 0.800 3 * 3 9 25
5.0 0.904 0.904 0.892 3 * 3 9 27
5.5 0.938 0.938 0.933 3 * 3 9 27
6.0 0.961 0.961 0.955 3 * 3 9 27
6.5 0.971 0.971 0.968 3 * 3 9 27
7.0 0.983 0.983 0.980 3 * 3 9 27
7.5 0.991 0.991 0.989 3 * 3 9 27
8.0 0.993 0.993 0.991 3 * 3 9 27
8.5 0.995 0.995 0.995 3 * 3 9 27
9.0 0.998 0.998 0.997 3 * 3 9 27
9.5 0.997 0.997 0.997 3 * 3 9 27
10.0 0.999 0.999 0.998 3 * 3 9 27
0.5 0.000 0.000 0.000 1 * 1
1.0 0.000 0.000 0.000 1 * 1
1.5 0.239 0.146 0.080 1 * 3
2.0 0.305 0.212 0.132 1 * 4
2.5 0.379 0.324 0.213 2 * 3 7
3.0 0.599 0.525 0.377 2 * 3 9
3.5 0.686 0.631 0.472 3 * 3 9 11
4.0 0.722 0.722 0.616 3 * 3 9 19
4.5 0.835 0.835 0.804 3 * 3 9 26
5.0 0.897 0.897 0.887 3 * 3 9 27
5.5 0.942 0.942 0.934 3 * 3 9 27
6.0 0.959 0.959 0.956 3 * 3 9 27
6.5 0.973 0.973 0.970 3 * 3 9 27
7.0 0.980 0.980 0.978 3 * 3 9 27
7.5 0.989 0.989 0.988 3 * 3 9 27
8.0 0.995 0.995 0.993 3 * 3 9 27
8.5 0.996 0.996 0.994 3 * 3 9 27
9.0 0.997 0.997 0.997 3 * 3 9 27
9.5 0.999 0.999 0.998 3 * 3 9 27
10.0 0.999 0.999 0.998 3 * 3 9 27
0.5 0.000 0.000 0.000 1 * 1
1.0 0.000 0.000 0.000 1 * 1
1.5 0.261 0.160 0.087 1 * 3
2.0 0.449 0.275 0.150 1 * 3
2.5 0.420 0.361 0.243 2 * 3 8
3.0 0.598 0.525 0.379 2 * 3 9
3.5 0.672 0.635 0.489 3 * 3 9 13
4.0 0.737 0.737 0.629 3 * 3 9 19
4.5 0.851 0.851 0.831 3 * 3 9 27
5.0 0.908 0.908 0.898 3 * 3 9 27
5.5 0.940 0.940 0.933 3 * 3 9 27
6.0 0.956 0.956 0.950 3 * 3 9 27
6.5 0.975 0.975 0.972 3 * 3 9 27
7.0 0.983 0.983 0.980 3 * 3 9 27
7.5 0.990 0.990 0.989 3 * 3 9 27
8.0 0.993 0.993 0.991 3 * 3 9 27
8.5 0.996 0.996 0.995 3 * 3 9 27
9.0 0.997 0.997 0.997 3 * 3 9 27
9.5 0.998 0.998 0.997 3 * 3 9 27
10.0 1.000 1.000 0.999 3 * 3 9 27
0.5 0.000 0.000 0.000 1 * 1
1.0 0.000 0.000 0.000 1 * 1
1.5 0.242 0.148 0.081 1 * 3
2.0 0.432 0.264 0.144 1 * 3
2.5 0.391 0.332 0.214 2 * 3 7
3.0 0.601 0.527 0.379 2 * 3 9
3.5 0.623 0.588 0.464 3 * 3 9 13
4.0 0.731 0.731 0.629 3 * 3 9 19
4.5 0.847 0.847 0.827 3 * 3 9 27
5.0 0.901 0.901 0.892 3 * 3 9 27
5.5 0.940 0.940 0.932 3 * 3 9 27
6.0 0.956 0.956 0.951 3 * 3 9 27
6.5 0.974 0.974 0.970 3 * 3 9 27
7.0 0.982 0.982 0.979 3 * 3 9 27
7.5 0.988 0.988 0.987 3 * 3 9 27
8.0 0.993 0.993 0.991 3 * 3 9 27
8.5 0.995 0.995 0.995 3 * 3 9 27
9.0 0.996 0.996 0.995 3 * 3 9 27
9.5 0.998 0.998 0.997 3 * 3 9 27
10.0 0.998 0.998 0.998 3 * 3 9 27
0.5 0.000 0.000 0.000 1 * 1
1.0 0.000 0.000 0.000 1 * 1
1.5 0.222 0.136 0.075 1 * 3
2.0 0.301 0.209 0.131 1 * 4
2.5 0.405 0.347 0.230 2 * 3 8
3.0 0.611 0.537 0.389 2 * 3 9
3.5 0.665 0.628 0.483 3 * 3 9 13
4.0 0.712 0.724 0.607 4 * 3 9 13 18
4.5 0.832 0.832 0.792 3 * 3 9 25
5.0 0.900 0.900 0.886 3 * 3 9 27
5.5 0.935 0.935 0.927 3 * 3 9 27
6.0 0.959 0.959 0.955 3 * 3 9 27
6.5 0.972 0.972 0.969 3 * 3 9 27
7.0 0.980 0.980 0.977 3 * 3 9 27
7.5 0.987 0.987 0.986 3 * 3 9 27
8.0 0.992 0.992 0.990 3 * 3 9 27
8.5 0.995 0.995 0.994 3 * 3 9 27
9.0 0.998 0.998 0.997 3 * 3 9 27
9.5 0.998 0.998 0.997 3 * 3 9 27
10.0 0.998 0.998 0.998 3 * 3 9 27
0.5 0.000 0.000 0.000 1 * 1
1.0 0.027 0.017 0.010 1 * 2
1.5 0.233 0.143 0.078 1 * 3
2.0 0.302 0.212 0.134 1 * 4
2.5 0.415 0.357 0.240 2 * 3 8
3.0 0.620 0.545 0.394 2 * 3 9
3.5 0.613 0.577 0.457 3 * 3 11 13
4.0 0.732 0.732 0.618 3 * 3 9 18
4.5 0.836 0.836 0.805 3 * 3 9 26
5.0 0.898 0.898 0.887 3 * 3 9 27
5.5 0.933 0.933 0.926 3 * 3 9 27
6.0 0.960 0.960 0.953 3 * 3 9 27
6.5 0.971 0.971 0.967 3 * 3 9 27
7.0 0.981 0.981 0.978 3 * 3 9 27
7.5 0.989 0.989 0.988 3 * 3 9 27
8.0 0.992 0.992 0.991 3 * 3 9 27
8.5 0.995 0.995 0.995 3 * 3 9 27
9.0 0.997 0.997 0.997 3 * 3 9 27
9.5 0.997 0.997 0.997 3 * 3 9 27
10.0 0.999 0.999 0.998 3 * 3 9 27
0.5 0.000 0.000 0.000 1 * 1
1.0 0.011 0.007 0.004 1 * 2
1.5 0.258 0.158 0.087 1 * 3
2.0 0.432 0.264 0.144 1 * 3
2.5 0.419 0.357 0.232 2 * 3 7
3.0 0.609 0.535 0.386 2 * 3 9
3.5 0.604 0.554 0.454 2 * 3 12
4.0 0.725 0.725 0.613 3 * 3 9 18
4.5 0.835 0.835 0.797 3 * 3 9 25
5.0 0.900 0.900 0.887 3 * 3 9 27
5.5 0.942 0.942 0.935 3 * 3 9 27
6.0 0.958 0.958 0.953 3 * 3 9 27
6.5 0.973 0.973 0.969 3 * 3 9 27
7.0 0.983 0.983 0.981 3 * 3 9 27
7.5 0.989 0.989 0.988 3 * 3 9 27
8.0 0.995 0.995 0.992 3 * 3 9 27
8.5 0.996 0.996 0.994 3 * 3 9 27
9.0 0.998 0.998 0.998 3 * 3 9 27
9.5 0.998 0.998 0.997 3 * 3 9 27
10.0 0.999 0.999 0.999 3 * 3 9 27
0.5 0.000 0.000 0.000 1 * 1
1.0 0.000 0.000 0.000 1 * 1
1.5 0.217 0.133 0.073 1 * 3
2.0 0.454 0.278 0.152 1 * 3
2.5 0.405 0.346 0.226 2 * 3 7
3.0 0.561 0.501 0.380 2 * 3 10
3.5 0.625 0.588 0.467 3 * 3 9 13
4.0 0.719 0.719 0.604 3 * 3 9 18
4.5 0.835 0.835 0.808 3 * 3 9 26
5.0 0.908 0.908 0.896 3 * 3 9 27
5.5 0.938 0.938 0.930 3 * 3 9 27
6.0 0.956 0.956 0.953 3 * 3 9 27
6.5 0.972 0.972 0.970 3 * 3 9 27
7.0 0.985 0.985 0.981 3 * 3 9 27
7.5 0.990 0.990 0.989 3 * 3 9 27
8.0 0.994 0.994 0.992 3 * 3 9 27
8.5 0.996 0.996 0.996 3 * 3 9 27
9.0 0.996 0.996 0.996 3 * 3 9 27
9.5 0.998 0.998 0.998 3 * 3 9 27
10.0 0.999 0.999 0.998 3 * 3 9 27
0.5 0.000 0.000 0.000 1 * 1
1.0 0.000 0.000 0.000 1 * 1
1.5 0.244 0.150 0.082 1 * 3
2.0 0.297 0.209 0.133 1 * 4
2.5 0.408 0.346 0.223 2 * 3 7
3.0 0.603 0.528 0.380 2 * 3 9
3.5 0.684 0.637 0.482 3 * 3 9 12
4.0 0.739 0.739 0.622 3 * 3 9 18
4.5 0.842 0.842 0.816 3 * 3 9 26
5.0 0.901 0.901 0.894 3 * 3 9 27
5.5 0.935 0.935 0.928 3 * 3 9 27
6.0 0.960 0.960 0.954 3 * 3 9 27
6.5 0.974 0.974 0.973 3 * 3 9 27
7.0 0.982 0.982 0.980 3 * 3 9 27
7.5 0.987 0.987 0.986 3 * 3 9 27
8.0 0.992 0.992 0.991 3 * 3 9 27
8.5 0.996 0.996 0.994 3 * 3 9 27
9.0 0.997 0.997 0.996 3 * 3 9 27
9.5 0.998 0.998 0.997 3 * 3 9 27
10.0 0.999 0.999 0.998 3 * 3 9 27
0.5 0.000 0.000 0.000 1 * 1
1.0 0.000 0.000 0.000 1 * 1
1.5 0.251 0.154 0.084 1 * 3
2.0 0.446 0.273 0.149 1 * 3
2.5 0.413 0.357 0.243 2 * 3 8
3.0 0.598 0.524 0.377 2 * 3 9
3.5 0.659 0.622 0.476 3 * 3 9 13
4.0 0.721 0.721 0.614 3 * 3 9 18
4.5 0.836 0.836 0.809 3 * 3 9 26
5.0 0.900 0.900 0.888 3 * 3 9 27
5.5 0.935 0.935 0.928 3 * 3 9 27
6.0 0.960 0.960 0.956 3 * 3 9 27
6.5 0.972 0.972 0.970 3 * 3 9 27
7.0 0.984 0.984 0.981 3 * 3 9 27
7.5 0.990 0.990 0.988 3 * 3 9 27
8.0 0.993 0.993 0.992 3 * 3 9 27
8.5 0.995 0.995 0.994 3 * 3 9 27
9.0 0.998 0.998 0.997 3 * 3 9 27
9.5 0.998 0.998 0.997 3 * 3 9 27
10.0 0.999 0.999 0.998 3 * 3 9 27
0.5 0.000 0.000 0.000 1 * 1
1.0 0.031 0.020 0.011 1 * 3
1.5 0.239 0.146 0.080 1 * 3
2.0 0.295 0.206 0.130 1 * 4
2.5 0.387 0.329 0.212 2 * 3 7
3.0 0.602 0.527 0.377 2 * 3 9
3.5 0.626 0.590 0.468 3 * 3 10 13
4.0 0.730 0.730 0.623 3 * 3 9 19
4.5 0.834 0.834 0.816 3 * 3 10 26
5.0 0.898 0.898 0.889 3 * 3 9 27
5.5 0.937 0.937 0.930 3 * 3 9 27
6.0 0.957 0.957 0.953 3 * 3 9 27
6.5 0.971 0.971 0.967 3 * 3 9 27
7.0 0.982 0.982 0.979 3 * 3 9 27
7.5 0.990 0.990 0.988 3 * 3 9 27
8.0 0.995 0.995 0.993 3 * 3 9 27
8.5 0.995 0.995 0.994 3 * 3 9 27
9.0 0.996 0.996 0.995 3 * 3 9 27
9.5 0.999 0.999 0.998 3 * 3 9 27
10.0 0.999 0.999 0.999 3 * 3 9 27
0.5 0.000 0.000 0.000 1 * 1
1.0 0.000 0.000 0.000 1 * 1
1.5 0.240 0.147 0.081 1 * 3
2.0 0.438 0.268 0.146 1 * 3
2.5 0.409 0.353 0.242 2 * 3 8
3.0 0.585 0.513 0.369 2 * 3 9
3.5 0.650 0.588 0.466 2 * 3 11
4.0 0.727 0.727 0.623 3 * 3 9 19
4.5 0.836 0.836 0.798 3 * 3 9 25
5.0 0.906 0.906 0.896 3 * 3 9 27
5.5 0.941 0.941 0.935 3 * 3 9 27
6.0 0.960 0.960 0.955 3 * 3 9 27
6.5 0.973 0.973 0.970 3 * 3 9 27
7.0 0.984 0.984 0.982 3 * 3 9 27
7.5 0.990 0.990 0.989 3 * 3 9 27
8.0 0.994 0.994 0.991 3 * 3 9 27
8.5 0.996 0.996 0.995 3 * 3 9 27
9.0 0.995 0.995 0.994 3 * 3 9 27
9.5 0.998 0.998 0.999 3 * 3 9 27
10.0 0.999 0.999 0.999 3 * 3 9 27
0.5 0.000 0.000 0.000 1 * 1
1.0 0.023 0.015 0.008 1 * 2
1.5 0.258 0.158 0.086 1 * 3
2.0 0.443 0.271 0.148 1 * 3
2.5 0.377 0.321 0.209 2 * 3 7
3.0 0.613 0.538 0.388 2 * 3 9
3.5 0.648 0.586 0.463 2 * 3 11
4.0 0.731 0.731 0.617 3 * 3 9 18
4.5 0.834 0.834 0.806 3 * 3 9 26
5.0 0.903 0.903 0.894 3 * 3 9 27
5.5 0.936 0.936 0.928 3 * 3 9 27
6.0 0.961 0.961 0.955 3 * 3 9 27
6.5 0.973 0.973 0.970 3 * 3 9 27
7.0 0.982 0.982 0.980 3 * 3 9 27
7.5 0.988 0.988 0.988 3 * 3 9 27
8.0 0.992 0.992 0.992 3 * 3 9 27
8.5 0.996 0.996 0.994 3 * 3 9 27
9.0 0.997 0.997 0.996 3 * 3 9 27
9.5 0.998 0.998 0.997 3 * 3 9 27
10.0 0.998 0.998 0.998 3 * 3 9 27
0.5 0.000 0.000 0.000 1 * 1
1.0 0.000 0.000 0.000 1 * 1
1.5 0.239 0.146 0.080 1 * 3
2.0 0.431 0.263 0.144 1 * 3
2.5 0.409 0.349 0.227 2 * 3 7
3.0 0.602 0.528 0.379 2 * 3 9
3.5 0.633 0.582 0.480 2 * 3 13
4.0 0.738 0.740 0.642 4 * 3 9 11 20
4.5 0.833 0.833 0.804 3 * 3 9 26
5.0 0.904 0.904 0.891 3 * 3 9 27
5.5 0.936 0.936 0.929 3 * 3 9 27
6.0 0.965 0.965 0.960 3 * 3 9 27
6.5 0.976 0.976 0.972 3 * 3 9 27
7.0 0.983 0.983 0.982 3 * 3 9 27
7.5 0.989 0.989 0.987 3 * 3 9 27
8.0 0.992 0.992 0.990 3 * 3 9 27
8.5 0.996 0.996 0.995 3 * 3 9 27
9.0 0.998 0.998 0.997 3 * 3 9 27
9.5 0.999 0.999 0.998 3 * 3 9 27
10.0 0.999 0.999 0.998 3 * 3 9 27
0.5 0.000 0.000 0.000 1 * 1
1.0 0.000 0.000 0.000 1 * 1
1.5 0.246 0.151 0.083 1 * 3
2.0 0.450 0.276 0.151 1 * 3
2.5 0.380 0.323 0.209 2 * 3 7
3.0 0.541 0.482 0.365 2 * 3 10
3.5 0.691 0.635 0.478 3 * 3 9 11
4.0 0.734 0.734 0.631 3 * 3 9 19
4.5 0.845 0.845 0.816 3 * 3 9 26
5.0 0.905 0.905 0.895 3 * 3 9 27
5.5 0.937 0.937 0.930 3 * 3 9 27
6.0 0.957 0.957 0.953 3 * 3 9 27
6.5 0.975 0.975 0.971 3 * 3 9 27
7.0 0.984 0.984 0.982 3 * 3 9 27
7.5 0.988 0.988 0.987 3 * 3 9 27
8.0 0.993 0.993 0.992 3 * 3 9 27
8.5 0.996 0.996 0.995 3 * 3 9 27
9.0 0.996 0.996 0.996 3 * 3 9 27
9.5 0.997 0.997 0.997 3 * 3 9 27
10.0 0.999 0.999 0.999 3 * 3 9 27
0.5 0.000 0.000 0.000 1 * 1
1.0 0.000 0.000 0.000 1 * 1
1.5 0.256 0.157 0.086 1 * 3
2.0 0.309 0.214 0.133 1 * 4
2.5 0.399 0.340 0.222 2 * 3 7
3.0 0.614 0.539 0.390 2 * 3 9
3.5 0.665 0.620 0.470 3 * 3 9 12
4.0 0.741 0.741 0.644 3 * 3 9 20
4.5 0.854 0.854 0.833 3 * 3 9 27
5.0 0.901 0.901 0.890 3 * 3 9 27
5.5 0.941 0.941 0.934 3 * 3 9 27
6.0 0.959 0.959 0.956 3 * 3 9 27
6.5 0.973 0.973 0.971 3 * 3 9 27
7.0 0.983 0.983 0.979 3 * 3 9 27
7.5 0.988 0.988 0.986 3 * 3 9 27
8.0 0.994 0.994 0.992 3 * 3 9 27
8.5 0.995 0.995 0.994 3 * 3 9 27
9.0 0.998 0.998 0.997 3 * 3 9 27
9.5 0.998 0.998 0.997 3 * 3 9 27
10.0 0.998 0.998 0.998 3 * 3 9 27
0.5 0.000 0.000 0.000 1 * 1
1.0 0.000 0.000 0.000 1 * 1
1.5 0.253 0.155 0.085 1 * 3
2.0 0.310 0.216 0.135 1 * 4
2.5 0.419 0.361 0.246 2 * 3 8
3.0 0.609 0.535 0.386 2 * 3 9
3.5 0.673 0.626 0.475 3 * 3 9 12
4.0 0.723 0.723 0.622 3 * 3 9 19
4.5 0.839 0.839 0.807 3 * 3 9 26
5.0 0.898 0.898 0.889 3 * 3 9 27
5.5 0.937 0.937 0.931 3 * 3 9 27
6.0 0.958 0.958 0.954 3 * 3 9 27
6.5 0.972 0.972 0.969 3 * 3 9 27
7.0 0.980 0.980 0.978 3 * 3 9 27
7.5 0.989 0.989 0.987 3 * 3 9 27
8.0 0.993 0.993 0.991 3 * 3 9 27
8.5 0.975 0.986 0.976 4 * 3 9 24 27
9.0 0.996 0.996 0.995 3 * 3 9 27
9.5 0.998 0.998 0.997 3 * 3 9 27
10.0 0.999 0.999 0.999 3 * 3 9 27
0.5 0.000 0.000 0.000 1 * 1
1.0 0.000 0.000 0.000 1 * 1
1.5 0.249 0.153 0.084 1 * 3
2.0 0.436 0.266 0.145 1 * 3
2.5 0.406 0.344 0.221 2 * 3 7
3.0 0.542 0.484 0.370 2 * 3 10
3.5 0.605 0.576 0.464 3 * 3 9 14
4.0 0.724 0.724 0.622 3 * 3 9 19
4.5 0.830 0.830 0.788 3 * 3 9 25
5.0 0.905 0.905 0.895 3 * 3 9 27
5.5 0.938 0.938 0.932 3 * 3 9 27
6.0 0.960 0.960 0.955 3 * 3 9 27
6.5 0.977 0.977 0.973 3 * 3 9 27
7.0 0.984 0.984 0.982 3 * 3 9 27
7.5 0.989 0.989 0.986 3 * 3 9 27
8.0 0.991 0.991 0.990 3 * 3 9 27
8.5 0.996 0.996 0.994 3 * 3 9 27
9.0 0.997 0.997 0.996 3 * 3 9 27
9.5 0.998 0.998 0.998 3 * 3 9 27
10.0 0.999 0.999 0.999 3 * 3 9 27
0.5 0.000 0.000 0.000 1 * 1
1.0 0.000 0.000 0.000 1 * 1
1.5 0.255 0.156 0.086 1 * 3
2.0 0.433 0.265 0.145 1 * 3
2.5 0.398 0.339 0.220 2 * 3 7
3.0 0.620 0.544 0.392 2 * 3 9
3.5 0.650 0.587 0.460 2 * 3 11
4.0 0.728 0.728 0.622 3 * 3 9 19
4.5 0.835 0.835 0.805 3 * 3 9 26
5.0 0.899 0.899 0.890 3 * 3 9 27
5.5 0.940 0.940 0.934 3 * 3 9 27
6.0 0.963 0.963 0.958 3 * 3 9 27
6.5 0.972 0.972 0.969 3 * 3 9 27
7.0 0.982 0.982 0.980 3 * 3 9 27
7.5 0.986 0.986 0.986 3 * 3 9 27
8.0 0.994 0.994 0.992 3 * 3 9 27
8.5 0.995 0.995 0.993 3 * 3 9 27
9.0 0.997 0.997 0.996 3 * 3 9 27
9.5 0.998 0.998 0.998 3 * 3 9 27
10.0 0.999 0.999 0.999 3 * 3 9 27
