0.5 0.000 0.000 0.000 1 * 1
1.0 0.000 0.000 0.000 1 * 1
1.5 0.251 0.204 0.174 1 * 3
2.0 0.441 0.359 0.305 1 * 3
2.5 0.439 0.425 0.396 2 * 3 5
3.0 0.617 0.599 0.563 2 * 3 5
3.5 0.650 0.632 0.599 2 * 3 6
4.0 0.773 0.761 0.751 2 * 3 6
4.5 0.832 0.832 0.824 3 * 3 5 7
5.0 0.887 0.887 0.885 3 * 3 5 7
5.5 0.927 0.927 0.926 3 * 3 5 7
6.0 0.943 0.943 0.942 3 * 3 5 7
6.5 0.960 0.960 0.961 3 * 3 5 7
7.0 0.960 0.960 0.961 3 * 3 5 7
7.5 0.970 0.970 0.970 3 * 3 5 7
8.0 0.978 0.978 0.979 3 * 3 5 7
8.5 0.981 0.981 0.981 3 * 3 5 7
9.0 0.987 0.987 0.988 3 * 3 5 7
9.5 0.986 0.986 0.987 3 * 3 5 7
10.0 0.990 0.990 0.990 3 * 3 5 7
0.5 0.000 0.000 0.000 1 * 1
1.0 0.000 0.000 0.000 1 * 1
1.5 0.240 0.196 0.166 1 * 3
2.0 0.457 0.373 0.317 1 * 3
2.5 0.461 0.447 0.421 2 * 3 5
3.0 0.605 0.590 0.560 2 * 3 5
3.5 0.657 0.642 0.627 2 * 3 6
4.0 0.785 0.773 0.767 2 * 3 6
4.5 0.845 0.845 0.834 3 * 3 5 7
5.0 0.895 0.895 0.893 3 * 3 5 7
5.5 0.921 0.921 0.920 3 * 3 5 7
6.0 0.941 0.941 0.940 3 * 3 5 7
6.5 0.954 0.954 0.954 3 * 3 5 7
7.0 0.961 0.961 0.962 3 * 3 5 7
7.5 0.972 0.972 0.972 3 * 3 5 7
8.0 0.976 0.976 0.977 3 * 3 5 7
8.5 0.977 0.977 0.978 3 * 3 5 7
9.0 0.984 0.984 0.985 3 * 3 5 7
9.5 0.989 0.989 0.990 3 * 3 5 7
10.0 0.989 0.989 0.989 3 * 3 5 7
0.5 0.000 0.000 0.000 1 * 1
1.0 0.018 0.015 0.012 1 * 2
1.5 0.233 0.190 0.162 1 * 3
2.0 0.444 0.361 0.308 1 * 3
2.5 0.446 0.432 0.404 2 * 3 5
3.0 0.602 0.585 0.551 2 * 3 5
3.5 0.729 0.710 0.671 2 * 3 5
4.0 0.769 0.756 0.747 2 * 3 6
4.5 0.838 0.838 0.830 3 * 3 5 7
5.0 0.898 0.898 0.894 3 * 3 5 7
5.5 0.919 0.919 0.918 3 * 3 5 7
6.0 0.940 0.940 0.939 3 * 3 5 7
6.5 0.954 0.954 0.954 3 * 3 5 7
7.0 0.966 0.966 0.966 3 * 3 5 7
7.5 0.968 0.968 0.969 3 * 3 5 7
8.0 0.979 0.979 0.979 3 * 3 5 7
8.5 0.981 0.981 0.982 3 * 3 5 7
9.0 0.984 0.984 0.985 3 * 3 5 7
9.5 0.986 0.986 0.987 3 * 3 5 7
10.0 0.989 0.989 0.989 3 * 3 5 7
0.5 0.000 0.000 0.000 1 * 1
1.0 0.028 0.023 0.020 1 * 2
1.5 0.266 0.217 0.185 1 * 3
2.0 0.434 0.353 0.301 1 * 3
2.5 0.451 0.437 0.409 2 * 3 5
3.0 0.611 0.594 0.561 2 * 3 5
3.5 0.732 0.713 0.673 2 * 3 5
4.0 0.657 0.644 0.655 2 * 3 7
4.5 0.847 0.847 0.839 3 * 3 5 7
5.0 0.886 0.886 0.883 3 * 3 5 7
5.5 0.927 0.927 0.926 3 * 3 5 7
6.0 0.940 0.940 0.938 3 * 3 5 7
6.5 0.955 0.955 0.956 3 * 3 5 7
7.0 0.964 0.964 0.965 3 * 3 5 7
7.5 0.975 0.975 0.975 3 * 3 5 7
8.0 0.977 0.977 0.979 3 * 3 5 7
8.5 0.982 0.982 0.982 3 * 3 5 7
9.0 0.987 0.987 0.987 3 * 3 5 7
9.5 0.987 0.987 0.988 3 * 3 5 7
10.0 0.985 0.985 0.986 3 * 3 5 7
0.5 0.000 0.000 0.000 1 * 1
1.0 0.000 0.000 0.000 1 * 1
1.5 0.259 0.211 0.179 1 * 3
2.0 0.449 0.366 0.311 1 * 3
2.5 0.443 0.429 0.409 1 * 4
3.0 0.622 0.607 0.577 2 * 3 5
3.5 0.651 0.638 0.630 2 * 3 6
4.0 0.738 0.726 0.722 2 * 3 6
4.5 0.831 0.831 0.821 3 * 3 5 7
5.0 0.892 0.892 0.889 3 * 3 5 7
5.5 0.919 0.919 0.919 3 * 3 5 7
6.0 0.935 0.935 0.936 3 * 3 5 7
6.5 0.958 0.958 0.957 3 * 3 5 7
7.0 0.965 0.965 0.965 3 * 3 5 7
7.5 0.972 0.972 0.973 3 * 3 5 7
8.0 0.975 0.975 0.976 3 * 3 5 7
8.5 0.984 0.984 0.985 3 * 3 5 7
9.0 0.984 0.984 0.985 3 * 3 5 7
9.5 0.989 0.989 0.990 3 * 3 5 7
10.0 0.991 0.991 0.991 3 * 3 5 7
0.5 0.000 0.000 0.000 1 * 1
1.0 0.000 0.000 0.000 1 * 1
1.5 0.240 0.196 0.167 1 * 3
2.0 0.467 0.381 0.324 1 * 3
2.5 0.475 0.461 0.433 2 * 3 5
3.0 0.605 0.588 0.554 2 * 3 5
3.5 0.729 0.709 0.669 2 * 3 5
4.0 0.702 0.675 0.644 2 * 3 7
4.5 0.839 0.839 0.830 3 * 3 5 7
5.0 0.888 0.888 0.885 3 * 3 5 7
5.5 0.917 0.917 0.915 3 * 3 5 7
6.0 0.939 0.939 0.939 3 * 3 5 7
6.5 0.955 0.955 0.955 3 * 3 5 7
7.0 0.965 0.965 0.965 3 * 3 5 7
7.5 0.969 0.969 0.969 3 * 3 5 7
8.0 0.978 0.978 0.979 3 * 3 5 7
8.5 0.980 0.980 0.981 3 * 3 5 7
9.0 0.981 0.981 0.982 3 * 3 5 7
9.5 0.986 0.986 0.986 3 * 3 5 7
10.0 0.990 0.990 0.991 3 * 3 5 7
0.5 0.000 0.000 0.000 1 * 1
1.0 0.000 0.000 0.000 1 * 1
1.5 0.254 0.207 0.176 1 * 3
2.0 0.436 0.355 0.302 1 * 3
2.5 0.444 0.428 0.397 2 * 3 5
3.0 0.615 0.601 0.571 2 * 3 5
3.5 0.730 0.710 0.669 2 * 3 5
4.0 0.776 0.764 0.751 2 * 3 6
4.5 0.845 0.845 0.839 3 * 3 5 7
5.0 0.887 0.887 0.887 3 * 3 5 7
5.5 0.925 0.925 0.923 3 * 3 5 7
6.0 0.941 0.941 0.941 3 * 3 5 7
6.5 0.954 0.954 0.954 3 * 3 5 7
7.0 0.967 0.967 0.968 3 * 3 5 7
7.5 0.967 0.967 0.968 3 * 3 5 7
8.0 0.977 0.977 0.978 3 * 3 5 7
8.5 0.980 0.980 0.981 3 * 3 5 7
9.0 0.984 0.984 0.984 3 * 3 5 7
9.5 0.989 0.989 0.990 3 * 3 5 7
10.0 0.991 0.991 0.991 3 * 3 5 7
0.5 0.000 0.000 0.000 1 * 1
1.0 0.000 0.000 0.000 1 * 1
1.5 0.246 0.201 0.171 1 * 3
2.0 0.446 0.363 0.309 1 * 3
2.5 0.432 0.417 0.385 2 * 3 5
3.0 0.612 0.596 0.564 2 * 3 5
3.5 0.722 0.701 0.661 2 * 3 5
4.0 0.725 0.706 0.671 2 * 3 6
4.5 0.839 0.839 0.828 3 * 3 5 7
5.0 0.897 0.897 0.894 3 * 3 5 7
5.5 0.920 0.920 0.919 3 * 3 5 7
6.0 0.941 0.941 0.941 3 * 3 5 7
6.5 0.953 0.953 0.953 3 * 3 5 7
7.0 0.962 0.962 0.963 3 * 3 5 7
7.5 0.973 0.973 0.974 3 * 3 5 7
8.0 0.973 0.973 0.974 3 * 3 5 7
8.5 0.983 0.983 0.984 3 * 3 5 7
9.0 0.984 0.984 0.984 3 * 3 5 7
9.5 0.990 0.990 0.990 3 * 3 5 7
10.0 0.990 0.990 0.991 3 * 3 5 7
0.5 0.000 0.000 0.000 1 * 1
1.0 0.000 0.000 0.000 1 * 1
1.5 0.246 0.200 0.170 1 * 3
2.0 0.442 0.360 0.306 1 * 3
2.5 0.442 0.428 0.399 2 * 3 5
3.0 0.600 0.584 0.552 2 * 3 5
3.5 0.665 0.652 0.642 2 * 3 6
4.0 0.757 0.744 0.735 2 * 3 6
4.5 0.835 0.835 0.826 3 * 3 5 7
5.0 0.879 0.879 0.875 3 * 3 5 7
5.5 0.923 0.923 0.923 3 * 3 5 7
6.0 0.937 0.937 0.936 3 * 3 5 7
6.5 0.953 0.953 0.955 3 * 3 5 7
7.0 0.961 0.961 0.962 3 * 3 5 7
7.5 0.975 0.975 0.976 3 * 3 5 7
8.0 0.975 0.975 0.976 3 * 3 5 7
8.5 0.982 0.982 0.982 3 * 3 5 7
9.0 0.982 0.982 0.983 3 * 3 5 7
9.5 0.987 0.987 0.988 3 * 3 5 7
10.0 0.990 0.990 0.990 3 * 3 5 7
0.5 0.000 0.000 0.000 1 * 1
1.0 0.000 0.000 0.000 1 * 1
1.5 0.245 0.199 0.170 1 * 3
2.0 0.446 0.363 0.309 1 * 3
2.5 0.465 0.450 0.419 2 * 3 5
3.0 0.613 0.596 0.562 2 * 3 5
3.5 0.643 0.626 0.593 2 * 3 6
4.0 0.784 0.772 0.762 2 * 3 6
4.5 0.845 0.845 0.838 3 * 3 5 7
5.0 0.897 0.897 0.893 3 * 3 5 7
5.5 0.919 0.919 0.918 3 * 3 5 7
6.0 0.943 0.943 0.943 3 * 3 5 7
6.5 0.955 0.955 0.955 3 * 3 5 7
7.0 0.965 0.965 0.965 3 * 3 5 7
7.5 0.967 0.967 0.967 3 * 3 5 7
8.0 0.913 0.928 0.837 3 * 3 5 8
8.5 0.983 0.983 0.983 3 * 3 5 7
9.0 0.986 0.986 0.987 3 * 3 5 7
9.5 0.990 0.990 0.991 3 * 3 5 7
10.0 0.991 0.991 0.992 3 * 3 5 7
0.5 0.001 0.001 0.001 1 * 2
1.0 0.000 0.000 0.000 1 * 1
1.5 0.255 0.208 0.177 1 * 3
2.0 0.443 0.360 0.307 1 * 3
2.5 0.463 0.449 0.420 2 * 3 5
3.0 0.607 0.591 0.560 2 * 3 5
3.5 0.642 0.625 0.592 2 * 3 6
4.0 0.705 0.678 0.649 2 * 3 7
4.5 0.842 0.842 0.832 3 * 3 5 7
5.0 0.887 0.887 0.886 3 * 3 5 7
5.5 0.922 0.922 0.920 3 * 3 5 7
6.0 0.941 0.941 0.942 3 * 3 5 7
6.5 0.951 0.951 0.952 3 * 3 5 7
7.0 0.967 0.967 0.967 3 * 3 5 7
7.5 0.970 0.970 0.970 3 * 3 5 7
8.0 0.981 0.981 0.981 3 * 3 5 7
8.5 0.982 0.982 0.983 3 * 3 5 7
9.0 0.987 0.987 0.987 3 * 3 5 7
9.5 0.988 0.988 0.988 3 * 3 5 7
10.0 0.989 0.989 0.990 3 * 3 5 7
0.5 0.000 0.000 0.000 1 * 1
1.0 0.009 0.007 0.006 1 * 2
1.5 0.248 0.202 0.172 1 * 3
2.0 0.439 0.357 0.304 1 * 3
2.5 0.432 0.417 0.389 2 * 3 5
3.0 0.615 0.598 0.564 2 * 3 5
3.5 0.656 0.637 0.603 2 * 3 6
4.0 0.689 0.663 0.633 2 * 3 7
4.5 0.833 0.833 0.824 3 * 3 5 7
5.0 0.893 0.893 0.890 3 * 3 5 7
5.5 0.850 0.865 0.779 3 * 3 5 8
6.0 0.940 0.940 0.941 3 * 3 5 7
6.5 0.953 0.953 0.954 3 * 3 5 7
7.0 0.960 0.960 0.960 3 * 3 5 7
7.5 0.971 0.971 0.971 3 * 3 5 7
8.0 0.976 0.976 0.977 3 * 3 5 7
8.5 0.978 0.978 0.978 3 * 3 5 7
9.0 0.985 0.985 0.985 3 * 3 5 7
9.5 0.988 0.988 0.989 3 * 3 5 7
10.0 0.988 0.988 0.989 3 * 3 5 7
0.5 0.000 0.000 0.000 1 * 1
1.0 0.000 0.000 0.000 1 * 1
1.5 0.254 0.207 0.176 1 * 3
2.0 0.437 0.356 0.303 1 * 3
2.5 0.423 0.411 0.390 1 * 4
3.0 0.618 0.602 0.570 2 * 3 5
3.5 0.727 0.707 0.668 2 * 3 5
4.0 0.610 0.543 0.610 1 * 7
4.5 0.841 0.841 0.834 3 * 3 5 7
5.0 0.892 0.892 0.890 3 * 3 5 7
5.5 0.918 0.918 0.916 3 * 3 5 7
6.0 0.939 0.939 0.937 3 * 3 5 7
6.5 0.954 0.954 0.954 3 * 3 5 7
7.0 0.965 0.965 0.966 3 * 3 5 7
7.5 0.970 0.970 0.971 3 * 3 5 7
8.0 0.980 0.980 0.980 3 * 3 5 7
8.5 0.980 0.980 0.980 3 * 3 5 7
9.0 0.983 0.983 0.984 3 * 3 5 7
9.5 0.985 0.985 0.986 3 * 3 5 7
10.0 0.992 0.992 0.993 3 * 3 5 7
0.5 0.000 0.000 0.000 1 * 1
1.0 0.021 0.017 0.015 1 * 2
1.5 0.253 0.206 0.175 1 * 3
2.0 0.453 0.369 0.314 1 * 3
2.5 0.480 0.466 0.440 2 * 3 5
3.0 0.604 0.587 0.554 2 * 3 5
3.5 0.716 0.696 0.656 2 * 3 5
4.0 0.756 0.756 0.734 3 * 3 5 7
4.5 0.848 0.848 0.841 3 * 3 5 7
5.0 0.900 0.900 0.897 3 * 3 5 7
5.5 0.923 0.923 0.923 3 * 3 5 7
6.0 0.941 0.941 0.940 3 * 3 5 7
6.5 0.950 0.950 0.950 3 * 3 5 7
7.0 0.966 0.966 0.966 3 * 3 5 7
7.5 0.975 0.975 0.975 3 * 3 5 7
8.0 0.975 0.975 0.975 3 * 3 5 7
8.5 0.983 0.983 0.984 3 * 3 5 7
9.0 0.984 0.984 0.984 3 * 3 5 7
9.5 0.989 0.989 0.989 3 * 3 5 7
10.0 0.989 0.989 0.990 3 * 3 5 7
0.5 0.000 0.000 0.000 1 * 1
1.0 0.000 0.000 0.000 1 * 1
1.5 0.233 0.190 0.162 1 * 3
2.0 0.443 0.360 0.307 1 * 3
2.5 0.449 0.435 0.408 2 * 3 5
3.0 0.604 0.587 0.552 2 * 3 5
3.5 0.649 0.630 0.592 2 * 3 6
4.0 0.772 0.760 0.754 2 * 3 6
4.5 0.842 0.842 0.835 3 * 3 5 7
5.0 0.894 0.894 0.890 3 * 3 5 7
5.5 0.918 0.918 0.916 3 * 3 5 7
6.0 0.944 0.944 0.943 3 * 3 5 7
6.5 0.954 0.954 0.954 3 * 3 5 7
7.0 0.962 0.962 0.963 3 * 3 5 7
7.5 0.972 0.972 0.973 3 * 3 5 7
8.0 0.974 0.974 0.975 3 * 3 5 7
8.5 0.979 0.979 0.980 3 * 3 5 7
9.0 0.984 0.984 0.985 3 * 3 5 7
9.5 0.986 0.986 0.986 3 * 3 5 7
10.0 0.989 0.989 0.989 3 * 3 5 7
0.5 0.000 0.000 0.000 1 * 1
1.0 0.000 0.000 0.000 1 * 1
1.5 0.269 0.219 0.187 1 * 3
2.0 0.457 0.372 0.317 1 * 3
2.5 0.585 0.477 0.406 1 * 3
3.0 0.620 0.604 0.573 2 * 3 5
3.5 0.715 0.698 0.663 2 * 3 5
4.0 0.746 0.746 0.725 3 * 3 5 7
4.5 0.842 0.842 0.832 3 * 3 5 7
5.0 0.896 0.896 0.893 3 * 3 5 7
5.5 0.916 0.916 0.916 3 * 3 5 7
6.0 0.940 0.940 0.941 3 * 3 5 7
6.5 0.949 0.949 0.950 3 * 3 5 7
7.0 0.965 0.965 0.966 3 * 3 5 7
7.5 0.972 0.972 0.972 3 * 3 5 7
8.0 0.977 0.977 0.979 3 * 3 5 7
8.5 0.986 0.986 0.986 3 * 3 5 7
9.0 0.983 0.983 0.984 3 * 3 5 7
9.5 0.984 0.984 0.985 3 * 3 5 7
10.0 0.990 0.990 0.990 3 * 3 5 7
0.5 0.000 0.000 0.000 1 * 1
1.0 0.030 0.025 0.021 1 * 2
1.5 0.258 0.210 0.179 1 * 3
2.0 0.448 0.365 0.311 1 * 3
2.5 0.437 0.422 0.391 2 * 3 5
3.0 0.622 0.606 0.574 2 * 3 5
3.5 0.725 0.706 0.668 2 * 3 5
4.0 0.696 0.670 0.640 2 * 3 7
4.5 0.842 0.842 0.834 3 * 3 5 7
5.0 0.895 0.895 0.892 3 * 3 5 7
5.5 0.926 0.926 0.925 3 * 3 5 7
6.0 0.943 0.943 0.942 3 * 3 5 7
6.5 0.954 0.954 0.954 3 * 3 5 7
7.0 0.964 0.964 0.964 3 * 3 5 7
7.5 0.968 0.968 0.969 3 * 3 5 7
8.0 0.977 0.977 0.977 3 * 3 5 7
8.5 0.980 0.980 0.981 3 * 3 5 7
9.0 0.984 0.984 0.985 3 * 3 5 7
9.5 0.986 0.986 0.987 3 * 3 5 7
10.0 0.988 0.988 0.989 3 * 3 5 7
0.5 0.000 0.000 0.000 1 * 1
1.0 0.000 0.000 0.000 1 * 1
1.5 0.252 0.205 0.175 1 * 3
2.0 0.441 0.359 0.306 1 * 3
2.5 0.454 0.441 0.414 2 * 3 5
3.0 0.631 0.614 0.581 2 * 3 5
3.5 0.637 0.619 0.583 2 * 3 6
4.0 0.762 0.750 0.745 2 * 3 6
4.5 0.842 0.842 0.831 3 * 3 5 7
5.0 0.885 0.885 0.886 3 * 3 5 7
5.5 0.926 0.926 0.924 3 * 3 5 7
6.0 0.941 0.941 0.941 3 * 3 5 7
6.5 0.955 0.955 0.955 3 * 3 5 7
7.0 0.966 0.966 0.965 3 * 3 5 7
7.5 0.968 0.968 0.969 3 * 3 5 7
8.0 0.977 0.977 0.978 3 * 3 5 7
8.5 0.982 0.982 0.983 3 * 3 5 7
9.0 0.990 0.990 0.990 3 * 3 5 7
9.5 0.990 0.990 0.991 3 * 3 5 7
10.0 0.989 0.989 0.990 3 * 3 5 7
0.5 0.000 0.000 0.000 1 * 1
1.0 0.000 0.000 0.000 1 * 1
1.5 0.252 0.205 0.175 1 * 3
2.0 0.443 0.361 0.307 1 * 3
2.5 0.448 0.434 0.414 1 * 4
3.0 0.605 0.589 0.556 2 * 3 5
3.5 0.719 0.699 0.660 2 * 3 5
4.0 0.672 0.648 0.623 2 * 3 7
4.5 0.841 0.841 0.831 3 * 3 5 7
5.0 0.890 0.890 0.888 3 * 3 5 7
5.5 0.922 0.922 0.920 3 * 3 5 7
6.0 0.944 0.944 0.941 3 * 3 5 7
6.5 0.949 0.949 0.948 3 * 3 5 7
7.0 0.965 0.965 0.965 3 * 3 5 7
7.5 0.971 0.971 0.971 3 * 3 5 7
8.0 0.976 0.976 0.977 3 * 3 5 7
8.5 0.978 0.978 0.979 3 * 3 5 7
9.0 0.983 0.983 0.984 3 * 3 5 7
9.5 0.989 0.989 0.990 3 * 3 5 7
10.0 0.990 0.990 0.991 3 * 3 5 7
0.5 0.000 0.000 0.000 1 * 1
1.0 0.000 0.000 0.000 1 * 1
1.5 0.271 0.221 0.188 1 * 3
2.0 0.440 0.358 0.304 1 * 3
2.5 0.451 0.436 0.406 2 * 3 5
3.0 0.606 0.590 0.557 2 * 3 5
3.5 0.727 0.708 0.670 2 * 3 5
4.0 0.749 0.749 0.728 3 * 3 5 7
4.5 0.845 0.845 0.836 3 * 3 5 7
5.0 0.893 0.893 0.891 3 * 3 5 7
5.5 0.921 0.921 0.919 3 * 3 5 7
6.0 0.939 0.939 0.939 3 * 3 5 7
6.5 0.956 0.956 0.956 3 * 3 5 7
7.0 0.965 0.965 0.965 3 * 3 5 7
7.5 0.969 0.969 0.970 3 * 3 5 7
8.0 0.977 0.977 0.977 3 * 3 5 7
8.5 0.981 0.981 0.981 3 * 3 5 7
9.0 0.985 0.985 0.985 3 * 3 5 7
9.5 0.988 0.988 0.989 3 * 3 5 7
10.0 0.991 0.991 0.992 3 * 3 5 7
0.5 0.000 0.000 0.000 1 * 1
1.0 0.028 0.023 0.020 1 * 2
1.5 0.249 0.202 0.172 1 * 3
2.0 0.454 0.370 0.314 1 * 3
2.5 0.451 0.437 0.408 2 * 3 5
3.0 0.622 0.605 0.570 2 * 3 5
3.5 0.729 0.709 0.669 2 * 3 5
4.0 0.779 0.765 0.757 2 * 3 6
4.5 0.846 0.846 0.844 3 * 3 5 7
5.0 0.896 0.896 0.894 3 * 3 5 7
5.5 0.928 0.928 0.930 3 * 3 5 7
6.0 0.938 0.938 0.939 3 * 3 5 7
6.5 0.950 0.950 0.951 3 * 3 5 7
7.0 0.963 0.963 0.964 3 * 3 5 7
7.5 0.970 0.970 0.971 3 * 3 5 7
8.0 0.980 0.980 0.981 3 * 3 5 7
8.5 0.983 0.983 0.983 3 * 3 5 7
9.0 0.983 0.983 0.984 3 * 3 5 7
9.5 0.988 0.988 0.988 3 * 3 5 7
10.0 0.988 0.988 0.989 3 * 3 5 7
0.5 0.000 0.000 0.000 1 * 1
1.0 0.000 0.000 0.000 1 * 1
1.5 0.254 0.207 0.176 1 * 3
2.0 0.455 0.371 0.315 1 * 3
2.5 0.444 0.430 0.404 2 * 3 5
3.0 0.602 0.587 0.555 2 * 3 5
3.5 0.728 0.708 0.668 2 * 3 5
4.0 0.721 0.721 0.696 3 * 3 5 7
4.5 0.849 0.849 0.841 3 * 3 5 7
5.0 0.887 0.887 0.884 3 * 3 5 7
5.5 0.923 0.923 0.923 3 * 3 5 7
6.0 0.940 0.940 0.940 3 * 3 5 7
6.5 0.957 0.957 0.957 3 * 3 5 7
7.0 0.963 0.963 0.963 3 * 3 5 7
7.5 0.969 0.969 0.970 3 * 3 5 7
8.0 0.973 0.973 0.974 3 * 3 5 7
8.5 0.981 0.981 0.982 3 * 3 5 7
9.0 0.988 0.988 0.988 3 * 3 5 7
9.5 0.989 0.989 0.989 3 * 3 5 7
10.0 0.988 0.988 0.988 3 * 3 5 7
0.5 0.000 0.000 0.000 1 * 1
1.0 0.000 0.000 0.000 1 * 1
1.5 0.264 0.215 0.183 1 * 3
2.0 0.449 0.365 0.311 1 * 3
2.5 0.429 0.417 0.396 1 * 4
3.0 0.610 0.593 0.558 2 * 3 5
3.5 0.721 0.702 0.663 2 * 3 5
4.0 0.744 0.744 0.721 3 * 3 5 7
4.5 0.847 0.847 0.839 3 * 3 5 7
5.0 0.894 0.894 0.891 3 * 3 5 7
5.5 0.921 0.921 0.920 3 * 3 5 7
6.0 0.941 0.941 0.942 3 * 3 5 7
6.5 0.947 0.947 0.946 3 * 3 5 7
7.0 0.964 0.964 0.964 3 * 3 5 7
7.5 0.974 0.974 0.976 3 * 3 5 7
8.0 0.979 0.979 0.979 3 * 3 5 7
8.5 0.983 0.983 0.984 3 * 3 5 7
9.0 0.985 0.985 0.985 3 * 3 5 7
9.5 0.989 0.989 0.989 3 * 3 5 7
10.0 0.986 0.986 0.987 3 * 3 5 7
0.5 0.000 0.000 0.000 1 * 1
1.0 0.000 0.000 0.000 1 * 1
1.5 0.230 0.187 0.159 1 * 3
2.0 0.437 0.356 0.302 1 * 3
2.5 0.470 0.457 0.429 2 * 3 5
3.0 0.596 0.580 0.547 2 * 3 5
3.5 0.655 0.638 0.620 2 * 3 6
4.0 0.758 0.744 0.733 2 * 3 6
4.5 0.842 0.842 0.834 3 * 3 5 7
5.0 0.896 0.896 0.893 3 * 3 5 7
5.5 0.921 0.921 0.919 3 * 3 5 7
6.0 0.937 0.937 0.936 3 * 3 5 7
6.5 0.948 0.948 0.950 3 * 3 5 7
7.0 0.963 0.963 0.964 3 * 3 5 7
7.5 0.969 0.969 0.970 3 * 3 5 7
8.0 0.976 0.976 0.977 3 * 3 5 7
8.5 0.982 0.982 0.981 3 * 3 5 7
9.0 0.985 0.985 0.985 3 * 3 5 7
9.5 0.989 0.989 0.990 3 * 3 5 7
10.0 0.990 0.990 0.990 3 * 3 5 7
0.5 0.000 0.000 0.000 1 * 1
1.0 0.000 0.000 0.000 1 * 1
1.5 0.241 0.197 0.167 1 * 3
2.0 0.454 0.370 0.314 1 * 3
2.5 0.457 0.442 0.413 2 * 3 5
3.0 0.611 0.593 0.559 2 * 3 5
3.5 0.720 0.700 0.659 2 * 3 5
4.0 0.750 0.750 0.731 3 * 3 5 7
4.5 0.854 0.854 0.850 3 * 3 5 7
5.0 0.894 0.894 0.892 3 * 3 5 7
5.5 0.913 0.913 0.913 3 * 3 5 7
6.0 0.945 0.945 0.943 3 * 3 5 7
6.5 0.955 0.955 0.955 3 * 3 5 7
7.0 0.968 0.968 0.968 3 * 3 5 7
7.5 0.977 0.977 0.977 3 * 3 5 7
8.0 0.979 0.979 0.979 3 * 3 5 7
8.5 0.980 0.980 0.981 3 * 3 5 7
9.0 0.986 0.986 0.986 3 * 3 5 7
9.5 0.986 0.986 0.987 3 * 3 5 7
10.0 0.988 0.988 0.989 3 * 3 5 7
0.5 0.000 0.000 0.000 1 * 1
1.0 0.000 0.000 0.000 1 * 1
1.5 0.239 0.195 0.166 1 * 3
2.0 0.446 0.363 0.309 1 * 3
2.5 0.451 0.436 0.406 2 * 3 5
3.0 0.616 0.599 0.565 2 * 3 5
3.5 0.580 0.526 0.580 1 * 6
4.0 0.735 0.735 0.712 3 * 3 5 7
4.5 0.845 0.845 0.838 3 * 3 5 7
5.0 0.894 0.894 0.891 3 * 3 5 7
5.5 0.921 0.921 0.919 3 * 3 5 7
6.0 0.948 0.948 0.948 3 * 3 5 7
6.5 0.954 0.954 0.955 3 * 3 5 7
7.0 0.968 0.968 0.969 3 * 3 5 7
7.5 0.971 0.971 0.972 3 * 3 5 7
8.0 0.976 0.976 0.976 3 * 3 5 7
8.5 0.983 0.983 0.984 3 * 3 5 7
9.0 0.985 0.985 0.986 3 * 3 5 7
9.5 0.986 0.986 0.987 3 * 3 5 7
10.0 0.989 0.989 0.990 3 * 3 5 7
0.5 0.000 0.000 0.000 1 * 1
1.0 0.000 0.000 0.000 1 * 1
1.5 0.223 0.182 0.155 1 * 3
2.0 0.451 0.367 0.313 1 * 3
2.5 0.457 0.442 0.411 2 * 3 5
3.0 0.612 0.595 0.562 2 * 3 5
3.5 0.729 0.709 0.669 2 * 3 5
4.0 0.781 0.769 0.761 2 * 3 6
4.5 0.840 0.840 0.828 3 * 3 5 7
5.0 0.894 0.894 0.891 3 * 3 5 7
5.5 0.920 0.920 0.918 3 * 3 5 7
6.0 0.945 0.945 0.944 3 * 3 5 7
6.5 0.956 0.956 0.955 3 * 3 5 7
7.0 0.963 0.963 0.964 3 * 3 5 7
7.5 0.968 0.968 0.968 3 * 3 5 7
8.0 0.977 0.977 0.978 3 * 3 5 7
8.5 0.977 0.977 0.978 3 * 3 5 7
9.0 0.987 0.987 0.987 3 * 3 5 7
9.5 0.988 0.988 0.988 3 * 3 5 7
10.0 0.991 0.991 0.991 3 * 3 5 7
0.5 0.000 0.000 0.000 1 * 1
1.0 0.000 0.000 0.000 1 * 1
1.5 0.251 0.204 0.174 1 * 3
2.0 0.438 0.357 0.304 1 * 3
2.5 0.447 0.433 0.413 1 * 4
3.0 0.602 0.587 0.556 2 * 3 5
3.5 0.655 0.636 0.601 2 * 3 6
4.0 0.704 0.704 0.684 3 * 3 5 7
4.5 0.828 0.828 0.819 3 * 3 5 7
5.0 0.896 0.896 0.894 3 * 3 5 7
5.5 0.924 0.924 0.922 3 * 3 5 7
6.0 0.943 0.943 0.941 3 * 3 5 7
6.5 0.955 0.955 0.955 3 * 3 5 7
7.0 0.964 0.964 0.965 3 * 3 5 7
7.5 0.974 0.974 0.974 3 * 3 5 7
8.0 0.981 0.981 0.982 3 * 3 5 7
8.5 0.983 0.983 0.983 3 * 3 5 7
9.0 0.984 0.984 0.985 3 * 3 5 7
9.5 0.985 0.985 0.986 3 * 3 5 7
10.0 0.988 0.988 0.989 3 * 3 5 7
0.5 0.000 0.000 0.000 1 * 1
1.0 0.000 0.000 0.000 1 * 1
1.5 0.251 0.204 0.174 1 * 3
2.0 0.451 0.367 0.313 1 * 3
2.5 0.458 0.444 0.415 2 * 3 5
3.0 0.619 0.601 0.565 2 * 3 5
3.5 0.747 0.727 0.688 2 * 3 5
4.0 0.779 0.766 0.755 2 * 3 6
4.5 0.842 0.842 0.834 3 * 3 5 7
5.0 0.891 0.891 0.888 3 * 3 5 7
5.5 0.916 0.916 0.914 3 * 3 5 7
6.0 0.939 0.939 0.939 3 * 3 5 7
6.5 0.957 0.957 0.956 3 * 3 5 7
7.0 0.962 0.962 0.963 3 * 3 5 7
7.5 0.969 0.969 0.969 3 * 3 5 7
8.0 0.978 0.978 0.978 3 * 3 5 7
8.5 0.983 0.983 0.984 3 * 3 5 7
9.0 0.983 0.983 0.984 3 * 3 5 7
9.5 0.984 0.984 0.984 3 * 3 5 7
10.0 0.989 0.989 0.990 3 * 3 5 7
0.5 0.000 0.000 0.000 1 * 1
1.0 0.000 0.000 0.000 1 * 1
1.5 0.255 0.208 0.177 1 * 3
2.0 0.433 0.353 0.300 1 * 3
2.5 0.447 0.432 0.404 2 * 3 5
3.0 0.590 0.574 0.543 2 * 3 5
3.5 0.735 0.715 0.673 2 * 3 5
4.0 0.745 0.745 0.722 3 * 3 5 7
4.5 0.850 0.850 0.843 3 * 3 5 7
5.0 0.885 0.885 0.882 3 * 3 5 7
5.5 0.922 0.922 0.921 3 * 3 5 7
6.0 0.939 0.939 0.938 3 * 3 5 7
6.5 0.962 0.962 0.961 3 * 3 5 7
7.0 0.965 0.965 0.965 3 * 3 5 7
7.5 0.975 0.975 0.975 3 * 3 5 7
8.0 0.974 0.974 0.974 3 * 3 5 7
8.5 0.979 0.979 0.980 3 * 3 5 7
9.0 0.985 0.985 0.985 3 * 3 5 7
9.5 0.989 0.989 0.990 3 * 3 5 7
10.0 0.989 0.989 0.989 3 * 3 5 7
0.5 0.000 0.000 0.000 1 * 1
1.0 0.021 0.017 0.015 1 * 2
1.5 0.225 0.183 0.156 1 * 3
2.0 0.461 0.376 0.319 1 * 3
2.5 0.452 0.436 0.417 1 * 4
3.0 0.617 0.601 0.567 2 * 3 5
3.5 0.735 0.715 0.675 2 * 3 5
4.0 0.745 0.745 0.725 3 * 3 5 7
4.5 0.840 0.840 0.830 3 * 3 5 7
5.0 0.888 0.888 0.886 3 * 3 5 7
5.5 0.916 0.916 0.915 3 * 3 5 7
6.0 0.937 0.937 0.937 3 * 3 5 7
6.5 0.954 0.954 0.954 3 * 3 5 7
7.0 0.964 0.964 0.965 3 * 3 5 7
7.5 0.970 0.970 0.972 3 * 3 5 7
8.0 0.979 0.979 0.980 3 * 3 5 7
8.5 0.979 0.979 0.979 3 * 3 5 7
9.0 0.985 0.985 0.986 3 * 3 5 7
9.5 0.983 0.983 0.983 3 * 3 5 7
10.0 0.990 0.990 0.991 3 * 3 5 7
0.5 0.000 0.000 0.000 1 * 1
1.0 0.016 0.013 0.011 1 * 2
1.5 0.257 0.209 0.178 1 * 3
2.0 0.443 0.360 0.307 1 * 3
2.5 0.445 0.430 0.401 2 * 3 5
3.0 0.609 0.591 0.556 2 * 3 5
3.5 0.730 0.711 0.672 2 * 3 5
4.0 0.734 0.734 0.709 3 * 3 5 7
4.5 0.848 0.848 0.841 3 * 3 5 7
5.0 0.900 0.900 0.898 3 * 3 5 7
5.5 0.919 0.919 0.918 3 * 3 5 7
6.0 0.936 0.936 0.936 3 * 3 5 7
6.5 0.948 0.948 0.949 3 * 3 5 7
7.0 0.960 0.960 0.961 3 * 3 5 7
7.5 0.971 0.971 0.971 3 * 3 5 7
8.0 0.974 0.974 0.974 3 * 3 5 7
8.5 0.984 0.984 0.985 3 * 3 5 7
9.0 0.986 0.986 0.987 3 * 3 5 7
9.5 0.988 0.988 0.989 3 * 3 5 7
10.0 0.988 0.988 0.988 3 * 3 5 7
0.5 0.000 0.000 0.000 1 * 1
1.0 0.021 0.017 0.014 1 * 2
1.5 0.255 0.208 0.177 1 * 3
2.0 0.451 0.367 0.312 1 * 3
2.5 0.473 0.458 0.428 2 * 3 5
3.0 0.610 0.594 0.561 2 * 3 5
3.5 0.729 0.711 0.673 2 * 3 5
4.0 0.742 0.742 0.720 3 * 3 5 7
4.5 0.848 0.848 0.842 3 * 3 5 7
5.0 0.896 0.896 0.894 3 * 3 5 7
5.5 0.916 0.916 0.913 3 * 3 5 7
6.0 0.938 0.938 0.938 3 * 3 5 7
6.5 0.952 0.952 0.952 3 * 3 5 7
7.0 0.965 0.965 0.965 3 * 3 5 7
7.5 0.972 0.972 0.973 3 * 3 5 7
8.0 0.977 0.977 0.977 3 * 3 5 7
8.5 0.983 0.983 0.983 3 * 3 5 7
9.0 0.981 0.981 0.982 3 * 3 5 7
9.5 0.990 0.990 0.991 3 * 3 5 7
10.0 0.988 0.988 0.988 3 * 3 5 7
0.5 0.000 0.000 0.000 1 * 1
1.0 0.000 0.000 0.000 1 * 1
1.5 0.163 0.153 0.142 1 * 4
2.0 0.441 0.359 0.306 1 * 3
2.5 0.438 0.425 0.404 1 * 4
3.0 0.615 0.599 0.567 2 * 3 5
3.5 0.732 0.712 0.673 2 * 3 5
4.0 0.721 0.723 0.690 3 * 3 5 7
4.5 0.842 0.842 0.834 3 * 3 5 7
5.0 0.890 0.890 0.889 3 * 3 5 7
5.5 0.921 0.921 0.919 3 * 3 5 7
6.0 0.940 0.940 0.939 3 * 3 5 7
6.5 0.956 0.956 0.956 3 * 3 5 7
7.0 0.960 0.960 0.960 3 * 3 5 7
7.5 0.974 0.974 0.975 3 * 3 5 7
8.0 0.977 0.977 0.979 3 * 3 5 7
8.5 0.978 0.978 0.979 3 * 3 5 7
9.0 0.983 0.983 0.984 3 * 3 5 7
9.5 0.989 0.989 0.989 3 * 3 5 7
10.0 0.989 0.989 0.989 3 * 3 5 7
0.5 0.000 0.000 0.000 1 * 1
1.0 0.000 0.000 0.000 1 * 1
1.5 0.256 0.208 0.177 1 * 3
2.0 0.439 0.358 0.305 1 * 3
2.5 0.447 0.432 0.401 2 * 3 5
3.0 0.605 0.589 0.555 2 * 3 5
3.5 0.640 0.621 0.584 2 * 3 6
4.0 0.775 0.762 0.755 2 * 3 6
4.5 0.829 0.829 0.818 3 * 3 5 7
5.0 0.882 0.882 0.881 3 * 3 5 7
5.5 0.922 0.922 0.921 3 * 3 5 7
6.0 0.936 0.936 0.936 3 * 3 5 7
6.5 0.951 0.951 0.952 3 * 3 5 7
7.0 0.965 0.965 0.965 3 * 3 5 7
7.5 0.972 0.972 0.973 3 * 3 5 7
8.0 0.975 0.975 0.976 3 * 3 5 7
8.5 0.980 0.980 0.981 3 * 3 5 7
9.0 0.988 0.988 0.989 3 * 3 5 7
9.5 0.987 0.987 0.987 3 * 3 5 7
10.0 0.990 0.990 0.991 3 * 3 5 7
0.5 0.000 0.000 0.000 1 * 2
1.0 0.000 0.000 0.000 1 * 1
1.5 0.247 0.201 0.172 1 * 3
2.0 0.455 0.371 0.315 1 * 3
2.5 0.472 0.459 0.431 2 * 3 5
3.0 0.613 0.596 0.563 2 * 3 5
3.5 0.729 0.710 0.671 2 * 3 5
4.0 0.770 0.770 0.750 3 * 3 5 7
4.5 0.840 0.840 0.833 3 * 3 5 7
5.0 0.897 0.897 0.897 3 * 3 5 7
5.5 0.921 0.921 0.920 3 * 3 5 7
6.0 0.939 0.939 0.939 3 * 3 5 7
6.5 0.950 0.950 0.951 3 * 3 5 7
7.0 0.962 0.962 0.962 3 * 3 5 7
7.5 0.968 0.968 0.969 3 * 3 5 7
8.0 0.974 0.974 0.974 3 * 3 5 7
8.5 0.982 0.982 0.983 3 * 3 5 7
9.0 0.985 0.985 0.986 3 * 3 5 7
9.5 0.989 0.989 0.989 3 * 3 5 7
10.0 0.989 0.989 0.990 3 * 3 5 7
0.5 0.000 0.000 0.000 1 * 1
1.0 0.024 0.019 0.017 1 * 2
1.5 0.250 0.203 0.173 1 * 3
2.0 0.449 0.366 0.311 1 * 3
2.5 0.447 0.433 0.404 2 * 3 5
3.0 0.586 0.570 0.537 2 * 3 5
3.5 0.740 0.721 0.682 2 * 3 5
4.0 0.719 0.719 0.694 3 * 3 5 7
4.5 0.849 0.849 0.841 3 * 3 5 7
5.0 0.895 0.895 0.891 3 * 3 5 7
5.5 0.919 0.919 0.920 3 * 3 5 7
6.0 0.937 0.937 0.936 3 * 3 5 7
6.5 0.954 0.954 0.955 3 * 3 5 7
7.0 0.965 0.965 0.966 3 * 3 5 7
7.5 0.973 0.973 0.974 3 * 3 5 7
8.0 0.977 0.977 0.978 3 * 3 5 7
8.5 0.982 0.982 0.982 3 * 3 5 7
9.0 0.980 0.980 0.982 3 * 3 5 7
9.5 0.990 0.990 0.991 3 * 3 5 7
10.0 0.990 0.990 0.990 3 * 3 5 7
0.5 0.000 0.000 0.000 1 * 1
1.0 0.000 0.000 0.000 1 * 1
1.5 0.255 0.208 0.177 1 * 3
2.0 0.441 0.359 0.306 1 * 3
2.5 0.429 0.413 0.383 2 * 3 5
3.0 0.613 0.597 0.564 2 * 3 5
3.5 0.726 0.707 0.669 2 * 3 5
4.0 0.745 0.745 0.724 3 * 3 5 7
4.5 0.849 0.849 0.843 3 * 3 5 7
5.0 0.892 0.892 0.888 3 * 3 5 7
5.5 0.919 0.919 0.917 3 * 3 5 7
6.0 0.937 0.937 0.937 3 * 3 5 7
6.5 0.962 0.962 0.963 3 * 3 5 7
7.0 0.967 0.967 0.968 3 * 3 5 7
7.5 0.974 0.974 0.974 3 * 3 5 7
8.0 0.975 0.975 0.976 3 * 3 5 7
8.5 0.983 0.983 0.984 3 * 3 5 7
9.0 0.984 0.984 0.985 3 * 3 5 7
9.5 0.985 0.985 0.986 3 * 3 5 7
10.0 0.990 0.990 0.991 3 * 3 5 7
0.5 0.000 0.000 0.000 1 * 1
1.0 0.000 0.000 0.000 1 * 1
1.5 0.264 0.215 0.183 1 * 3
2.0 0.456 0.371 0.316 1 * 3
2.5 0.449 0.434 0.415 1 * 4
3.0 0.607 0.592 0.562 2 * 3 5
3.5 0.656 0.637 0.601 2 * 3 6
4.0 0.767 0.767 0.749 3 * 3 5 7
4.5 0.838 0.838 0.828 3 * 3 5 7
5.0 0.886 0.886 0.884 3 * 3 5 7
5.5 0.926 0.926 0.925 3 * 3 5 7
6.0 0.938 0.938 0.938 3 * 3 5 7
6.5 0.953 0.953 0.953 3 * 3 5 7
7.0 0.963 0.963 0.963 3 * 3 5 7
7.5 0.971 0.971 0.971 3 * 3 5 7
8.0 0.979 0.979 0.979 3 * 3 5 7
8.5 0.979 0.979 0.980 3 * 3 5 7
9.0 0.987 0.987 0.988 3 * 3 5 7
9.5 0.985 0.985 0.986 3 * 3 5 7
10.0 0.990 0.990 0.991 3 * 3 5 7
0.5 -0.000 -0.000 -0.000 1 * 2
1.0 0.000 0.000 0.000 1 * 1
1.5 0.255 0.207 0.177 1 * 3
2.0 0.464 0.378 0.322 1 * 3
2.5 0.452 0.437 0.408 2 * 3 5
3.0 0.616 0.599 0.565 2 * 3 5
3.5 0.647 0.629 0.594 2 * 3 6
4.0 0.743 0.743 0.721 3 * 3 5 7
4.5 0.849 0.849 0.842 3 * 3 5 7
5.0 0.893 0.893 0.891 3 * 3 5 7
5.5 0.921 0.921 0.920 3 * 3 5 7
6.0 0.942 0.942 0.942 3 * 3 5 7
6.5 0.956 0.956 0.956 3 * 3 5 7
7.0 0.964 0.964 0.964 3 * 3 5 7
7.5 0.971 0.971 0.972 3 * 3 5 7
8.0 0.980 0.980 0.981 3 * 3 5 7
8.5 0.981 0.981 0.982 3 * 3 5 7
9.0 0.981 0.981 0.982 3 * 3 5 7
9.5 0.989 0.989 0.989 3 * 3 5 7
10.0 0.939 0.955 0.858 3 * 3 5 8
0.5 0.000 0.000 0.000 1 * 1
1.0 0.000 0.000 0.000 1 * 1
1.5 0.254 0.207 0.176 1 * 3
2.0 0.449 0.365 0.311 1 * 3
2.5 0.442 0.427 0.408 1 * 4
3.0 0.601 0.584 0.549 2 * 3 5
3.5 0.733 0.713 0.672 2 * 3 5
4.0 0.739 0.739 0.713 3 * 3 5 7
4.5 0.858 0.858 0.852 3 * 3 5 7
5.0 0.884 0.884 0.881 3 * 3 5 7
5.5 0.913 0.913 0.911 3 * 3 5 7
6.0 0.936 0.936 0.935 3 * 3 5 7
6.5 0.956 0.956 0.957 3 * 3 5 7
7.0 0.967 0.967 0.968 3 * 3 5 7
7.5 0.977 0.977 0.977 3 * 3 5 7
8.0 0.979 0.979 0.980 3 * 3 5 7
8.5 0.981 0.981 0.982 3 * 3 5 7
9.0 0.986 0.986 0.987 3 * 3 5 7
9.5 0.985 0.985 0.985 3 * 3 5 7
10.0 0.989 0.989 0.989 3 * 3 5 7
0.5 0.000 0.000 0.000 1 * 1
1.0 0.000 0.000 0.000 1 * 1
1.5 0.235 0.191 0.163 1 * 3
2.0 0.445 0.363 0.309 1 * 3
2.5 0.447 0.434 0.406 2 * 3 5
3.0 0.611 0.595 0.563 2 * 3 5
3.5 0.723 0.704 0.665 2 * 3 5
4.0 0.736 0.736 0.714 3 * 3 5 7
4.5 0.840 0.840 0.832 3 * 3 5 7
5.0 0.891 0.891 0.888 3 * 3 5 7
5.5 0.924 0.924 0.922 3 * 3 5 7
6.0 0.938 0.938 0.938 3 * 3 5 7
6.5 0.956 0.956 0.955 3 * 3 5 7
7.0 0.962 0.962 0.963 3 * 3 5 7
7.5 0.972 0.972 0.971 3 * 3 5 7
8.0 0.973 0.973 0.973 3 * 3 5 7
8.5 0.978 0.978 0.978 3 * 3 5 7
9.0 0.985 0.985 0.986 3 * 3 5 7
9.5 0.987 0.987 0.988 3 * 3 5 7
10.0 0.990 0.990 0.990 3 * 3 5 7
0.5 0.000 0.000 0.000 1 * 1
1.0 0.023 0.019 0.016 1 * 2
1.5 0.269 0.219 0.186 1 * 3
2.0 0.420 0.342 0.291 1 * 3
2.5 0.469 0.455 0.427 2 * 3 5
3.0 0.618 0.600 0.566 2 * 3 5
3.5 0.735 0.714 0.674 2 * 3 5
4.0 0.696 0.670 0.640 2 * 3 7
4.5 0.841 0.841 0.831 3 * 3 5 7
5.0 0.895 0.895 0.893 3 * 3 5 7
5.5 0.924 0.924 0.924 3 * 3 5 7
6.0 0.872 0.886 0.798 3 * 3 5 8
6.5 0.951 0.951 0.952 3 * 3 5 7
7.0 0.968 0.968 0.967 3 * 3 5 7
7.5 0.969 0.969 0.970 3 * 3 5 7
8.0 0.977 0.977 0.976 3 * 3 5 7
8.5 0.985 0.985 0.985 3 * 3 5 7
9.0 0.983 0.983 0.984 3 * 3 5 7
9.5 0.989 0.989 0.989 3 * 3 5 7
10.0 0.987 0.987 0.988 3 * 3 5 7
0.5 0.001 0.001 0.001 1 * 2
1.0 0.000 0.000 0.000 1 * 1
1.5 0.271 0.221 0.188 1 * 3
2.0 0.444 0.361 0.307 1 * 3
2.5 0.454 0.441 0.415 2 * 3 5
3.0 0.589 0.572 0.538 2 * 3 5
3.5 0.736 0.715 0.675 2 * 3 5
4.0 0.726 0.726 0.699 3 * 3 5 7
4.5 0.836 0.836 0.825 3 * 3 5 7
5.0 0.896 0.896 0.894 3 * 3 5 7
5.5 0.920 0.920 0.920 3 * 3 5 7
6.0 0.940 0.940 0.938 3 * 3 5 7
6.5 0.957 0.957 0.957 3 * 3 5 7
7.0 0.963 0.963 0.963 3 * 3 5 7
7.5 0.974 0.974 0.975 3 * 3 5 7
8.0 0.975 0.975 0.976 3 * 3 5 7
8.5 0.984 0.984 0.985 3 * 3 5 7
9.0 0.985 0.985 0.985 3 * 3 5 7
9.5 0.983 0.983 0.984 3 * 3 5 7
10.0 0.991 0.991 0.991 3 * 3 5 7
0.5 0.000 0.000 0.000 1 * 1
1.0 0.000 0.000 0.000 1 * 1
1.5 0.254 0.207 0.176 1 * 3
2.0 0.433 0.353 0.300 1 * 3
2.5 0.458 0.443 0.415 2 * 3 5
3.0 0.616 0.600 0.568 2 * 3 5
3.5 0.715 0.695 0.656 2 * 3 5
4.0 0.734 0.734 0.711 3 * 3 5 7
4.5 0.846 0.846 0.840 3 * 3 5 7
5.0 0.888 0.888 0.886 3 * 3 5 7
5.5 0.918 0.918 0.917 3 * 3 5 7
6.0 0.934 0.934 0.934 3 * 3 5 7
6.5 0.950 0.950 0.949 3 * 3 5 7
7.0 0.963 0.963 0.964 3 * 3 5 7
7.5 0.969 0.969 0.971 3 * 3 5 7
8.0 0.978 0.978 0.979 3 * 3 5 7
8.5 0.981 0.981 0.981 3 * 3 5 7
9.0 0.981 0.981 0.982 3 * 3 5 7
9.5 0.986 0.986 0.986 3 * 3 5 7
10.0 0.988 0.988 0.989 3 * 3 5 7
0.5 -0.000 -0.000 -0.000 1 * 2
1.0 0.000 0.000 0.000 1 * 1
1.5 0.255 0.208 0.177 1 * 3
2.0 0.440 0.358 0.305 1 * 3
2.5 0.453 0.439 0.410 2 * 3 5
3.0 0.619 0.601 0.566 2 * 3 5
3.5 0.648 0.636 0.630 2 * 3 6
4.0 0.744 0.744 0.723 3 * 3 5 7
4.5 0.840 0.840 0.831 3 * 3 5 7
5.0 0.905 0.905 0.901 3 * 3 5 7
5.5 0.919 0.919 0.920 3 * 3 5 7
6.0 0.939 0.939 0.941 3 * 3 5 7
6.5 0.952 0.952 0.952 3 * 3 5 7
7.0 0.967 0.967 0.967 3 * 3 5 7
7.5 0.969 0.969 0.970 3 * 3 5 7
8.0 0.976 0.976 0.977 3 * 3 5 7
8.5 0.983 0.983 0.983 3 * 3 5 7
9.0 0.984 0.984 0.985 3 * 3 5 7
9.5 0.986 0.986 0.987 3 * 3 5 7
10.0 0.988 0.988 0.988 3 * 3 5 7
0.5 0.000 0.000 0.000 1 * 1
1.0 0.022 0.018 0.016 1 * 2
1.5 0.269 0.219 0.187 1 * 3
2.0 0.437 0.356 0.302 1 * 3
2.5 0.429 0.417 0.397 1 * 4
3.0 0.590 0.573 0.538 2 * 3 5
3.5 0.732 0.712 0.674 2 * 3 5
4.0 0.754 0.739 0.729 2 * 3 6
4.5 0.844 0.844 0.834 3 * 3 5 7
5.0 0.891 0.891 0.890 3 * 3 5 7
5.5 0.916 0.916 0.914 3 * 3 5 7
6.0 0.939 0.939 0.939 3 * 3 5 7
6.5 0.950 0.950 0.950 3 * 3 5 7
7.0 0.963 0.963 0.963 3 * 3 5 7
7.5 0.971 0.971 0.972 3 * 3 5 7
8.0 0.979 0.979 0.980 3 * 3 5 7
8.5 0.982 0.982 0.983 3 * 3 5 7
9.0 0.982 0.982 0.983 3 * 3 5 7
9.5 0.989 0.989 0.989 3 * 3 5 7
10.0 0.990 0.990 0.991 3 * 3 5 7
0.5 0.000 0.000 0.000 1 * 1
1.0 0.000 0.000 0.000 1 * 1
1.5 0.241 0.197 0.168 1 * 3
2.0 0.449 0.366 0.311 1 * 3
2.5 0.474 0.460 0.432 2 * 3 5
3.0 0.603 0.586 0.553 2 * 3 5
3.5 0.741 0.721 0.681 2 * 3 5
4.0 0.752 0.752 0.733 3 * 3 5 7
4.5 0.837 0.837 0.830 3 * 3 5 7
5.0 0.897 0.897 0.896 3 * 3 5 7
5.5 0.842 0.857 0.771 3 * 3 5 8
6.0 0.938 0.938 0.937 3 * 3 5 7
6.5 0.954 0.954 0.955 3 * 3 5 7
7.0 0.967 0.967 0.967 3 * 3 5 7
7.5 0.969 0.969 0.969 3 * 3 5 7
8.0 0.978 0.978 0.978 3 * 3 5 7
8.5 0.979 0.979 0.980 3 * 3 5 7
9.0 0.986 0.986 0.986 3 * 3 5 7
9.5 0.989 0.989 0.989 3 * 3 5 7
10.0 0.991 0.991 0.992 3 * 3 5 7
0.5 0.000 0.000 0.000 1 * 1
1.0 0.000 0.000 0.000 1 * 1
1.5 0.248 0.202 0.172 1 * 3
2.0 0.454 0.369 0.314 1 * 3
2.5 0.440 0.425 0.406 1 * 4
3.0 0.617 0.600 0.567 2 * 3 5
3.5 0.649 0.630 0.593 2 * 3 6
4.0 0.760 0.747 0.737 2 * 3 6
4.5 0.845 0.845 0.838 3 * 3 5 7
5.0 0.900 0.900 0.898 3 * 3 5 7
5.5 0.918 0.918 0.919 3 * 3 5 7
6.0 0.943 0.943 0.942 3 * 3 5 7
6.5 0.954 0.954 0.955 3 * 3 5 7
7.0 0.956 0.956 0.956 3 * 3 5 7
7.5 0.970 0.970 0.971 3 * 3 5 7
8.0 0.976 0.976 0.976 3 * 3 5 7
8.5 0.977 0.977 0.978 3 * 3 5 7
9.0 0.986 0.986 0.987 3 * 3 5 7
9.5 0.988 0.988 0.988 3 * 3 5 7
10.0 0.989 0.989 0.990 3 * 3 5 7
0.5 0.000 0.000 0.000 1 * 1
1.0 0.000 0.000 0.000 1 * 1
1.5 0.249 0.203 0.172 1 * 3
2.0 0.448 0.365 0.311 1 * 3
2.5 0.475 0.462 0.436 2 * 3 5
3.0 0.616 0.599 0.564 2 * 3 5
3.5 0.733 0.713 0.674 2 * 3 5
4.0 0.750 0.750 0.729 3 * 3 5 7
4.5 0.829 0.829 0.820 3 * 3 5 7
5.0 0.882 0.882 0.881 3 * 3 5 7
5.5 0.918 0.918 0.917 3 * 3 5 7
6.0 0.938 0.938 0.939 3 * 3 5 7
6.5 0.958 0.958 0.958 3 * 3 5 7
7.0 0.964 0.964 0.965 3 * 3 5 7
7.5 0.971 0.971 0.972 3 * 3 5 7
8.0 0.976 0.976 0.976 3 * 3 5 7
8.5 0.982 0.982 0.982 3 * 3 5 7
9.0 0.986 0.986 0.987 3 * 3 5 7
9.5 0.989 0.989 0.990 3 * 3 5 7
10.0 0.991 0.991 0.991 3 * 3 5 7
