0.5 0.000 0.000 0.000 1 * 1
1.0 0.000 0.000 0.000 1 * 1
1.5 0.255 0.156 0.086 1 * 3
2.0 0.442 0.271 0.148 1 * 3
2.5 0.382 0.326 0.212 2 * 3 7
3.0 0.626 0.549 0.394 2 * 3 9
3.5 0.670 0.624 0.474 3 * 3 9 12
4.0 0.729 0.729 0.610 3 * 3 9 18
4.5 0.836 0.836 0.797 3 * 3 9 25
5.0 0.907 0.907 0.895 3 * 3 9 27
5.5 0.936 0.936 0.928 3 * 3 9 27
6.0 0.960 0.960 0.956 3 * 3 9 27
6.5 0.975 0.975 0.971 3 * 3 9 27
7.0 0.985 0.985 0.982 3 * 3 9 27
7.5 0.987 0.987 0.987 3 * 3 9 27
8.0 0.993 0.993 0.991 3 * 3 9 27
8.5 0.996 0.996 0.995 3 * 3 9 27
9.0 0.997 0.997 0.995 3 * 3 9 27
9.5 0.998 0.998 0.997 3 * 3 9 27
10.0 0.998 0.998 0.998 3 * 3 9 27
0.5 0.000 0.000 0.000 1 * 1
1.0 0.000 0.000 0.000 1 * 1
1.5 0.271 0.166 0.091 1 * 3
2.0 0.440 0.269 0.147 1 * 3
2.5 0.412 0.353 0.235 2 * 3 8
3.0 0.575 0.511 0.382 2 * 3 10
3.5 0.662 0.624 0.473 3 * 3 9 13
4.0 0.724 0.724 0.619 3 * 3 9 19
4.5 0.836 0.836 0.805 3 * 3 9 26
5.0 0.905 0.905 0.893 3 * 3 9 27
5.5 0.942 0.942 0.935 3 * 3 9 27
6.0 0.961 0.961 0.955 3 * 3 9 27
6.5 0.975 0.975 0.972 3 * 3 9 27
7.0 0.984 0.984 0.981 3 * 3 9 27
7.5 0.991 0.991 0.990 3 * 3 9 27
8.0 0.994 0.994 0.992 3 * 3 9 27
8.5 0.997 0.997 0.996 3 * 3 9 27
9.0 0.997 0.997 0.996 3 * 3 9 27
9.5 0.998 0.998 0.998 3 * 3 9 27
10.0 0.999 0.999 0.998 3 * 3 9 27
0.5 0.000 0.000 0.000 1 * 1
1.0 0.000 0.000 0.000 1 * 1
1.5 0.241 0.147 0.080 1 * 3
2.0 0.432 0.264 0.145 1 * 3
2.5 0.402 0.342 0.221 2 * 3 7
3.0 0.602 0.527 0.377 2 * 3 9
3.5 0.664 0.618 0.470 3 * 3 9 12
4.0 0.719 0.719 0.607 3 * 3 9 18
4.5 0.831 0.831 0.791 3 * 3 9 25
5.0 0.905 0.905 0.897 3 * 3 9 27
5.5 0.937 0.937 0.922 3 * 3 9 27
6.0 0.962 0.962 0.955 3 * 3 9 27
6.5 0.973 0.973 0.970 3 * 3 9 27
7.0 0.984 0.984 0.981 3 * 3 9 27
7.5 0.986 0.986 0.984 3 * 3 9 27
8.0 0.992 0.992 0.990 3 * 3 9 27
8.5 0.996 0.996 0.995 3 * 3 9 27
9.0 0.998 0.998 0.997 3 * 3 9 27
9.5 0.997 0.997 0.996 3 * 3 9 27
10.0 1.000 1.000 0.999 3 * 3 9 27
0.5 0.000 0.000 0.000 1 * 1
1.0 0.000 0.000 0.000 1 * 1
1.5 0.217 0.133 0.073 1 * 3
2.0 0.297 0.206 0.130 1 * 4
2.5 0.386 0.330 0.216 2 * 3 7
3.0 0.604 0.530 0.381 2 * 3 9
3.5 0.684 0.615 0.477 2 * 3 11
4.0 0.716 0.716 0.605 3 * 3 9 18
4.5 0.842 0.842 0.812 3 * 3 9 26
5.0 0.911 0.911 0.899 3 * 3 9 27
5.5 0.938 0.938 0.932 3 * 3 9 27
6.0 0.957 0.957 0.954 3 * 3 9 27
6.5 0.977 0.977 0.973 3 * 3 9 27
7.0 0.982 0.982 0.980 3 * 3 9 27
7.5 0.989 0.989 0.986 3 * 3 9 27
8.0 0.994 0.994 0.993 3 * 3 9 27
8.5 0.995 0.995 0.995 3 * 3 9 27
9.0 0.997 0.997 0.996 3 * 3 9 27
9.5 0.998 0.998 0.998 3 * 3 9 27
10.0 0.999 0.999 0.999 3 * 3 9 27
0.5 0.000 0.000 0.000 1 * 1
1.0 0.000 0.000 0.000 1 * 1
1.5 0.241 0.147 0.081 1 * 3
2.0 0.440 0.269 0.147 1 * 3
2.5 0.394 0.334 0.215 2 * 3 7
3.0 0.613 0.539 0.390 2 * 3 9
3.5 0.637 0.579 0.461 2 * 3 12
4.0 0.714 0.714 0.608 3 * 3 9 19
4.5 0.838 0.838 0.809 3 * 3 9 26
5.0 0.905 0.905 0.893 3 * 3 9 27
5.5 0.939 0.939 0.931 3 * 3 9 27
6.0 0.957 0.957 0.952 3 * 3 9 27
6.5 0.971 0.971 0.968 3 * 3 9 27
7.0 0.983 0.983 0.980 3 * 3 9 27
7.5 0.990 0.990 0.987 3 * 3 9 27
8.0 0.994 0.994 0.993 3 * 3 9 27
8.5 0.995 0.995 0.994 3 * 3 9 27
9.0 0.997 0.997 0.996 3 * 3 9 27
9.5 0.999 0.999 0.998 3 * 3 9 27
10.0 0.999 0.999 0.999 3 * 3 9 27
0.5 0.000 0.000 0.000 1 * 1
1.0 0.015 0.009 0.005 1 * 2
1.5 0.258 0.158 0.086 1 * 3
2.0 0.455 0.278 0.152 1 * 3
2.5 0.398 0.339 0.221 2 * 3 7
3.0 0.607 0.532 0.382 2 * 3 9
3.5 0.680 0.634 0.481 3 * 3 9 12
4.0 0.731 0.731 0.626 3 * 3 9 19
4.5 0.848 0.848 0.819 3 * 3 9 26
5.0 0.901 0.901 0.890 3 * 3 9 27
5.5 0.939 0.939 0.934 3 * 3 9 27
6.0 0.960 0.960 0.956 3 * 3 9 27
6.5 0.976 0.976 0.972 3 * 3 9 27
7.0 0.984 0.984 0.982 3 * 3 9 27
7.5 0.990 0.990 0.989 3 * 3 9 27
8.0 0.994 0.994 0.992 3 * 3 9 27
8.5 0.997 0.997 0.996 3 * 3 9 27
9.0 0.998 0.998 0.997 3 * 3 9 27
9.5 0.998 0.998 0.997 3 * 3 9 27
10.0 0.998 0.998 0.998 3 * 3 9 27
0.5 0.000 0.000 0.000 1 * 1
1.0 0.019 0.012 0.007 1 * 2
1.5 0.239 0.146 0.080 1 * 3
2.0 0.436 0.267 0.146 1 * 3
2.5 0.396 0.332 0.203 2 * 3 6
3.0 0.596 0.521 0.372 2 * 3 9
3.5 0.674 0.620 0.467 3 * 3 9 11
4.0 0.725 0.725 0.618 3 * 3 9 19
4.5 0.845 0.845 0.816 3 * 3 9 26
5.0 0.905 0.905 0.892 3 * 3 9 27
5.5 0.938 0.938 0.932 3 * 3 9 27
6.0 0.962 0.962 0.956 3 * 3 9 27
6.5 0.972 0.972 0.969 3 * 3 9 27
7.0 0.984 0.984 0.981 3 * 3 9 27
7.5 0.989 0.989 0.987 3 * 3 9 27
8.0 0.994 0.994 0.993 3 * 3 9 27
8.5 0.995 0.995 0.994 3 * 3 9 27
9.0 0.997 0.997 0.997 3 * 3 9 27
9.5 0.999 0.999 0.998 3 * 3 9 27
10.0 0.998 0.998 0.998 3 * 3 9 27
0.5 0.000 0.000 0.000 1 * 1
1.0 0.000 0.000 0.000 1 * 1
1.5 0.236 0.144 0.079 1 * 3
2.0 0.306 0.212 0.133 1 * 4
2.5 0.395 0.335 0.216 2 * 3 7
3.0 0.576 0.512 0.382 2 * 3 10
3.5 0.631 0.570 0.449 2 * 3 11
4.0 0.734 0.734 0.624 3 * 3 9 19
4.5 0.851 0.851 0.825 3 * 3 9 26
5.0 0.898 0.898 0.887 3 * 3 9 27
5.5 0.942 0.942 0.935 3 * 3 9 27
6.0 0.962 0.962 0.955 3 * 3 9 27
6.5 0.975 0.975 0.974 3 * 3 9 27
7.0 0.984 0.984 0.981 3 * 3 9 27
7.5 0.988 0.988 0.986 3 * 3 9 27
8.0 0.991 0.991 0.991 3 * 3 9 27
8.5 0.995 0.995 0.994 3 * 3 9 27
9.0 0.997 0.997 0.996 3 * 3 9 27
9.5 0.998 0.998 0.997 3 * 3 9 27
10.0 0.999 0.999 0.998 3 * 3 9 27
0.5 0.000 0.000 0.000 1 * 1
1.0 0.000 0.000 0.000 1 * 1
1.5 0.257 0.157 0.086 1 * 3
2.0 0.469 0.287 0.157 1 * 3
2.5 0.410 0.352 0.235 2 * 3 8
3.0 0.612 0.537 0.386 2 * 3 9
3.5 0.623 0.569 0.461 2 * 3 12
4.0 0.716 0.716 0.604 3 * 3 9 18
4.5 0.847 0.847 0.805 3 * 3 9 25
5.0 0.908 0.908 0.896 3 * 3 9 27
5.5 0.938 0.938 0.931 3 * 3 9 27
6.0 0.960 0.960 0.955 3 * 3 9 27
6.5 0.972 0.972 0.970 3 * 3 9 27
7.0 0.983 0.983 0.981 3 * 3 9 27
7.5 0.991 0.991 0.989 3 * 3 9 27
8.0 0.993 0.993 0.992 3 * 3 9 27
8.5 0.996 0.996 0.995 3 * 3 9 27
9.0 0.997 0.997 0.996 3 * 3 9 27
9.5 0.998 0.998 0.998 3 * 3 9 27
10.0 0.999 0.999 0.999 3 * 3 9 27
0.5 0.000 0.000 0.000 1 * 1
1.0 0.013 0.008 0.005 1 * 2
1.5 0.235 0.144 0.079 1 * 3
2.0 0.444 0.271 0.148 1 * 3
2.5 0.395 0.335 0.216 2 * 3 7
3.0 0.619 0.543 0.392 2 * 3 9
3.5 0.672 0.633 0.483 3 * 3 9 13
4.0 0.733 0.733 0.636 3 * 3 9 20
4.5 0.845 0.845 0.816 3 * 3 9 26
5.0 0.906 0.906 0.895 3 * 3 9 27
5.5 0.939 0.939 0.932 3 * 3 9 27
6.0 0.964 0.964 0.959 3 * 3 9 27
6.5 0.975 0.975 0.972 3 * 3 9 27
7.0 0.983 0.983 0.982 3 * 3 9 27
7.5 0.989 0.989 0.987 3 * 3 9 27
8.0 0.993 0.993 0.992 3 * 3 9 27
8.5 0.996 0.996 0.995 3 * 3 9 27
9.0 0.997 0.997 0.996 3 * 3 9 27
9.5 0.999 0.999 0.998 3 * 3 9 27
10.0 0.999 0.999 0.998 3 * 3 9 27
0.5 0.000 0.000 0.000 1 * 1
1.0 0.000 0.000 0.000 1 * 1
1.5 0.229 0.141 0.077 1 * 3
2.0 0.420 0.257 0.141 1 * 3
2.5 0.399 0.340 0.221 2 * 3 7
3.0 0.616 0.539 0.386 2 * 3 9
3.5 0.667 0.628 0.476 3 * 3 9 13
4.0 0.724 0.724 0.623 3 * 3 9 19
4.5 0.836 0.836 0.796 3 * 3 9 25
5.0 0.908 0.908 0.897 3 * 3 9 27
5.5 0.942 0.942 0.933 3 * 3 9 27
6.0 0.965 0.965 0.960 3 * 3 9 27
6.5 0.973 0.973 0.970 3 * 3 9 27
7.0 0.981 0.981 0.979 3 * 3 9 27
7.5 0.990 0.990 0.988 3 * 3 9 27
8.0 0.993 0.993 0.992 3 * 3 9 27
8.5 0.995 0.995 0.994 3 * 3 9 27
9.0 0.998 0.998 0.997 3 * 3 9 27
9.5 0.999 0.999 0.998 3 * 3 9 27
10.0 0.999 0.999 0.998 3 * 3 9 27
0.5 0.000 0.000 0.000 1 * 1
1.0 0.000 0.000 0.000 1 * 1
1.5 0.247 0.151 0.083 1 * 3
2.0 0.304 0.210 0.131 1 * 4
2.5 0.397 0.337 0.219 2 * 3 7
3.0 0.608 0.533 0.383 2 * 3 9
3.5 0.681 0.627 0.471 3 * 3 9 11
4.0 0.732 0.732 0.635 3 * 3 9 20
4.5 0.837 0.837 0.796 3 * 3 9 25
5.0 0.903 0.903 0.893 3 * 3 9 27
5.5 0.937 0.937 0.931 3 * 3 9 27
6.0 0.960 0.960 0.955 3 * 3 9 27
6.5 0.974 0.974 0.971 3 * 3 9 27
7.0 0.980 0.980 0.980 3 * 3 9 27
7.5 0.989 0.989 0.987 3 * 3 9 27
8.0 0.994 0.994 0.992 3 * 3 9 27
8.5 0.996 0.996 0.995 3 * 3 9 27
9.0 0.998 0.998 0.996 3 * 3 9 27
9.5 0.998 0.998 0.997 3 * 3 9 27
10.0 0.999 0.999 0.998 3 * 3 9 27
0.5 0.000 0.000 0.000 1 * 1
1.0 0.000 0.000 0.000 1 * 1
1.5 0.260 0.159 0.087 1 * 3
2.0 0.301 0.209 0.131 1 * 4
2.5 0.374 0.316 0.199 2 * 3 7
3.0 0.622 0.545 0.392 2 * 3 9
3.5 0.673 0.630 0.483 3 * 3 9 12
4.0 0.720 0.720 0.604 3 * 3 9 18
4.5 0.847 0.847 0.817 3 * 3 9 26
5.0 0.903 0.903 0.892 3 * 3 9 27
5.5 0.942 0.942 0.932 3 * 3 9 27
6.0 0.958 0.958 0.954 3 * 3 9 27
6.5 0.974 0.974 0.970 3 * 3 9 27
7.0 0.983 0.983 0.981 3 * 3 9 27
7.5 0.989 0.989 0.987 3 * 3 9 27
8.0 0.992 0.992 0.992 3 * 3 9 27
8.5 0.997 0.997 0.995 3 * 3 9 27
9.0 0.996 0.996 0.995 3 * 3 9 27
9.5 0.998 0.998 0.998 3 * 3 9 27
10.0 0.999 0.999 0.998 3 * 3 9 27
0.5 0.000 0.000 0.000 1 * 1
1.0 0.000 0.000 0.000 1 * 1
1.5 0.250 0.153 0.084 1 * 3
2.0 0.243 0.187 0.128 1 * 5
2.5 0.410 0.344 0.212 2 * 3 6
3.0 0.612 0.537 0.388 2 * 3 9
3.5 0.665 0.620 0.471 3 * 3 9 12
4.0 0.726 0.726 0.613 3 * 3 9 18
4.5 0.839 0.839 0.807 3 * 3 9 26
5.0 0.904 0.904 0.892 3 * 3 9 27
5.5 0.939 0.939 0.929 3 * 3 9 27
6.0 0.959 0.959 0.954 3 * 3 9 27
6.5 0.974 0.974 0.971 3 * 3 9 27
7.0 0.983 0.983 0.980 3 * 3 9 27
7.5 0.991 0.991 0.989 3 * 3 9 27
8.0 0.993 0.993 0.991 3 * 3 9 27
8.5 0.996 0.996 0.995 3 * 3 9 27
9.0 0.998 0.998 0.997 3 * 3 9 27
9.5 0.999 0.999 0.998 3 * 3 9 27
10.0 0.998 0.998 0.998 3 * 3 9 27
0.5 0.000 0.000 0.000 1 * 1
1.0 0.000 0.000 0.000 1 * 1
1.5 0.262 0.161 0.088 1 * 3
2.0 0.424 0.259 0.142 1 * 3
2.5 0.386 0.325 0.203 2 * 3 6
3.0 0.613 0.537 0.386 2 * 3 9
3.5 0.654 0.610 0.466 3 * 3 9 12
4.0 0.729 0.729 0.622 3 * 3 9 19
4.5 0.861 0.861 0.842 3 * 3 9 27
5.0 0.904 0.904 0.893 3 * 3 9 27
5.5 0.936 0.936 0.927 3 * 3 9 27
6.0 0.962 0.962 0.957 3 * 3 9 27
6.5 0.974 0.974 0.970 3 * 3 9 27
7.0 0.983 0.983 0.982 3 * 3 9 27
7.5 0.989 0.989 0.987 3 * 3 9 27
8.0 0.993 0.993 0.991 3 * 3 9 27
8.5 0.995 0.995 0.994 3 * 3 9 27
9.0 0.996 0.996 0.996 3 * 3 9 27
9.5 0.998 0.998 0.997 3 * 3 9 27
10.0 0.998 0.998 0.998 3 * 3 9 27
0.5 0.000 0.000 0.000 1 * 1
1.0 0.000 0.000 0.000 1 * 1
1.5 0.243 0.149 0.082 1 * 3
2.0 0.442 0.270 0.148 1 * 3
2.5 0.376 0.312 0.190 2 * 3 6
3.0 0.601 0.526 0.377 2 * 3 9
3.5 0.669 0.625 0.475 3 * 3 9 12
4.0 0.728 0.728 0.625 3 * 3 9 19
4.5 0.850 0.850 0.834 3 * 3 9 27
5.0 0.901 0.901 0.888 3 * 3 9 27
5.5 0.937 0.937 0.930 3 * 3 9 27
6.0 0.960 0.960 0.956 3 * 3 9 27
6.5 0.974 0.974 0.971 3 * 3 9 27
7.0 0.985 0.985 0.981 3 * 3 9 27
7.5 0.989 0.989 0.987 3 * 3 9 27
8.0 0.992 0.992 0.991 3 * 3 9 27
8.5 0.995 0.995 0.994 3 * 3 9 27
9.0 0.998 0.998 0.997 3 * 3 9 27
9.5 0.998 0.998 0.997 3 * 3 9 27
10.0 0.998 0.998 0.998 3 * 3 9 27
0.5 0.000 0.000 0.000 1 * 1
1.0 0.000 0.000 0.000 1 * 1
1.5 0.249 0.153 0.084 1 * 3
2.0 0.438 0.268 0.146 1 * 3
2.5 0.391 0.333 0.216 2 * 3 7
3.0 0.589 0.516 0.369 2 * 3 9
3.5 0.677 0.630 0.476 3 * 3 9 12
4.0 0.733 0.733 0.638 3 * 3 9 20
4.5 0.841 0.841 0.813 3 * 3 9 26
5.0 0.904 0.904 0.891 3 * 3 9 27
5.5 0.936 0.936 0.928 3 * 3 9 27
6.0 0.960 0.960 0.956 3 * 3 9 27
6.5 0.972 0.972 0.969 3 * 3 9 27
7.0 0.983 0.983 0.981 3 * 3 9 27
7.5 0.990 0.990 0.989 3 * 3 9 27
8.0 0.994 0.994 0.992 3 * 3 9 27
8.5 0.996 0.996 0.995 3 * 3 9 27
9.0 0.998 0.998 0.998 3 * 3 9 27
9.5 0.999 0.999 0.998 3 * 3 9 27
10.0 0.999 0.999 0.999 3 * 3 9 27
0.5 0.000 0.000 0.000 1 * 1
1.0 0.000 0.000 0.000 1 * 1
1.5 0.245 0.150 0.082 1 * 3
2.0 0.307 0.215 0.136 1 * 4
2.5 0.401 0.341 0.220 2 * 3 7
3.0 0.608 0.534 0.384 2 * 3 9
3.5 0.668 0.631 0.482 3 * 3 9 13
4.0 0.726 0.726 0.610 3 * 3 9 18
4.5 0.855 0.855 0.826 3 * 3 9 26
5.0 0.911 0.911 0.898 3 * 3 9 27
5.5 0.941 0.941 0.932 3 * 3 9 27
6.0 0.963 0.963 0.958 3 * 3 9 27
6.5 0.978 0.978 0.974 3 * 3 9 27
7.0 0.983 0.983 0.981 3 * 3 9 27
7.5 0.987 0.987 0.986 3 * 3 9 27
8.0 0.992 0.992 0.992 3 * 3 9 27
8.5 0.996 0.996 0.995 3 * 3 9 27
9.0 0.998 0.998 0.997 3 * 3 9 27
9.5 0.999 0.999 0.998 3 * 3 9 27
10.0 0.999 0.999 0.999 3 * 3 9 27
0.5 0.000 0.000 0.000 1 * 1
1.0 0.000 0.000 0.000 1 * 1
1.5 0.244 0.150 0.082 1 * 3
2.0 0.445 0.272 0.149 1 * 3
2.5 0.420 0.362 0.245 2 * 3 8
3.0 0.614 0.537 0.383 2 * 3 9
3.5 0.682 0.635 0.480 3 * 3 9 12
4.0 0.728 0.728 0.612 3 * 3 9 18
4.5 0.842 0.842 0.813 3 * 3 9 26
5.0 0.904 0.904 0.891 3 * 3 9 27
5.5 0.940 0.940 0.935 3 * 3 9 27
6.0 0.945 0.957 0.943 4 * 3 9 24 27
6.5 0.972 0.972 0.968 3 * 3 9 27
7.0 0.985 0.985 0.982 3 * 3 9 27
7.5 0.987 0.987 0.986 3 * 3 9 27
8.0 0.993 0.993 0.992 3 * 3 9 27
8.5 0.996 0.996 0.995 3 * 3 9 27
9.0 0.997 0.997 0.995 3 * 3 9 27
9.5 0.998 0.998 0.997 3 * 3 9 27
10.0 0.998 0.998 0.998 3 * 3 9 27
0.5 0.000 0.000 0.000 1 * 1
1.0 0.000 0.000 0.000 1 * 1
1.5 0.256 0.156 0.086 1 * 3
2.0 0.306 0.213 0.133 1 * 4
2.5 0.393 0.334 0.217 2 * 3 7
3.0 0.619 0.543 0.392 2 * 3 9
3.5 0.653 0.587 0.457 2 * 3 11
4.0 0.735 0.735 0.636 3 * 3 9 20
4.5 0.836 0.836 0.809 3 * 3 9 26
5.0 0.904 0.904 0.892 3 * 3 9 27
5.5 0.936 0.936 0.929 3 * 3 9 27
6.0 0.965 0.965 0.959 3 * 3 9 27
6.5 0.973 0.973 0.969 3 * 3 9 27
7.0 0.985 0.985 0.981 3 * 3 9 27
7.5 0.993 0.993 0.990 3 * 3 9 27
8.0 0.991 0.991 0.990 3 * 3 9 27
8.5 0.995 0.995 0.995 3 * 3 9 27
9.0 0.998 0.998 0.997 3 * 3 9 27
9.5 0.997 0.997 0.997 3 * 3 9 27
10.0 0.999 0.999 0.999 3 * 3 9 27
0.5 0.000 0.000 0.000 1 * 1
1.0 0.000 0.000 0.000 1 * 1
1.5 0.254 0.156 0.086 1 * 3
2.0 0.445 0.272 0.149 1 * 3
2.5 0.385 0.326 0.210 2 * 3 7
3.0 0.621 0.543 0.389 2 * 3 9
3.5 0.683 0.637 0.482 3 * 3 9 12
4.0 0.734 0.734 0.633 3 * 3 9 19
4.5 0.851 0.851 0.819 3 * 3 9 26
5.0 0.904 0.904 0.892 3 * 3 9 27
5.5 0.941 0.941 0.932 3 * 3 9 27
6.0 0.960 0.960 0.954 3 * 3 9 27
6.5 0.974 0.974 0.970 3 * 3 9 27
7.0 0.984 0.984 0.981 3 * 3 9 27
7.5 0.989 0.989 0.989 3 * 3 9 27
8.0 0.994 0.994 0.991 3 * 3 9 27
8.5 0.996 0.996 0.995 3 * 3 9 27
9.0 0.997 0.997 0.996 3 * 3 9 27
9.5 0.998 0.998 0.997 3 * 3 9 27
10.0 0.999 0.999 0.998 3 * 3 9 27
0.5 0.000 0.000 0.000 1 * 1
1.0 0.000 0.000 0.000 1 * 1
1.5 0.249 0.153 0.084 1 * 3
2.0 0.435 0.266 0.145 1 * 3
2.5 0.400 0.340 0.220 2 * 3 7
3.0 0.596 0.523 0.377 2 * 3 9
3.5 0.653 0.617 0.475 3 * 3 9 13
4.0 0.723 0.723 0.621 3 * 3 9 19
4.5 0.841 0.841 0.811 3 * 3 9 26
5.0 0.908 0.908 0.897 3 * 3 9 27
5.5 0.941 0.941 0.932 3 * 3 9 27
6.0 0.955 0.955 0.952 3 * 3 9 27
6.5 0.973 0.973 0.971 3 * 3 9 27
7.0 0.983 0.983 0.982 3 * 3 9 27
7.5 0.990 0.990 0.988 3 * 3 9 27
8.0 0.993 0.993 0.991 3 * 3 9 27
8.5 0.995 0.995 0.994 3 * 3 9 27
9.0 0.996 0.996 0.996 3 * 3 9 27
9.5 0.999 0.999 0.998 3 * 3 9 27
10.0 0.999 0.999 0.998 3 * 3 9 27
0.5 0.000 0.000 0.000 1 * 1
1.0 0.000 0.000 0.000 1 * 1
1.5 0.236 0.144 0.079 1 * 3
2.0 0.313 0.218 0.137 1 * 4
2.5 0.394 0.337 0.224 2 * 3 8
3.0 0.614 0.540 0.391 2 * 3 9
3.5 0.651 0.623 0.483 3 * 3 9 14
4.0 0.709 0.709 0.593 3 * 3 9 18
4.5 0.845 0.845 0.814 3 * 3 9 26
5.0 0.905 0.905 0.891 3 * 3 9 27
5.5 0.938 0.938 0.930 3 * 3 9 27
6.0 0.957 0.957 0.952 3 * 3 9 27
6.5 0.973 0.973 0.971 3 * 3 9 27
7.0 0.982 0.982 0.980 3 * 3 9 27
7.5 0.989 0.989 0.987 3 * 3 9 27
8.0 0.993 0.993 0.992 3 * 3 9 27
8.5 0.996 0.996 0.996 3 * 3 9 27
9.0 0.998 0.998 0.997 3 * 3 9 27
9.5 0.998 0.998 0.998 3 * 3 9 27
10.0 0.998 0.998 0.998 3 * 3 9 27
0.5 0.000 0.000 0.000 1 * 1
1.0 0.011 0.007 0.004 1 * 2
1.5 0.245 0.150 0.082 1 * 3
2.0 0.295 0.205 0.129 1 * 4
2.5 0.418 0.358 0.239 2 * 3 8
3.0 0.562 0.501 0.378 2 * 3 10
3.5 0.660 0.615 0.464 3 * 3 9 12
4.0 0.732 0.732 0.634 3 * 3 9 20
4.5 0.851 0.851 0.827 3 * 3 9 27
5.0 0.904 0.904 0.892 3 * 3 9 27
5.5 0.938 0.938 0.931 3 * 3 9 27
6.0 0.959 0.959 0.954 3 * 3 9 27
6.5 0.975 0.975 0.972 3 * 3 9 27
7.0 0.982 0.982 0.980 3 * 3 9 27
7.5 0.990 0.990 0.988 3 * 3 9 27
8.0 0.992 0.992 0.992 3 * 3 9 27
8.5 0.996 0.996 0.996 3 * 3 9 27
9.0 0.997 0.997 0.996 3 * 3 9 27
9.5 0.998 0.998 0.998 3 * 3 9 27
10.0 0.999 0.999 0.999 3 * 3 9 27
0.5 0.000 0.000 0.000 1 * 1
1.0 0.000 0.000 0.000 1 * 1
1.5 0.262 0.160 0.088 1 * 3
2.0 0.454 0.278 0.152 1 * 3
2.5 0.395 0.335 0.214 2 * 3 7
3.0 0.599 0.525 0.376 2 * 3 9
3.5 0.670 0.627 0.479 3 * 3 9 12
4.0 0.731 0.731 0.628 3 * 3 9 19
4.5 0.851 0.851 0.819 3 * 3 9 26
5.0 0.903 0.903 0.892 3 * 3 9 27
5.5 0.941 0.941 0.933 3 * 3 9 27
6.0 0.957 0.957 0.954 3 * 3 9 27
6.5 0.974 0.974 0.970 3 * 3 9 27
7.0 0.981 0.981 0.979 3 * 3 9 27
7.5 0.990 0.990 0.988 3 * 3 9 27
8.0 0.994 0.994 0.993 3 * 3 9 27
8.5 0.996 0.996 0.995 3 * 3 9 27
9.0 0.998 0.998 0.997 3 * 3 9 27
9.5 0.998 0.998 0.998 3 * 3 9 27
10.0 0.999 0.999 0.999 3 * 3 9 27
0.5 0.000 0.000 0.000 1 * 1
1.0 0.016 0.010 0.006 1 * 2
1.5 0.248 0.152 0.083 1 * 3
2.0 0.305 0.212 0.133 1 * 4
2.5 0.404 0.344 0.225 2 * 3 7
3.0 0.615 0.540 0.390 2 * 3 9
3.5 0.633 0.597 0.465 3 * 3 9 13
4.0 0.734 0.734 0.626 3 * 3 9 19
4.5 0.841 0.841 0.809 3 * 3 9 26
5.0 0.901 0.901 0.891 3 * 3 9 27
5.5 0.938 0.938 0.932 3 * 3 9 27
6.0 0.963 0.963 0.957 3 * 3 9 27
6.5 0.976 0.976 0.973 3 * 3 9 27
7.0 0.982 0.982 0.979 3 * 3 9 27
7.5 0.990 0.990 0.989 3 * 3 9 27
8.0 0.994 0.994 0.993 3 * 3 9 27
8.5 0.997 0.997 0.995 3 * 3 9 27
9.0 0.997 0.997 0.997 3 * 3 9 27
9.5 0.998 0.998 0.997 3 * 3 9 27
10.0 0.998 0.998 0.998 3 * 3 9 27
0.5 0.000 0.000 0.000 1 * 1
1.0 0.000 0.000 0.000 1 * 1
1.5 0.257 0.157 0.086 1 * 3
2.0 0.446 0.273 0.149 1 * 3
2.5 0.390 0.332 0.216 2 * 3 7
3.0 0.572 0.508 0.381 2 * 3 10
3.5 0.654 0.618 0.472 3 * 3 9 13
4.0 0.730 0.730 0.627 3 * 3 9 19
4.5 0.840 0.840 0.797 3 * 3 9 25
5.0 0.903 0.903 0.888 3 * 3 9 27
5.5 0.935 0.935 0.927 3 * 3 9 27
6.0 0.961 0.961 0.956 3 * 3 9 27
6.5 0.978 0.978 0.975 3 * 3 9 27
7.0 0.983 0.983 0.980 3 * 3 9 27
7.5 0.989 0.989 0.989 3 * 3 9 27
8.0 0.992 0.992 0.992 3 * 3 9 27
8.5 0.996 0.996 0.995 3 * 3 9 27
9.0 0.998 0.998 0.997 3 * 3 9 27
9.5 0.998 0.998 0.998 3 * 3 9 27
10.0 0.999 0.999 0.999 3 * 3 9 27
0.5 0.000 -0.000 -0.000 1 * 2
1.0 0.000 0.000 0.000 1 * 1
1.5 0.244 0.149 0.082 1 * 3
2.0 0.445 0.272 0.149 1 * 3
2.5 0.399 0.335 0.208 2 * 3 6
3.0 0.603 0.528 0.380 2 * 3 9
3.5 0.650 0.614 0.471 3 * 3 9 13
4.0 0.725 0.725 0.606 3 * 3 9 18
4.5 0.829 0.829 0.789 3 * 3 9 25
5.0 0.910 0.910 0.897 3 * 3 9 27
5.5 0.944 0.944 0.935 3 * 3 9 27
6.0 0.959 0.959 0.954 3 * 3 9 27
6.5 0.977 0.977 0.973 3 * 3 9 27
7.0 0.984 0.984 0.982 3 * 3 9 27
7.5 0.988 0.988 0.985 3 * 3 9 27
8.0 0.994 0.994 0.992 3 * 3 9 27
8.5 0.996 0.996 0.995 3 * 3 9 27
9.0 0.998 0.998 0.997 3 * 3 9 27
9.5 0.998 0.998 0.997 3 * 3 9 27
10.0 0.998 0.998 0.998 3 * 3 9 27
0.5 0.000 0.000 0.000 1 * 1
1.0 0.000 0.000 0.000 1 * 1
1.5 0.236 0.145 0.080 1 * 3
2.0 0.304 0.211 0.132 1 * 4
2.5 0.400 0.343 0.229 2 * 3 8
3.0 0.610 0.535 0.385 2 * 3 9
3.5 0.668 0.631 0.487 3 * 3 9 13
4.0 0.727 0.727 0.617 3 * 3 9 19
4.5 0.824 0.824 0.776 3 * 3 9 24
5.0 0.909 0.909 0.895 3 * 3 9 27
5.5 0.937 0.937 0.931 3 * 3 9 27
6.0 0.959 0.959 0.956 3 * 3 9 27
6.5 0.975 0.975 0.973 3 * 3 9 27
7.0 0.986 0.986 0.983 3 * 3 9 27
7.5 0.989 0.989 0.988 3 * 3 9 27
8.0 0.994 0.994 0.993 3 * 3 9 27
8.5 0.994 0.994 0.993 3 * 3 9 27
9.0 0.997 0.997 0.996 3 * 3 9 27
9.5 0.997 0.997 0.997 3 * 3 9 27
10.0 0.999 0.999 0.999 3 * 3 9 27
0.5 0.000 0.000 0.000 1 * 1
1.0 0.000 0.000 0.000 1 * 1
1.5 0.259 0.159 0.087 1 * 3
2.0 0.303 0.212 0.134 1 * 4
2.5 0.393 0.334 0.216 2 * 3 7
3.0 0.611 0.536 0.385 2 * 3 9
3.5 0.687 0.631 0.474 3 * 3 9 11
4.0 0.730 0.730 0.623 3 * 3 9 19
4.5 0.843 0.843 0.814 3 * 3 9 26
5.0 0.905 0.905 0.894 3 * 3 9 27
5.5 0.941 0.941 0.935 3 * 3 9 27
6.0 0.962 0.962 0.959 3 * 3 9 27
6.5 0.974 0.974 0.971 3 * 3 9 27
7.0 0.981 0.981 0.978 3 * 3 9 27
7.5 0.990 0.990 0.988 3 * 3 9 27
8.0 0.994 0.994 0.993 3 * 3 9 27
8.5 0.996 0.996 0.995 3 * 3 9 27
9.0 0.998 0.998 0.997 3 * 3 9 27
9.5 0.998 0.998 0.998 3 * 3 9 27
10.0 0.999 0.999 0.999 3 * 3 9 27
0.5 -0.000 -0.000 -0.000 1 * 2
1.0 0.000 0.000 0.000 1 * 1
1.5 0.243 0.149 0.081 1 * 3
2.0 0.444 0.271 0.148 1 * 3
2.5 0.422 0.360 0.238 2 * 3 7
3.0 0.621 0.544 0.392 2 * 3 9
3.5 0.661 0.623 0.475 3 * 3 9 13
4.0 0.737 0.737 0.634 3 * 3 9 19
4.5 0.856 0.856 0.839 3 * 3 9 27
5.0 0.908 0.908 0.895 3 * 3 9 27
5.5 0.937 0.937 0.933 3 * 3 9 27
6.0 0.962 0.962 0.956 3 * 3 9 27
6.5 0.977 0.977 0.973 3 * 3 9 27
7.0 0.984 0.984 0.982 3 * 3 9 27
7.5 0.991 0.991 0.989 3 * 3 9 27
8.0 0.993 0.993 0.991 3 * 3 9 27
8.5 0.997 0.997 0.995 3 * 3 9 27
9.0 0.997 0.997 0.996 3 * 3 9 27
9.5 0.999 0.999 0.998 3 * 3 9 27
10.0 0.999 0.999 0.999 3 * 3 9 27
0.5 0.000 0.000 0.000 1 * 1
1.0 0.000 0.000 0.000 1 * 1
1.5 0.249 0.153 0.084 1 * 3
2.0 0.453 0.277 0.151 1 * 3
2.5 0.396 0.337 0.219 2 * 3 7
3.0 0.608 0.532 0.382 2 * 3 9
3.5 0.657 0.621 0.476 3 * 3 9 13
4.0 0.726 0.726 0.624 3 * 3 9 19
4.5 0.842 0.842 0.812 3 * 3 9 26
5.0 0.906 0.906 0.896 3 * 3 9 27
5.5 0.939 0.939 0.931 3 * 3 9 27
6.0 0.963 0.963 0.958 3 * 3 9 27
6.5 0.974 0.974 0.969 3 * 3 9 27
7.0 0.985 0.985 0.982 3 * 3 9 27
7.5 0.990 0.990 0.989 3 * 3 9 27
8.0 0.992 0.992 0.991 3 * 3 9 27
8.5 0.995 0.995 0.995 3 * 3 9 27
9.0 0.998 0.998 0.996 3 * 3 9 27
9.5 0.997 0.997 0.997 3 * 3 9 27
10.0 0.999 0.999 0.998 3 * 3 9 27
0.5 0.000 0.000 0.000 1 * 1
1.0 0.000 0.000 0.000 1 * 1
1.5 0.257 0.158 0.086 1 * 3
2.0 0.303 0.209 0.130 1 * 4
2.5 0.400 0.341 0.222 2 * 3 7
3.0 0.607 0.533 0.384 2 * 3 9
3.5 0.668 0.631 0.485 3 * 3 9 13
4.0 0.708 0.707 0.588 3 * 3 9 17
4.5 0.838 0.838 0.797 3 * 3 9 25
5.0 0.909 0.909 0.899 3 * 3 9 27
5.5 0.939 0.939 0.930 3 * 3 9 27
6.0 0.961 0.961 0.958 3 * 3 9 27
6.5 0.976 0.976 0.973 3 * 3 9 27
7.0 0.982 0.982 0.981 3 * 3 9 27
7.5 0.990 0.990 0.988 3 * 3 9 27
8.0 0.992 0.992 0.990 3 * 3 9 27
8.5 0.994 0.994 0.993 3 * 3 9 27
9.0 0.998 0.998 0.997 3 * 3 9 27
9.5 0.998 0.998 0.997 3 * 3 9 27
10.0 0.999 0.999 0.998 3 * 3 9 27
0.5 0.000 0.000 0.000 1 * 1
1.0 0.000 0.000 0.000 1 * 1
1.5 0.259 0.158 0.087 1 * 3
2.0 0.299 0.207 0.129 1 * 4
2.5 0.402 0.342 0.221 2 * 3 7
3.0 0.611 0.534 0.382 2 * 3 9
3.5 0.660 0.615 0.471 3 * 3 9 12
4.0 0.726 0.726 0.611 3 * 3 9 18
4.5 0.841 0.841 0.813 3 * 3 9 26
5.0 0.910 0.910 0.899 3 * 3 9 27
5.5 0.936 0.936 0.928 3 * 3 9 27
6.0 0.958 0.958 0.952 3 * 3 9 27
6.5 0.973 0.973 0.970 3 * 3 9 27
7.0 0.984 0.984 0.982 3 * 3 9 27
7.5 0.989 0.989 0.988 3 * 3 9 27
8.0 0.994 0.994 0.993 3 * 3 9 27
8.5 0.995 0.995 0.995 3 * 3 9 27
9.0 0.996 0.996 0.996 3 * 3 9 27
9.5 0.998 0.998 0.998 3 * 3 9 27
10.0 0.999 0.999 0.999 3 * 3 9 27
0.5 0.000 0.000 0.000 1 * 1
1.0 0.000 0.000 0.000 1 * 1
1.5 0.243 0.149 0.081 1 * 3
2.0 0.450 0.276 0.151 1 * 3
2.5 0.391 0.333 0.218 2 * 3 7
3.0 0.604 0.530 0.383 2 * 3 9
3.5 0.676 0.631 0.477 3 * 3 9 12
4.0 0.716 0.716 0.602 3 * 3 9 18
4.5 0.848 0.848 0.819 3 * 3 9 26
5.0 0.903 0.903 0.889 3 * 3 9 27
5.5 0.939 0.939 0.931 3 * 3 9 27
6.0 0.957 0.957 0.954 3 * 3 9 27
6.5 0.973 0.973 0.971 3 * 3 9 27
7.0 0.984 0.984 0.981 3 * 3 9 27
7.5 0.987 0.987 0.985 3 * 3 9 27
8.0 0.993 0.993 0.992 3 * 3 9 27
8.5 0.997 0.997 0.996 3 * 3 9 27
9.0 0.997 0.997 0.997 3 * 3 9 27
9.5 0.999 0.999 0.999 3 * 3 9 27
10.0 0.999 0.999 0.998 3 * 3 9 27
0.5 0.000 0.000 0.000 1 * 1
1.0 0.000 0.000 0.000 1 * 1
1.5 0.247 0.151 0.083 1 * 3
2.0 0.436 0.267 0.146 1 * 3
2.5 0.430 0.369 0.249 2 * 3 8
3.0 0.617 0.540 0.388 2 * 3 9
3.5 0.683 0.627 0.469 3 * 3 9 11
4.0 0.722 0.722 0.607 3 * 3 9 18
4.5 0.843 0.843 0.812 3 * 3 9 26
5.0 0.906 0.906 0.896 3 * 3 9 27
5.5 0.943 0.943 0.934 3 * 3 9 27
6.0 0.962 0.962 0.957 3 * 3 9 27
6.5 0.973 0.973 0.971 3 * 3 9 27
7.0 0.981 0.981 0.981 3 * 3 9 27
7.5 0.988 0.988 0.987 3 * 3 9 27
8.0 0.993 0.993 0.993 3 * 3 9 27
8.5 0.997 0.997 0.996 3 * 3 9 27
9.0 0.997 0.997 0.997 3 * 3 9 27
9.5 0.998 0.998 0.998 3 * 3 9 27
10.0 0.999 0.999 0.999 3 * 3 9 27
0.5 0.000 0.000 0.000 1 * 1
1.0 0.025 0.015 0.009 1 * 2
1.5 0.271 0.166 0.091 1 * 3
2.0 0.451 0.276 0.150 1 * 3
2.5 0.416 0.354 0.231 2 * 3 7
3.0 0.607 0.533 0.384 2 * 3 9
3.5 0.661 0.596 0.465 2 * 3 11
4.0 0.728 0.728 0.619 3 * 3 9 19
4.5 0.829 0.829 0.787 3 * 3 9 25
5.0 0.908 0.908 0.897 3 * 3 9 27
5.5 0.939 0.939 0.930 3 * 3 9 27
6.0 0.958 0.958 0.954 3 * 3 9 27
6.5 0.975 0.975 0.973 3 * 3 9 27
7.0 0.983 0.983 0.982 3 * 3 9 27
7.5 0.989 0.989 0.989 3 * 3 9 27
8.0 0.993 0.993 0.992 3 * 3 9 27
8.5 0.995 0.995 0.995 3 * 3 9 27
9.0 0.997 0.997 0.997 3 * 3 9 27
9.5 0.999 0.999 0.998 3 * 3 9 27
10.0 1.000 1.000 0.999 3 * 3 9 27
0.5 0.000 0.000 0.000 1 * 1
1.0 0.000 0.000 0.000 1 * 1
1.5 0.266 0.163 0.089 1 * 3
2.0 0.460 0.281 0.154 1 * 3
2.5 0.404 0.343 0.220 2 * 3 7
3.0 0.623 0.547 0.393 2 * 3 9
3.5 0.666 0.630 0.483 3 * 3 9 13
4.0 0.729 0.729 0.622 3 * 3 9 19
4.5 0.847 0.847 0.828 3 * 3 9 27
5.0 0.910 0.910 0.897 3 * 3 9 27
5.5 0.942 0.942 0.934 3 * 3 9 27
6.0 0.965 0.965 0.961 3 * 3 9 27
6.5 0.974 0.974 0.972 3 * 3 9 27
7.0 0.986 0.986 0.983 3 * 3 9 27
7.5 0.991 0.991 0.989 3 * 3 9 27
8.0 0.992 0.992 0.991 3 * 3 9 27
8.5 0.995 0.995 0.994 3 * 3 9 27
9.0 0.998 0.998 0.997 3 * 3 9 27
9.5 0.999 0.999 0.998 3 * 3 9 27
10.0 0.999 0.999 0.998 3 * 3 9 27
0.5 0.000 0.000 0.000 1 * 1
1.0 0.000 0.000 0.000 1 * 1
1.5 0.274 0.168 0.092 1 * 3
2.0 0.317 0.222 0.140 1 * 4
2.5 0.430 0.369 0.247 2 * 3 9
3.0 0.611 0.536 0.384 2 * 3 9
3.5 0.683 0.637 0.484 3 * 3 9 12
4.0 0.716 0.716 0.619 3 * 3 10 19
4.5 0.834 0.834 0.804 3 * 3 9 26
5.0 0.907 0.907 0.896 3 * 3 9 27
5.5 0.941 0.941 0.933 3 * 3 9 27
6.0 0.961 0.961 0.958 3 * 3 9 27
6.5 0.973 0.973 0.970 3 * 3 9 27
7.0 0.986 0.986 0.983 3 * 3 9 27
7.5 0.990 0.990 0.987 3 * 3 9 27
8.0 0.993 0.993 0.992 3 * 3 9 27
8.5 0.995 0.995 0.994 3 * 3 9 27
9.0 0.998 0.998 0.997 3 * 3 9 27
9.5 0.998 0.998 0.998 3 * 3 9 27
10.0 0.999 0.999 0.999 3 * 3 9 27
0.5 0.000 0.000 0.000 1 * 1
1.0 0.000 0.000 0.000 1 * 1
1.5 0.237 0.146 0.080 1 * 3
2.0 0.307 0.213 0.133 1 * 4
2.5 0.432 0.372 0.252 2 * 3 8
3.0 0.616 0.540 0.389 2 * 3 9
3.5 0.672 0.617 0.464 3 * 3 9 11
4.0 0.732 0.732 0.625 3 * 3 9 19
4.5 0.841 0.841 0.811 3 * 3 9 26
5.0 0.897 0.897 0.886 3 * 3 9 27
5.5 0.936 0.936 0.930 3 * 3 9 27
6.0 0.963 0.963 0.957 3 * 3 9 27
6.5 0.973 0.973 0.971 3 * 3 9 27
7.0 0.986 0.986 0.982 3 * 3 9 27
7.5 0.989 0.989 0.987 3 * 3 9 27
8.0 0.993 0.993 0.991 3 * 3 9 27
8.5 0.996 0.996 0.995 3 * 3 9 27
9.0 0.996 0.996 0.996 3 * 3 9 27
9.5 0.998 0.998 0.998 3 * 3 9 27
10.0 0.999 0.999 0.999 3 * 3 9 27
0.5 0.000 0.000 0.000 1 * 1
1.0 0.000 0.000 0.000 1 * 1
1.5 0.254 0.155 0.085 1 * 3
2.0 0.446 0.273 0.149 1 * 3
2.5 0.426 0.366 0.247 2 * 3 8
3.0 0.607 0.532 0.383 2 * 3 9
3.5 0.649 0.613 0.468 3 * 3 9 13
4.0 0.727 0.727 0.623 3 * 3 9 19
4.5 0.855 0.855 0.833 3 * 3 9 27
5.0 0.905 0.905 0.894 3 * 3 9 27
5.5 0.936 0.936 0.931 3 * 3 9 27
6.0 0.960 0.960 0.955 3 * 3 9 27
6.5 0.976 0.976 0.973 3 * 3 9 27
7.0 0.982 0.982 0.981 3 * 3 9 27
7.5 0.990 0.990 0.988 3 * 3 9 27
8.0 0.993 0.993 0.991 3 * 3 9 27
8.5 0.995 0.995 0.993 3 * 3 9 27
9.0 0.998 0.998 0.997 3 * 3 9 27
9.5 0.998 0.998 0.998 3 * 3 9 27
10.0 0.999 0.999 0.998 3 * 3 9 27
0.5 0.000 0.000 0.000 1 * 1
1.0 0.000 0.000 0.000 1 * 1
1.5 0.270 0.165 0.091 1 * 3
2.0 0.298 0.205 0.127 1 * 4
2.5 0.402 0.338 0.210 2 * 3 6
3.0 0.615 0.540 0.390 2 * 3 9
3.5 0.656 0.627 0.486 3 * 3 9 14
4.0 0.724 0.724 0.609 3 * 3 9 18
4.5 0.852 0.852 0.831 3 * 3 9 27
5.0 0.905 0.905 0.893 3 * 3 9 27
5.5 0.940 0.940 0.935 3 * 3 9 27
6.0 0.966 0.966 0.962 3 * 3 9 27
6.5 0.974 0.974 0.971 3 * 3 9 27
7.0 0.987 0.987 0.982 3 * 3 9 27
7.5 0.990 0.990 0.987 3 * 3 9 27
8.0 0.993 0.993 0.992 3 * 3 9 27
8.5 0.996 0.996 0.995 3 * 3 9 27
9.0 0.997 0.997 0.996 3 * 3 9 27
9.5 0.998 0.998 0.998 3 * 3 9 27
10.0 0.997 0.997 0.998 3 * 3 9 27
0.5 0.000 0.000 0.000 1 * 1
1.0 0.000 0.000 0.000 1 * 1
1.5 0.249 0.153 0.084 1 * 3
2.0 0.445 0.272 0.149 1 * 3
2.5 0.409 0.351 0.235 2 * 3 8
3.0 0.618 0.542 0.391 2 * 3 9
3.5 0.681 0.634 0.478 3 * 3 9 12
4.0 0.725 0.725 0.625 3 * 3 9 19
4.5 0.838 0.838 0.808 3 * 3 9 26
5.0 0.909 0.909 0.897 3 * 3 9 27
5.5 0.945 0.945 0.938 3 * 3 9 27
6.0 0.961 0.961 0.956 3 * 3 9 27
6.5 0.978 0.978 0.975 3 * 3 9 27
7.0 0.984 0.984 0.982 3 * 3 9 27
7.5 0.989 0.989 0.987 3 * 3 9 27
8.0 0.993 0.993 0.991 3 * 3 9 27
8.5 0.995 0.995 0.994 3 * 3 9 27
9.0 0.997 0.997 0.996 3 * 3 9 27
9.5 0.998 0.998 0.998 3 * 3 9 27
10.0 0.999 0.999 0.998 3 * 3 9 27
0.5 0.000 0.000 0.000 1 * 1
1.0 0.000 0.000 0.000 1 * 1
1.5 0.248 0.152 0.083 1 * 3
2.0 0.313 0.219 0.138 1 * 4
2.5 0.357 0.301 0.189 2 * 3 6
3.0 0.620 0.545 0.395 2 * 3 9
3.5 0.662 0.617 0.469 3 * 3 9 12
4.0 0.746 0.746 0.655 3 * 3 9 20
4.5 0.839 0.839 0.811 3 * 3 9 26
5.0 0.901 0.901 0.890 3 * 3 9 27
5.5 0.941 0.941 0.934 3 * 3 9 27
6.0 0.963 0.963 0.957 3 * 3 9 27
6.5 0.976 0.976 0.972 3 * 3 9 27
7.0 0.984 0.984 0.983 3 * 3 9 27
7.5 0.990 0.990 0.987 3 * 3 9 27
8.0 0.995 0.995 0.993 3 * 3 9 27
8.5 0.996 0.996 0.994 3 * 3 9 27
9.0 0.998 0.998 0.998 3 * 3 9 27
9.5 0.998 0.998 0.998 3 * 3 9 27
10.0 0.999 0.999 0.999 3 * 3 9 27
0.5 0.000 0.000 0.000 1 * 1
1.0 0.000 0.000 0.000 1 * 1
1.5 0.162 0.111 0.069 1 * 4
2.0 0.301 0.210 0.132 1 * 4
2.5 0.410 0.349 0.228 2 * 3 7
3.0 0.602 0.528 0.380 2 * 3 9
3.5 0.688 0.641 0.486 3 * 3 9 12
4.0 0.728 0.728 0.624 3 * 3 9 19
4.5 0.859 0.859 0.839 3 * 3 9 27
5.0 0.905 0.905 0.891 3 * 3 9 27
5.5 0.939 0.939 0.933 3 * 3 9 27
6.0 0.961 0.961 0.957 3 * 3 9 27
6.5 0.975 0.975 0.972 3 * 3 9 27
7.0 0.984 0.984 0.981 3 * 3 9 27
7.5 0.990 0.990 0.988 3 * 3 9 27
8.0 0.993 0.993 0.991 3 * 3 9 27
8.5 0.996 0.996 0.995 3 * 3 9 27
9.0 0.997 0.997 0.996 3 * 3 9 27
9.5 0.997 0.997 0.997 3 * 3 9 27
10.0 0.999 0.999 0.998 3 * 3 9 27
0.5 0.000 0.000 0.000 1 * 1
1.0 0.000 0.000 0.000 1 * 1
1.5 0.265 0.162 0.089 1 * 3
2.0 0.300 0.209 0.131 1 * 4
2.5 0.401 0.339 0.217 2 * 3 7
3.0 0.555 0.494 0.374 2 * 3 10
3.5 0.670 0.624 0.470 3 * 3 9 12
4.0 0.717 0.717 0.620 3 * 3 9 20
4.5 0.844 0.844 0.803 3 * 3 9 25
5.0 0.905 0.905 0.895 3 * 3 9 27
5.5 0.940 0.940 0.932 3 * 3 9 27
6.0 0.958 0.958 0.953 3 * 3 9 27
6.5 0.974 0.974 0.972 3 * 3 9 27
7.0 0.982 0.982 0.979 3 * 3 9 27
7.5 0.991 0.991 0.989 3 * 3 9 27
8.0 0.991 0.991 0.990 3 * 3 9 27
8.5 0.996 0.996 0.995 3 * 3 9 27
9.0 0.997 0.997 0.996 3 * 3 9 27
9.5 0.999 0.999 0.998 3 * 3 9 27
10.0 0.999 0.999 0.999 3 * 3 9 27
0.5 0.000 0.000 0.000 1 * 1
1.0 0.000 0.000 0.000 1 * 1
1.5 0.259 0.159 0.087 1 * 3
2.0 0.450 0.275 0.150 1 * 3
2.5 0.389 0.332 0.218 2 * 3 7
3.0 0.610 0.536 0.387 2 * 3 9
3.5 0.663 0.618 0.468 3 * 3 9 12
4.0 0.715 0.715 0.600 3 * 3 9 18
4.5 0.836 0.836 0.797 3 * 3 9 25
5.0 0.905 0.905 0.890 3 * 3 9 27
5.5 0.943 0.943 0.934 3 * 3 9 27
6.0 0.960 0.960 0.956 3 * 3 9 27
6.5 0.974 0.974 0.969 3 * 3 9 27
7.0 0.985 0.985 0.982 3 * 3 9 27
7.5 0.989 0.989 0.987 3 * 3 9 27
8.0 0.993 0.993 0.991 3 * 3 9 27
8.5 0.996 0.996 0.995 3 * 3 9 27
9.0 0.997 0.997 0.996 3 * 3 9 27
9.5 0.998 0.998 0.998 3 * 3 9 27
10.0 0.999 0.999 0.998 3 * 3 9 27
0.5 0.000 0.000 0.000 1 * 1
1.0 0.000 0.000 0.000 1 * 1
1.5 0.259 0.159 0.087 1 * 3
2.0 0.226 0.173 0.117 1 * 5
2.5 0.412 0.354 0.237 2 * 3 8
3.0 0.609 0.534 0.384 2 * 3 9
3.5 0.646 0.619 0.483 3 * 3 9 14
4.0 0.735 0.735 0.626 3 * 3 9 19
4.5 0.847 0.847 0.820 3 * 3 9 26
5.0 0.903 0.903 0.892 3 * 3 9 27
5.5 0.939 0.939 0.928 3 * 3 9 27
6.0 0.959 0.959 0.955 3 * 3 9 27
6.5 0.978 0.978 0.975 3 * 3 9 27
7.0 0.984 0.984 0.981 3 * 3 9 27
7.5 0.991 0.991 0.988 3 * 3 9 27
8.0 0.993 0.993 0.992 3 * 3 9 27
8.5 0.995 0.995 0.994 3 * 3 9 27
9.0 0.996 0.996 0.996 3 * 3 9 27
9.5 0.998 0.998 0.997 3 * 3 9 27
10.0 0.999 0.999 0.999 3 * 3 9 27
0.5 0.000 0.000 0.000 1 * 1
1.0 0.000 0.000 0.000 1 * 1
1.5 0.251 0.154 0.084 1 * 3
2.0 0.298 0.208 0.131 1 * 4
2.5 0.393 0.334 0.218 2 * 3 7
3.0 0.605 0.530 0.382 2 * 3 9
3.5 0.671 0.626 0.472 3 * 3 9 12
4.0 0.725 0.725 0.608 3 * 3 9 18
4.5 0.837 0.837 0.808 3 * 3 9 26
5.0 0.901 0.901 0.891 3 * 3 9 27
5.5 0.939 0.939 0.932 3 * 3 9 27
6.0 0.960 0.960 0.954 3 * 3 9 27
6.5 0.976 0.976 0.972 3 * 3 9 27
7.0 0.984 0.984 0.981 3 * 3 9 27
7.5 0.989 0.989 0.987 3 * 3 9 27
8.0 0.992 0.992 0.991 3 * 3 9 27
8.5 0.995 0.995 0.994 3 * 3 9 27
9.0 0.996 0.996 0.996 3 * 3 9 27
9.5 0.999 0.999 0.998 3 * 3 9 27
10.0 0.999 0.999 0.998 3 * 3 9 27
0.5 0.000 0.000 0.000 1 * 1
1.0 0.023 0.014 0.008 1 * 2
1.5 0.240 0.147 0.081 1 * 3
2.0 0.428 0.262 0.143 1 * 3
2.5 0.392 0.332 0.212 2 * 3 7
3.0 0.591 0.519 0.374 2 * 3 9
3.5 0.631 0.574 0.460 2 * 3 12
4.0 0.723 0.723 0.618 3 * 3 9 19
4.5 0.837 0.837 0.807 3 * 3 9 26
5.0 0.911 0.911 0.898 3 * 3 9 27
5.5 0.943 0.943 0.937 3 * 3 9 27
6.0 0.961 0.961 0.958 3 * 3 9 27
6.5 0.974 0.974 0.970 3 * 3 9 27
7.0 0.984 0.984 0.981 3 * 3 9 27
7.5 0.990 0.990 0.988 3 * 3 9 27
8.0 0.993 0.993 0.992 3 * 3 9 27
8.5 0.997 0.997 0.995 3 * 3 9 27
9.0 0.998 0.998 0.995 3 * 3 9 27
9.5 0.997 0.997 0.997 3 * 3 9 27
10.0 0.999 0.999 0.999 3 * 3 9 27
