0.5 0.003 0.003 0.000 3 * 0.008 0.000 0.000
1.0 0.021 0.021 0.000 3 * 0.063 0.000 0.000
1.5 0.127 0.095 0.000 3 * 0.285 0.000 0.000
2.0 0.273 0.298 0.089 3 * 0.408 0.222 0.089
2.5 0.562 0.661 0.212 3 * 0.758 0.648 0.212
3.0 0.675 0.741 0.384 3 * 0.809 0.750 0.384
3.5 0.729 0.849 0.318 3 * 0.906 0.869 0.318
4.0 0.767 0.891 0.343 3 * 0.943 0.916 0.343
4.5 0.825 0.882 0.629 3 * 0.932 0.911 0.629
5.0 0.961 0.961 0.954 3 * 0.971 0.959 0.954
5.5 0.889 0.943 0.703 3 * 0.983 0.977 0.703
6.0 0.986 0.986 0.983 3 * 0.989 0.985 0.983
6.5 0.990 0.990 0.989 3 * 0.992 0.990 0.989
7.0 0.994 0.994 0.993 3 * 0.996 0.994 0.993
7.5 0.996 0.996 0.995 3 * 0.996 0.996 0.995
8.0 0.997 0.997 0.997 3 * 0.998 0.997 0.997
8.5 0.998 0.998 0.998 3 * 0.999 0.998 0.998
9.0 0.999 0.999 0.998 3 * 0.999 0.998 0.998
9.5 0.999 0.999 0.999 3 * 0.999 0.999 0.999
10.0 1.000 1.000 1.000 3 * 1.000 1.000 1.000
0.5 0.005 0.005 0.000 3 * 0.015 0.000 0.000
1.0 0.023 0.023 0.000 3 * 0.070 0.000 0.000
1.5 0.133 0.171 0.000 3 * 0.202 0.107 0.000
2.0 0.217 0.239 0.104 3 * 0.312 0.172 0.104
2.5 0.550 0.650 0.200 3 * 0.750 0.635 0.200
3.0 0.672 0.786 0.287 3 * 0.857 0.793 0.287
3.5 0.722 0.847 0.305 3 * 0.903 0.866 0.305
4.0 0.777 0.830 0.573 3 * 0.890 0.854 0.573
4.5 0.938 0.938 0.925 3 * 0.954 0.933 0.925
5.0 0.970 0.970 0.965 3 * 0.976 0.968 0.965
5.5 0.981 0.981 0.977 3 * 0.986 0.980 0.977
6.0 0.987 0.987 0.984 3 * 0.989 0.986 0.984
6.5 0.990 0.990 0.989 3 * 0.992 0.989 0.989
7.0 0.994 0.994 0.993 3 * 0.996 0.994 0.993
7.5 0.996 0.996 0.996 3 * 0.997 0.996 0.996
8.0 0.997 0.997 0.996 3 * 0.998 0.997 0.996
8.5 0.997 0.997 0.997 3 * 0.998 0.997 0.997
9.0 0.999 0.999 0.998 3 * 0.999 0.999 0.998
9.5 0.999 0.999 0.998 3 * 0.999 0.998 0.998
10.0 1.000 1.000 1.000 3 * 1.000 1.000 1.000
0.5 0.003 0.003 0.000 3 * 0.009 0.000 0.000
1.0 0.014 0.014 0.000 3 * 0.041 0.000 0.000
1.5 0.178 0.246 0.000 3 * 0.329 0.128 0.000
2.0 0.324 0.369 0.087 3 * 0.520 0.301 0.087
2.5 0.562 0.651 0.234 3 * 0.742 0.642 0.234
3.0 0.670 0.787 0.275 3 * 0.859 0.793 0.275
3.5 0.762 0.832 0.459 3 * 0.886 0.853 0.459
4.0 0.769 0.889 0.355 3 * 0.941 0.914 0.355
4.5 0.860 0.920 0.659 3 * 0.965 0.950 0.659
5.0 0.970 0.970 0.963 3 * 0.978 0.968 0.963
5.5 0.843 0.843 0.785 3 * 0.898 0.848 0.785
6.0 0.989 0.989 0.987 3 * 0.992 0.988 0.987
6.5 0.992 0.992 0.990 3 * 0.994 0.991 0.990
7.0 0.993 0.993 0.992 3 * 0.995 0.992 0.992
7.5 0.995 0.995 0.995 3 * 0.996 0.995 0.995
8.0 0.997 0.997 0.997 3 * 0.998 0.997 0.997
8.5 0.915 0.961 0.750 3 * 0.998 0.998 0.750
9.0 0.999 0.999 0.999 3 * 0.999 0.999 0.999
9.5 0.999 0.999 0.999 3 * 1.000 0.999 0.999
10.0 0.999 0.999 0.999 3 * 1.000 0.999 0.999
0.5 0.001 0.001 0.000 3 * 0.004 0.000 0.000
1.0 0.020 0.020 0.000 3 * 0.059 0.000 0.000
1.5 0.101 0.114 0.000 3 * 0.175 0.077 0.000
2.0 0.183 0.257 0.082 3 * 0.192 0.261 0.082
2.5 0.544 0.610 0.272 3 * 0.706 0.595 0.272
3.0 0.672 0.789 0.289 3 * 0.855 0.797 0.289
3.5 0.735 0.857 0.327 3 * 0.912 0.875 0.327
4.0 0.776 0.896 0.359 3 * 0.949 0.921 0.359
4.5 0.836 0.892 0.641 3 * 0.941 0.921 0.641
5.0 0.972 0.972 0.966 3 * 0.979 0.971 0.966
5.5 0.981 0.981 0.978 3 * 0.985 0.979 0.978
6.0 0.988 0.988 0.985 3 * 0.992 0.987 0.985
6.5 0.991 0.991 0.989 3 * 0.993 0.990 0.989
7.0 0.995 0.995 0.994 3 * 0.997 0.995 0.994
7.5 0.995 0.995 0.994 3 * 0.997 0.995 0.994
8.0 0.997 0.997 0.997 3 * 0.998 0.997 0.997
8.5 0.998 0.998 0.998 3 * 0.999 0.998 0.998
9.0 0.998 0.998 0.998 3 * 0.998 0.998 0.998
9.5 0.999 0.999 0.999 3 * 0.999 0.999 0.999
10.0 1.000 1.000 0.999 3 * 1.000 1.000 0.999
0.5 0.002 0.002 0.000 3 * 0.007 0.000 0.000
1.0 0.018 0.018 0.000 3 * 0.053 0.000 0.000
1.5 0.113 0.108 0.000 3 * 0.208 0.028 0.000
2.0 0.283 0.384 0.078 3 * 0.460 0.178 0.078
2.5 0.525 0.590 0.236 3 * 0.696 0.574 0.236
3.0 0.679 0.794 0.291 3 * 0.861 0.803 0.291
3.5 0.758 0.834 0.451 3 * 0.888 0.851 0.451
4.0 0.768 0.890 0.342 3 * 0.940 0.917 0.342
4.5 0.839 0.899 0.638 3 * 0.950 0.927 0.638
5.0 0.970 0.970 0.965 3 * 0.978 0.969 0.965
5.5 0.984 0.984 0.980 3 * 0.988 0.983 0.980
6.0 0.988 0.988 0.985 3 * 0.991 0.988 0.985
6.5 0.991 0.991 0.990 3 * 0.993 0.991 0.990
7.0 0.995 0.995 0.994 3 * 0.996 0.995 0.994
7.5 0.995 0.995 0.994 3 * 0.996 0.995 0.994
8.0 0.997 0.997 0.997 3 * 0.998 0.997 0.997
8.5 0.998 0.998 0.997 3 * 0.998 0.998 0.997
9.0 0.999 0.999 0.998 3 * 0.999 0.999 0.998
9.5 0.999 0.999 0.999 3 * 1.000 0.999 0.999
10.0 0.999 0.999 0.999 3 * 1.000 0.999 0.999
0.5 0.006 0.006 0.000 3 * 0.017 0.000 0.000
1.0 0.032 0.032 0.000 3 * 0.095 0.000 0.000
1.5 0.106 0.103 0.000 3 * 0.299 0.011 0.000
2.0 0.289 0.232 0.084 3 * 0.439 0.136 0.084
2.5 0.436 0.473 0.279 3 * 0.659 0.277 0.279
3.0 0.688 0.762 0.393 3 * 0.825 0.771 0.393
3.5 0.738 0.855 0.333 3 * 0.912 0.875 0.333
4.0 0.779 0.836 0.568 3 * 0.896 0.860 0.568
4.5 0.911 0.911 0.896 3 * 0.934 0.905 0.896
5.0 0.973 0.973 0.966 3 * 0.981 0.971 0.966
5.5 0.983 0.983 0.979 3 * 0.988 0.982 0.979
6.0 0.988 0.988 0.986 3 * 0.991 0.987 0.986
6.5 0.991 0.991 0.989 3 * 0.993 0.990 0.989
7.0 0.994 0.994 0.993 3 * 0.996 0.994 0.993
7.5 0.996 0.996 0.995 3 * 0.997 0.996 0.995
8.0 0.997 0.997 0.997 3 * 0.998 0.997 0.997
8.5 0.998 0.998 0.998 3 * 0.998 0.998 0.998
9.0 0.999 0.999 0.999 3 * 0.999 0.999 0.999
9.5 1.000 1.000 1.000 3 * 1.000 1.000 1.000
10.0 1.000 1.000 1.000 3 * 1.000 1.000 1.000
0.5 0.003 0.003 0.000 3 * 0.010 0.000 0.000
1.0 0.023 0.036 0.000 3 * 0.069 0.000 0.000
1.5 0.154 0.212 0.000 3 * 0.289 0.100 0.000
2.0 0.249 0.293 0.084 3 * 0.364 0.241 0.084
2.5 0.568 0.673 0.208 3 * 0.768 0.661 0.208
3.0 0.677 0.792 0.282 3 * 0.860 0.802 0.282
3.5 0.751 0.825 0.448 3 * 0.878 0.844 0.448
4.0 0.773 0.892 0.360 3 * 0.943 0.917 0.360
4.5 0.830 0.888 0.628 3 * 0.936 0.919 0.628
5.0 0.967 0.967 0.959 3 * 0.977 0.965 0.959
5.5 0.980 0.980 0.977 3 * 0.985 0.979 0.977
6.0 0.987 0.987 0.985 3 * 0.991 0.986 0.985
6.5 0.992 0.992 0.990 3 * 0.993 0.991 0.990
7.0 0.995 0.995 0.993 3 * 0.996 0.994 0.993
7.5 0.997 0.997 0.996 3 * 0.997 0.996 0.996
8.0 0.997 0.997 0.996 3 * 0.998 0.997 0.996
8.5 0.999 0.999 0.998 3 * 0.999 0.999 0.998
9.0 0.998 0.998 0.998 3 * 0.998 0.998 0.998
9.5 0.998 0.998 0.998 3 * 0.999 0.998 0.998
10.0 0.999 0.999 0.999 3 * 0.999 0.999 0.999
0.5 0.002 0.002 0.000 3 * 0.007 0.000 0.000
1.0 0.019 0.028 0.000 3 * 0.058 0.000 0.000
1.5 0.134 0.219 0.000 3 * 0.291 0.018 0.000
2.0 0.287 0.309 0.107 3 * 0.477 0.252 0.107
2.5 0.532 0.589 0.268 3 * 0.682 0.579 0.268
3.0 0.674 0.791 0.276 3 * 0.860 0.800 0.276
3.5 0.734 0.855 0.320 3 * 0.912 0.876 0.320
4.0 0.787 0.844 0.581 3 * 0.902 0.867 0.581
4.5 0.826 0.883 0.627 3 * 0.935 0.911 0.627
5.0 0.969 0.969 0.963 3 * 0.978 0.967 0.963
5.5 0.981 0.981 0.978 3 * 0.987 0.980 0.978
6.0 0.987 0.987 0.984 3 * 0.990 0.986 0.984
6.5 0.991 0.991 0.989 3 * 0.994 0.991 0.989
7.0 0.995 0.995 0.993 3 * 0.996 0.994 0.993
7.5 0.996 0.996 0.995 3 * 0.997 0.996 0.995
8.0 0.998 0.998 0.997 3 * 0.998 0.998 0.997
8.5 0.999 0.999 0.999 3 * 0.999 0.999 0.999
9.0 0.999 0.999 0.999 3 * 0.999 0.999 0.999
9.5 0.999 0.999 0.998 3 * 0.999 0.999 0.998
10.0 0.999 0.999 0.999 3 * 0.999 0.999 0.999
0.5 0.004 0.004 0.000 3 * 0.013 0.000 0.000
1.0 0.022 0.046 0.000 3 * 0.067 0.000 0.000
1.5 0.144 0.144 0.000 3 * 0.276 0.084 0.000
2.0 0.196 0.204 0.056 3 * 0.224 0.110 0.056
2.5 0.565 0.671 0.195 3 * 0.773 0.656 0.195
3.0 0.677 0.791 0.286 3 * 0.860 0.800 0.286
3.5 0.740 0.863 0.323 3 * 0.917 0.883 0.323
4.0 0.781 0.836 0.569 3 * 0.894 0.861 0.569
4.5 0.932 0.932 0.920 3 * 0.948 0.928 0.920
5.0 0.970 0.970 0.962 3 * 0.978 0.969 0.962
5.5 0.982 0.982 0.978 3 * 0.986 0.981 0.978
6.0 0.987 0.987 0.985 3 * 0.990 0.987 0.985
6.5 0.992 0.992 0.990 3 * 0.994 0.992 0.990
7.0 0.992 0.992 0.991 3 * 0.994 0.992 0.991
7.5 0.996 0.996 0.995 3 * 0.997 0.996 0.995
8.0 0.997 0.997 0.997 3 * 0.998 0.997 0.997
8.5 0.998 0.998 0.998 3 * 0.999 0.998 0.998
9.0 0.999 0.999 0.999 3 * 0.999 0.999 0.999
9.5 0.999 0.999 0.999 3 * 0.999 0.999 0.999
10.0 0.999 0.999 0.999 3 * 1.000 0.999 0.999
0.5 0.009 0.009 0.000 3 * 0.026 0.000 0.000
1.0 0.041 0.076 0.000 3 * 0.123 0.000 0.000
1.5 0.111 0.172 0.000 3 * 0.248 0.011 0.000
2.0 0.319 0.417 0.018 3 * 0.562 0.151 0.018
2.5 0.544 0.605 0.279 3 * 0.702 0.590 0.279
3.0 0.668 0.789 0.271 3 * 0.861 0.794 0.271
3.5 0.767 0.835 0.458 3 * 0.894 0.855 0.458
4.0 0.768 0.822 0.550 3 * 0.881 0.846 0.550
4.5 0.797 0.913 0.385 3 * 0.959 0.943 0.385
5.0 0.951 0.951 0.940 3 * 0.965 0.947 0.940
5.5 0.979 0.979 0.975 3 * 0.984 0.978 0.975
6.0 0.987 0.987 0.985 3 * 0.990 0.986 0.985
6.5 0.992 0.992 0.990 3 * 0.994 0.991 0.990
7.0 0.993 0.993 0.992 3 * 0.995 0.993 0.992
7.5 0.996 0.996 0.996 3 * 0.997 0.996 0.996
8.0 0.997 0.997 0.997 3 * 0.998 0.997 0.997
8.5 0.998 0.998 0.998 3 * 0.999 0.998 0.998
9.0 0.999 0.999 0.999 3 * 0.999 0.999 0.999
9.5 1.000 1.000 1.000 3 * 1.000 1.000 1.000
10.0 0.999 0.999 0.999 3 * 0.999 0.999 0.999
0.5 0.001 0.001 0.000 3 * 0.002 0.000 0.000
1.0 0.037 0.037 0.000 3 * 0.111 0.000 0.000
1.5 0.151 0.220 0.000 3 * 0.333 0.018 0.000
2.0 0.280 0.330 0.141 3 * 0.363 0.324 0.141
2.5 0.556 0.635 0.250 3 * 0.733 0.621 0.250
3.0 0.660 0.777 0.270 3 * 0.850 0.781 0.270
3.5 0.732 0.853 0.317 3 * 0.909 0.874 0.317
4.0 0.779 0.834 0.577 3 * 0.892 0.859 0.577
4.5 0.828 0.887 0.625 3 * 0.935 0.916 0.625
5.0 0.926 0.926 0.914 3 * 0.943 0.922 0.914
5.5 0.980 0.980 0.976 3 * 0.985 0.979 0.976
6.0 0.988 0.988 0.985 3 * 0.991 0.987 0.985
6.5 0.992 0.992 0.990 3 * 0.994 0.991 0.990
7.0 0.993 0.993 0.992 3 * 0.995 0.993 0.992
7.5 0.997 0.997 0.996 3 * 0.998 0.997 0.996
8.0 0.998 0.998 0.997 3 * 0.998 0.998 0.997
8.5 0.998 0.998 0.998 3 * 0.999 0.998 0.998
9.0 0.999 0.999 0.999 3 * 1.000 0.999 0.999
9.5 0.999 0.999 0.999 3 * 0.999 0.999 0.999
10.0 1.000 1.000 1.000 3 * 1.000 1.000 1.000
0.5 0.005 0.005 0.000 3 * 0.014 0.000 0.000
1.0 0.022 0.022 0.000 3 * 0.067 0.000 0.000
1.5 0.031 0.014 0.000 3 * 0.041 0.000 0.000
2.0 0.229 0.238 0.096 3 * 0.257 0.137 0.096
2.5 0.544 0.635 0.197 3 * 0.740 0.622 0.197
3.0 0.679 0.782 0.313 3 * 0.857 0.787 0.313
3.5 0.738 0.854 0.336 3 * 0.908 0.876 0.336
4.0 0.787 0.841 0.585 3 * 0.898 0.866 0.585
4.5 0.946 0.946 0.931 3 * 0.965 0.940 0.931
5.0 0.970 0.970 0.964 3 * 0.978 0.969 0.964
5.5 0.851 0.851 0.794 3 * 0.904 0.856 0.794
6.0 0.988 0.988 0.985 3 * 0.992 0.987 0.985
6.5 0.992 0.992 0.990 3 * 0.994 0.991 0.990
7.0 0.994 0.994 0.993 3 * 0.995 0.993 0.993
7.5 0.995 0.995 0.994 3 * 0.996 0.995 0.994
8.0 0.998 0.998 0.997 3 * 0.998 0.998 0.997
8.5 0.999 0.999 0.998 3 * 0.999 0.998 0.998
9.0 0.999 0.999 0.999 3 * 1.000 0.999 0.999
9.5 0.999 0.999 0.999 3 * 0.999 0.999 0.999
10.0 0.999 0.999 0.999 3 * 0.999 0.999 0.999
0.5 0.004 0.004 0.000 3 * 0.011 0.000 0.000
1.0 0.017 0.017 0.000 3 * 0.051 0.000 0.000
1.5 0.146 0.122 0.000 3 * 0.325 0.023 0.000
2.0 0.286 0.321 0.104 3 * 0.494 0.253 0.104
2.5 0.466 0.548 0.201 3 * 0.745 0.377 0.201
3.0 0.675 0.785 0.305 3 * 0.851 0.792 0.305
3.5 0.733 0.857 0.310 3 * 0.918 0.876 0.310
4.0 0.766 0.819 0.558 3 * 0.882 0.841 0.558
4.5 0.854 0.854 0.836 3 * 0.879 0.846 0.836
5.0 0.970 0.970 0.964 3 * 0.977 0.968 0.964
5.5 0.977 0.977 0.971 3 * 0.984 0.976 0.971
6.0 0.986 0.986 0.984 3 * 0.990 0.985 0.984
6.5 0.991 0.991 0.989 3 * 0.993 0.990 0.989
7.0 0.994 0.994 0.993 3 * 0.995 0.993 0.993
7.5 0.995 0.995 0.994 3 * 0.996 0.995 0.994
8.0 0.998 0.998 0.997 3 * 0.998 0.997 0.997
8.5 0.915 0.959 0.751 3 * 0.997 0.996 0.751
9.0 0.999 0.999 0.999 3 * 0.999 0.999 0.999
9.5 0.999 0.999 0.999 3 * 0.999 0.999 0.999
10.0 0.999 0.999 0.999 3 * 0.999 0.999 0.999
0.5 0.005 0.005 0.000 3 * 0.014 0.000 0.000
1.0 0.018 0.018 0.000 3 * 0.053 0.000 0.000
1.5 0.076 0.154 0.000 3 * 0.190 0.030 0.000
2.0 0.220 0.307 0.053 3 * 0.389 0.104 0.053
2.5 0.428 0.461 0.268 3 * 0.648 0.264 0.268
3.0 0.673 0.792 0.278 3 * 0.860 0.801 0.278
3.5 0.759 0.825 0.461 3 * 0.878 0.847 0.461
4.0 0.774 0.821 0.560 3 * 0.879 0.845 0.560
4.5 0.848 0.902 0.657 3 * 0.953 0.930 0.657
5.0 0.969 0.969 0.962 3 * 0.978 0.968 0.962
5.5 0.978 0.978 0.974 3 * 0.983 0.977 0.974
6.0 0.987 0.987 0.985 3 * 0.990 0.986 0.985
6.5 0.992 0.992 0.990 3 * 0.994 0.991 0.990
7.0 0.995 0.995 0.994 3 * 0.996 0.995 0.994
7.5 0.995 0.995 0.994 3 * 0.996 0.995 0.994
8.0 0.997 0.997 0.997 3 * 0.998 0.997 0.997
8.5 0.998 0.998 0.998 3 * 0.999 0.998 0.998
9.0 0.999 0.999 0.998 3 * 0.999 0.999 0.998
9.5 0.999 0.999 0.999 3 * 0.999 0.999 0.999
10.0 0.999 0.999 0.999 3 * 0.999 0.999 0.999
0.5 0.005 0.005 0.000 3 * 0.014 0.000 0.000
1.0 0.025 0.025 0.000 3 * 0.075 0.000 0.000
1.5 0.117 0.101 0.000 3 * 0.298 0.006 0.000
2.0 0.243 0.323 0.087 3 * 0.410 0.133 0.087
2.5 0.413 0.443 0.204 3 * 0.558 0.418 0.204
3.0 0.682 0.783 0.328 3 * 0.842 0.796 0.328
3.5 0.735 0.855 0.322 3 * 0.911 0.876 0.322
4.0 0.776 0.896 0.359 3 * 0.946 0.922 0.359
4.5 0.906 0.906 0.891 3 * 0.927 0.900 0.891
5.0 0.969 0.969 0.963 3 * 0.977 0.968 0.963
5.5 0.981 0.981 0.978 3 * 0.986 0.980 0.978
6.0 0.985 0.985 0.983 3 * 0.988 0.984 0.983
6.5 0.991 0.991 0.989 3 * 0.993 0.990 0.989
7.0 0.994 0.994 0.993 3 * 0.995 0.994 0.993
7.5 0.996 0.996 0.995 3 * 0.997 0.996 0.995
8.0 0.997 0.997 0.996 3 * 0.998 0.997 0.996
8.5 0.999 0.999 0.998 3 * 0.999 0.998 0.998
9.0 0.999 0.999 0.999 3 * 0.999 0.999 0.999
9.5 0.999 0.999 0.999 3 * 0.999 0.999 0.999
10.0 0.999 0.999 0.999 3 * 1.000 0.999 0.999
0.5 0.004 0.004 0.000 3 * 0.013 0.000 0.000
1.0 0.038 0.038 0.000 3 * 0.113 0.000 0.000
1.5 0.135 0.226 0.000 3 * 0.302 0.028 0.000
2.0 0.226 0.224 0.089 3 * 0.424 0.142 0.089
2.5 0.585 0.693 0.216 3 * 0.784 0.684 0.216
3.0 0.678 0.797 0.286 3 * 0.860 0.809 0.286
3.5 0.729 0.852 0.321 3 * 0.904 0.873 0.321
4.0 0.771 0.826 0.557 3 * 0.887 0.850 0.557
4.5 0.829 0.886 0.632 3 * 0.935 0.915 0.632
5.0 0.973 0.973 0.966 3 * 0.981 0.971 0.966
5.5 0.981 0.981 0.976 3 * 0.986 0.979 0.976
6.0 0.986 0.986 0.984 3 * 0.988 0.985 0.984
6.5 0.990 0.990 0.988 3 * 0.992 0.990 0.988
7.0 0.994 0.994 0.992 3 * 0.996 0.994 0.992
7.5 0.996 0.996 0.995 3 * 0.997 0.996 0.995
8.0 0.997 0.997 0.996 3 * 0.997 0.997 0.996
8.5 0.999 0.999 0.999 3 * 0.999 0.999 0.999
9.0 0.999 0.999 0.998 3 * 0.999 0.999 0.998
9.5 0.999 0.999 0.999 3 * 0.999 0.999 0.999
10.0 0.999 0.999 0.999 3 * 1.000 0.999 0.999
0.5 0.005 0.005 0.000 3 * 0.016 0.000 0.000
1.0 0.032 0.052 0.000 3 * 0.095 0.000 0.000
1.5 0.068 0.133 0.000 3 * 0.025 0.122 0.000
2.0 0.191 0.276 0.093 3 * 0.324 0.138 0.093
2.5 0.480 0.513 0.287 3 * 0.606 0.497 0.287
3.0 0.684 0.757 0.382 3 * 0.823 0.766 0.382
3.5 0.735 0.857 0.316 3 * 0.914 0.878 0.316
4.0 0.774 0.828 0.569 3 * 0.884 0.853 0.569
4.5 0.834 0.894 0.631 3 * 0.942 0.924 0.631
5.0 0.929 0.929 0.918 3 * 0.944 0.926 0.918
5.5 0.981 0.981 0.977 3 * 0.987 0.980 0.977
6.0 0.986 0.986 0.984 3 * 0.989 0.986 0.984
6.5 0.991 0.991 0.989 3 * 0.993 0.991 0.989
7.0 0.994 0.994 0.993 3 * 0.996 0.994 0.993
7.5 0.996 0.996 0.995 3 * 0.997 0.996 0.995
8.0 0.998 0.998 0.997 3 * 0.998 0.997 0.997
8.5 0.999 0.999 0.998 3 * 0.999 0.998 0.998
9.0 0.999 0.999 0.999 3 * 0.999 0.999 0.999
9.5 0.999 0.999 0.999 3 * 0.999 0.999 0.999
10.0 0.999 0.999 0.999 3 * 1.000 0.999 0.999
0.5 0.003 0.003 0.000 3 * 0.010 0.000 0.000
1.0 0.051 0.100 0.000 3 * 0.153 0.000 0.000
1.5 0.166 0.182 0.000 3 * 0.320 0.012 0.000
2.0 0.214 0.188 0.074 3 * 0.214 0.126 0.074
2.5 0.548 0.632 0.232 3 * 0.731 0.618 0.232
3.0 0.675 0.793 0.283 3 * 0.861 0.801 0.283
3.5 0.733 0.852 0.318 3 * 0.910 0.872 0.318
4.0 0.774 0.827 0.560 3 * 0.887 0.849 0.560
4.5 0.856 0.856 0.837 3 * 0.884 0.846 0.837
5.0 0.971 0.971 0.965 3 * 0.978 0.970 0.965
5.5 0.980 0.980 0.976 3 * 0.985 0.979 0.976
6.0 0.988 0.988 0.986 3 * 0.991 0.987 0.986
6.5 0.992 0.992 0.991 3 * 0.994 0.992 0.991
7.0 0.993 0.993 0.992 3 * 0.995 0.993 0.992
7.5 0.996 0.996 0.995 3 * 0.997 0.996 0.995
8.0 0.997 0.997 0.997 3 * 0.997 0.997 0.997
8.5 0.998 0.998 0.998 3 * 0.999 0.998 0.998
9.0 0.999 0.999 0.999 3 * 0.999 0.999 0.999
9.5 0.999 0.999 0.999 3 * 0.999 0.999 0.999
10.0 0.999 0.999 0.999 3 * 0.999 0.999 0.999
0.5 0.002 0.002 0.000 3 * 0.007 0.000 0.000
1.0 0.022 0.027 0.000 3 * 0.066 0.000 0.000
1.5 0.146 0.180 0.000 3 * 0.300 0.000 0.000
2.0 0.245 0.288 0.067 3 * 0.366 0.222 0.067
2.5 0.497 0.535 0.281 3 * 0.630 0.521 0.281
3.0 0.663 0.782 0.264 3 * 0.851 0.791 0.264
3.5 0.773 0.837 0.483 3 * 0.889 0.858 0.483
4.0 0.776 0.825 0.568 3 * 0.882 0.849 0.568
4.5 0.862 0.916 0.669 3 * 0.962 0.947 0.669
5.0 0.973 0.973 0.966 3 * 0.980 0.971 0.966
5.5 0.979 0.979 0.975 3 * 0.985 0.978 0.975
6.0 0.987 0.987 0.984 3 * 0.991 0.986 0.984
6.5 0.992 0.992 0.990 3 * 0.993 0.992 0.990
7.0 0.994 0.994 0.993 3 * 0.996 0.994 0.993
7.5 0.995 0.995 0.994 3 * 0.996 0.995 0.994
8.0 0.997 0.997 0.996 3 * 0.997 0.996 0.996
8.5 0.999 0.999 0.998 3 * 0.999 0.998 0.998
9.0 0.998 0.998 0.998 3 * 0.999 0.998 0.998
9.5 1.000 1.000 1.000 3 * 1.000 1.000 1.000
10.0 0.999 0.999 0.999 3 * 1.000 0.999 0.999
0.5 0.004 0.004 0.000 3 * 0.012 0.000 0.000
1.0 0.025 0.025 0.000 3 * 0.074 0.000 0.000
1.5 0.139 0.228 0.000 3 * 0.308 0.053 0.000
2.0 0.287 0.388 0.000 3 * 0.487 0.219 0.000
2.5 0.513 0.555 0.286 3 * 0.657 0.537 0.286
3.0 0.672 0.785 0.283 3 * 0.856 0.793 0.283
3.5 0.758 0.826 0.464 3 * 0.877 0.846 0.464
4.0 0.799 0.855 0.596 3 * 0.910 0.881 0.596
4.5 0.922 0.922 0.911 3 * 0.937 0.918 0.911
5.0 0.974 0.974 0.967 3 * 0.983 0.973 0.967
5.5 0.980 0.980 0.977 3 * 0.984 0.979 0.977
6.0 0.985 0.985 0.983 3 * 0.989 0.984 0.983
6.5 0.992 0.992 0.990 3 * 0.993 0.991 0.990
7.0 0.994 0.994 0.993 3 * 0.996 0.994 0.993
7.5 0.997 0.997 0.996 3 * 0.997 0.996 0.996
8.0 0.997 0.997 0.997 3 * 0.998 0.997 0.997
8.5 0.998 0.998 0.998 3 * 0.998 0.998 0.998
9.0 0.999 0.999 0.999 3 * 0.999 0.999 0.999
9.5 0.999 0.999 0.999 3 * 0.999 0.999 0.999
10.0 0.999 0.999 0.999 3 * 0.999 0.999 0.999
0.5 0.006 0.006 0.000 3 * 0.017 0.000 0.000
1.0 0.041 0.053 0.000 3 * 0.124 0.000 0.000
1.5 0.177 0.272 0.000 3 * 0.350 0.109 0.000
2.0 0.245 0.331 0.075 3 * 0.421 0.136 0.075
2.5 0.562 0.640 0.261 3 * 0.729 0.632 0.261
3.0 0.674 0.795 0.285 3 * 0.862 0.801 0.285
3.5 0.733 0.853 0.325 3 * 0.909 0.873 0.325
4.0 0.772 0.826 0.557 3 * 0.887 0.847 0.557
4.5 0.917 0.917 0.901 3 * 0.936 0.912 0.901
5.0 0.972 0.972 0.966 3 * 0.978 0.971 0.966
5.5 0.982 0.982 0.978 3 * 0.986 0.982 0.978
6.0 0.986 0.986 0.984 3 * 0.989 0.985 0.984
6.5 0.992 0.992 0.991 3 * 0.994 0.992 0.991
7.0 0.994 0.994 0.994 3 * 0.995 0.994 0.994
7.5 0.996 0.996 0.995 3 * 0.997 0.996 0.995
8.0 0.997 0.997 0.996 3 * 0.998 0.997 0.996
8.5 0.998 0.998 0.998 3 * 0.999 0.998 0.998
9.0 0.999 0.999 0.999 3 * 0.999 0.999 0.999
9.5 0.999 0.999 0.999 3 * 0.999 0.999 0.999
10.0 0.999 0.999 0.999 3 * 0.999 0.999 0.999
0.5 0.002 0.002 0.000 3 * 0.007 0.000 0.000
1.0 0.033 0.033 0.000 3 * 0.100 0.000 0.000
1.5 0.131 0.230 0.000 3 * 0.306 0.011 0.000
2.0 0.227 0.222 0.108 3 * 0.419 0.139 0.108
2.5 0.549 0.620 0.267 3 * 0.723 0.599 0.267
3.0 0.667 0.786 0.270 3 * 0.858 0.792 0.270
3.5 0.753 0.819 0.455 3 * 0.873 0.839 0.455
4.0 0.821 0.893 0.501 3 * 0.943 0.919 0.501
4.5 0.900 0.900 0.884 3 * 0.923 0.893 0.884
5.0 0.957 0.957 0.949 3 * 0.968 0.954 0.949
5.5 0.982 0.982 0.979 3 * 0.986 0.981 0.979
6.0 0.987 0.987 0.985 3 * 0.990 0.986 0.985
6.5 0.991 0.991 0.990 3 * 0.993 0.990 0.990
7.0 0.993 0.993 0.992 3 * 0.995 0.993 0.992
7.5 0.996 0.996 0.996 3 * 0.997 0.996 0.996
8.0 0.998 0.998 0.998 3 * 0.998 0.998 0.998
8.5 0.998 0.998 0.998 3 * 0.999 0.998 0.998
9.0 0.999 0.999 0.998 3 * 0.999 0.999 0.998
9.5 0.999 0.999 0.999 3 * 0.999 0.999 0.999
10.0 0.999 0.999 0.999 3 * 0.999 0.999 0.999
0.5 0.004 0.004 0.000 3 * 0.011 0.000 0.000
1.0 0.014 0.014 0.000 3 * 0.043 0.000 0.000
1.5 0.138 0.204 0.000 3 * 0.312 0.072 0.000
2.0 0.207 0.194 0.069 3 * 0.385 0.108 0.069
2.5 0.553 0.649 0.200 3 * 0.756 0.633 0.200
3.0 0.678 0.739 0.407 3 * 0.808 0.745 0.407
3.5 0.739 0.855 0.339 3 * 0.910 0.876 0.339
4.0 0.776 0.897 0.357 3 * 0.948 0.922 0.357
4.5 0.819 0.875 0.619 3 * 0.929 0.902 0.619
5.0 0.971 0.971 0.964 3 * 0.980 0.970 0.964
5.5 0.979 0.979 0.974 3 * 0.985 0.978 0.974
6.0 0.987 0.987 0.984 3 * 0.990 0.986 0.984
6.5 0.990 0.990 0.989 3 * 0.992 0.990 0.989
7.0 0.994 0.994 0.993 3 * 0.995 0.993 0.993
7.5 0.996 0.996 0.996 3 * 0.997 0.996 0.996
8.0 0.998 0.998 0.997 3 * 0.998 0.998 0.997
8.5 0.998 0.998 0.998 3 * 0.999 0.998 0.998
9.0 0.999 0.999 0.999 3 * 0.999 0.999 0.999
9.5 0.999 0.999 0.999 3 * 0.999 0.999 0.999
10.0 0.999 0.999 0.999 3 * 1.000 0.999 0.999
0.5 0.007 0.007 0.000 3 * 0.022 0.000 0.000
1.0 0.028 0.028 0.000 3 * 0.084 0.000 0.000
1.5 0.104 0.130 0.000 3 * 0.152 0.123 0.000
2.0 0.274 0.306 0.062 3 * 0.464 0.244 0.062
2.5 0.569 0.667 0.222 3 * 0.762 0.655 0.222
3.0 0.666 0.785 0.272 3 * 0.857 0.790 0.272
3.5 0.730 0.853 0.313 3 * 0.912 0.872 0.313
4.0 0.773 0.894 0.351 3 * 0.946 0.920 0.351
4.5 0.920 0.920 0.905 3 * 0.940 0.915 0.905
5.0 0.972 0.972 0.966 3 * 0.979 0.971 0.966
5.5 0.981 0.981 0.977 3 * 0.986 0.980 0.977
6.0 0.987 0.987 0.984 3 * 0.990 0.986 0.984
6.5 0.990 0.990 0.988 3 * 0.993 0.989 0.988
7.0 0.993 0.993 0.992 3 * 0.995 0.993 0.992
7.5 0.996 0.996 0.995 3 * 0.997 0.996 0.995
8.0 0.998 0.998 0.997 3 * 0.998 0.997 0.997
8.5 0.999 0.999 0.998 3 * 0.999 0.998 0.998
9.0 0.998 0.998 0.998 3 * 0.998 0.998 0.998
9.5 0.999 0.999 0.999 3 * 1.000 0.999 0.999
10.0 1.000 1.000 1.000 3 * 1.000 1.000 1.000
0.5 0.007 0.007 0.000 3 * 0.021 0.000 0.000
1.0 0.031 0.031 0.000 3 * 0.092 0.000 0.000
1.5 0.085 0.129 0.000 3 * 0.201 0.000 0.000
2.0 0.230 0.318 0.080 3 * 0.402 0.127 0.080
2.5 0.484 0.572 0.182 3 * 0.771 0.375 0.182
3.0 0.678 0.794 0.290 3 * 0.860 0.804 0.290
3.5 0.728 0.851 0.316 3 * 0.908 0.870 0.316
4.0 0.792 0.846 0.589 3 * 0.904 0.871 0.589
4.5 0.828 0.886 0.626 3 * 0.936 0.915 0.626
5.0 0.969 0.969 0.963 3 * 0.976 0.967 0.963
5.5 0.981 0.981 0.976 3 * 0.987 0.979 0.976
6.0 0.986 0.986 0.983 3 * 0.990 0.986 0.983
6.5 0.991 0.991 0.990 3 * 0.993 0.991 0.990
7.0 0.994 0.994 0.993 3 * 0.996 0.994 0.993
7.5 0.995 0.995 0.994 3 * 0.996 0.995 0.994
8.0 0.997 0.997 0.997 3 * 0.998 0.997 0.997
8.5 0.998 0.998 0.998 3 * 0.999 0.998 0.998
9.0 0.999 0.999 0.999 3 * 0.999 0.999 0.999
9.5 0.999 0.999 0.999 3 * 0.999 0.999 0.999
10.0 0.999 0.999 0.999 3 * 0.999 0.999 0.999
0.5 0.002 0.002 0.000 3 * 0.007 0.000 0.000
1.0 0.041 0.041 0.000 3 * 0.124 0.000 0.000
1.5 0.161 0.109 0.000 3 * 0.306 0.018 0.000
2.0 0.254 0.215 0.032 3 * 0.403 0.073 0.032
2.5 0.535 0.617 0.224 3 * 0.723 0.598 0.224
3.0 0.674 0.792 0.283 3 * 0.859 0.801 0.283
3.5 0.767 0.835 0.462 3 * 0.891 0.855 0.462
4.0 0.798 0.855 0.597 3 * 0.911 0.881 0.597
4.5 0.827 0.885 0.625 3 * 0.937 0.914 0.625
5.0 0.971 0.971 0.966 3 * 0.979 0.969 0.966
5.5 0.981 0.981 0.978 3 * 0.985 0.980 0.978
6.0 0.986 0.986 0.983 3 * 0.989 0.985 0.983
6.5 0.991 0.991 0.989 3 * 0.994 0.991 0.989
7.0 0.995 0.995 0.994 3 * 0.996 0.994 0.994
7.5 0.997 0.997 0.996 3 * 0.997 0.996 0.996
8.0 0.998 0.998 0.997 3 * 0.998 0.998 0.997
8.5 0.998 0.998 0.998 3 * 0.998 0.998 0.998
9.0 0.999 0.999 0.999 3 * 0.999 0.999 0.999
9.5 0.999 0.999 0.999 3 * 0.999 0.999 0.999
10.0 0.999 0.999 0.999 3 * 1.000 0.999 0.999
0.5 0.006 0.006 0.000 3 * 0.018 0.000 0.000
1.0 0.015 0.015 0.000 3 * 0.044 0.000 0.000
1.5 0.145 0.133 0.000 3 * 0.251 0.053 0.000
2.0 0.258 0.313 0.084 3 * 0.382 0.247 0.084
2.5 0.518 0.599 0.216 3 * 0.711 0.573 0.216
3.0 0.580 0.646 0.314 3 * 0.842 0.485 0.314
3.5 0.732 0.853 0.313 3 * 0.910 0.874 0.313
4.0 0.767 0.825 0.552 3 * 0.883 0.849 0.552
4.5 0.824 0.879 0.628 3 * 0.928 0.909 0.628
5.0 0.952 0.952 0.944 3 * 0.963 0.949 0.944
5.5 0.981 0.981 0.978 3 * 0.986 0.980 0.978
6.0 0.987 0.987 0.985 3 * 0.990 0.986 0.985
6.5 0.990 0.990 0.989 3 * 0.992 0.990 0.989
7.0 0.994 0.994 0.993 3 * 0.995 0.994 0.993
7.5 0.995 0.995 0.995 3 * 0.997 0.995 0.995
8.0 0.997 0.997 0.997 3 * 0.998 0.997 0.997
8.5 0.998 0.998 0.998 3 * 0.999 0.998 0.998
9.0 0.999 0.999 0.999 3 * 1.000 0.999 0.999
9.5 0.999 0.999 0.999 3 * 0.999 0.999 0.999
10.0 0.999 0.999 0.999 3 * 1.000 0.999 0.999
0.5 0.006 0.006 0.000 3 * 0.017 0.000 0.000
1.0 0.017 0.017 0.000 3 * 0.050 0.000 0.000
1.5 0.170 0.238 0.000 3 * 0.310 0.148 0.000
2.0 0.237 0.312 0.021 3 * 0.416 0.066 0.021
2.5 0.507 0.545 0.277 3 * 0.657 0.528 0.277
3.0 0.675 0.787 0.292 3 * 0.854 0.796 0.292
3.5 0.730 0.852 0.310 3 * 0.912 0.871 0.310
4.0 0.767 0.835 0.570 3 * 0.867 0.849 0.570
4.5 0.906 0.906 0.890 3 * 0.929 0.900 0.890
5.0 0.970 0.970 0.965 3 * 0.978 0.969 0.965
5.5 0.980 0.980 0.977 3 * 0.985 0.980 0.977
6.0 0.987 0.987 0.985 3 * 0.990 0.986 0.985
6.5 0.990 0.990 0.988 3 * 0.992 0.990 0.988
7.0 0.993 0.993 0.991 3 * 0.995 0.992 0.991
7.5 0.996 0.996 0.995 3 * 0.997 0.996 0.995
8.0 0.997 0.997 0.997 3 * 0.998 0.997 0.997
8.5 0.998 0.998 0.997 3 * 0.998 0.997 0.997
9.0 0.998 0.998 0.998 3 * 0.999 0.998 0.998
9.5 0.998 0.998 0.998 3 * 0.998 0.998 0.998
10.0 0.999 0.999 0.999 3 * 0.999 0.999 0.999
0.5 0.004 0.004 0.000 3 * 0.013 0.000 0.000
1.0 0.014 0.014 0.000 3 * 0.041 0.000 0.000
1.5 0.117 0.217 0.000 3 * 0.286 0.000 0.000
2.0 0.309 0.320 0.088 3 * 0.470 0.253 0.088
2.5 0.537 0.585 0.304 3 * 0.674 0.573 0.304
3.0 0.668 0.787 0.277 3 * 0.855 0.794 0.277
3.5 0.744 0.854 0.351 3 * 0.908 0.876 0.351
4.0 0.789 0.847 0.582 3 * 0.903 0.872 0.582
4.5 0.884 0.884 0.868 3 * 0.906 0.877 0.868
5.0 0.876 0.935 0.674 3 * 0.979 0.967 0.674
5.5 0.982 0.982 0.979 3 * 0.986 0.980 0.979
6.0 0.985 0.985 0.982 3 * 0.989 0.984 0.982
6.5 0.991 0.991 0.989 3 * 0.993 0.990 0.989
7.0 0.995 0.995 0.994 3 * 0.996 0.995 0.994
7.5 0.996 0.996 0.996 3 * 0.997 0.996 0.996
8.0 0.998 0.998 0.997 3 * 0.998 0.998 0.997
8.5 0.998 0.998 0.997 3 * 0.998 0.998 0.997
9.0 0.998 0.998 0.998 3 * 0.999 0.998 0.998
9.5 0.999 0.999 0.998 3 * 0.999 0.999 0.998
10.0 0.999 0.999 0.999 3 * 0.999 0.999 0.999
0.5 0.005 0.005 0.000 3 * 0.016 0.000 0.000
1.0 0.012 0.012 0.000 3 * 0.036 0.000 0.000
1.5 0.085 0.101 0.000 3 * 0.124 0.074 0.000
2.0 0.224 0.234 0.070 3 * 0.422 0.106 0.070
2.5 0.530 0.631 0.175 3 * 0.744 0.609 0.175
3.0 0.670 0.786 0.279 3 * 0.853 0.795 0.279
3.5 0.730 0.851 0.324 3 * 0.905 0.870 0.324
4.0 0.792 0.848 0.591 3 * 0.906 0.873 0.591
4.5 0.836 0.895 0.632 3 * 0.946 0.924 0.632
5.0 0.957 0.957 0.950 3 * 0.967 0.956 0.950
5.5 0.981 0.981 0.977 3 * 0.986 0.980 0.977
6.0 0.988 0.988 0.986 3 * 0.990 0.987 0.986
6.5 0.992 0.992 0.991 3 * 0.995 0.992 0.991
7.0 0.993 0.993 0.992 3 * 0.994 0.993 0.992
7.5 0.996 0.996 0.995 3 * 0.997 0.996 0.995
8.0 0.997 0.997 0.996 3 * 0.998 0.997 0.996
8.5 0.998 0.998 0.998 3 * 0.999 0.998 0.998
9.0 0.999 0.999 0.998 3 * 0.999 0.998 0.998
9.5 0.999 0.999 0.999 3 * 0.999 0.999 0.999
10.0 0.999 0.999 0.999 3 * 0.999 0.999 0.999
0.5 0.007 0.007 0.000 3 * 0.022 0.000 0.000
1.0 0.012 0.012 0.000 3 * 0.036 0.000 0.000
1.5 0.155 0.210 0.000 3 * 0.292 0.090 0.000
2.0 0.198 0.279 0.060 3 * 0.342 0.134 0.060
2.5 0.428 0.410 0.304 3 * 0.536 0.389 0.304
3.0 0.664 0.718 0.411 3 * 0.784 0.725 0.411
3.5 0.731 0.853 0.315 3 * 0.913 0.871 0.315
4.0 0.778 0.832 0.577 3 * 0.891 0.854 0.577
4.5 0.949 0.949 0.934 3 * 0.967 0.945 0.934
5.0 0.971 0.971 0.965 3 * 0.978 0.970 0.965
5.5 0.981 0.981 0.977 3 * 0.985 0.980 0.977
6.0 0.986 0.986 0.983 3 * 0.990 0.985 0.983
6.5 0.991 0.991 0.990 3 * 0.993 0.991 0.990
7.0 0.993 0.993 0.992 3 * 0.995 0.993 0.992
7.5 0.996 0.996 0.995 3 * 0.997 0.996 0.995
8.0 0.997 0.997 0.997 3 * 0.998 0.997 0.997
8.5 0.998 0.998 0.998 3 * 0.999 0.998 0.998
9.0 0.999 0.999 0.998 3 * 0.999 0.998 0.998
9.5 0.999 0.999 0.999 3 * 0.999 0.999 0.999
10.0 1.000 1.000 1.000 3 * 1.000 1.000 1.000
0.5 0.006 0.006 0.000 3 * 0.019 0.000 0.000
1.0 0.014 0.014 0.000 3 * 0.043 0.000 0.000
1.5 0.157 0.276 0.000 3 * 0.349 0.088 0.000
2.0 0.236 0.286 0.011 3 * 0.380 0.128 0.011
2.5 0.488 0.507 0.250 3 * 0.695 0.419 0.250
3.0 0.678 0.793 0.295 3 * 0.861 0.801 0.295
3.5 0.730 0.850 0.316 3 * 0.905 0.872 0.316
4.0 0.788 0.846 0.581 3 * 0.904 0.871 0.581
4.5 0.908 0.908 0.895 3 * 0.926 0.904 0.895
5.0 0.972 0.972 0.965 3 * 0.979 0.970 0.965
5.5 0.982 0.982 0.978 3 * 0.986 0.981 0.978
6.0 0.987 0.987 0.984 3 * 0.990 0.986 0.984
6.5 0.992 0.992 0.991 3 * 0.994 0.992 0.991
7.0 0.995 0.995 0.994 3 * 0.997 0.994 0.994
7.5 0.996 0.996 0.995 3 * 0.997 0.995 0.995
8.0 0.997 0.997 0.996 3 * 0.997 0.996 0.996
8.5 0.997 0.997 0.997 3 * 0.998 0.997 0.997
9.0 0.999 0.999 0.999 3 * 0.999 0.999 0.999
9.5 0.999 0.999 0.999 3 * 1.000 0.999 0.999
10.0 0.999 0.999 0.999 3 * 0.999 0.999 0.999
0.5 0.002 0.002 0.000 3 * 0.006 0.000 0.000
1.0 0.050 0.064 0.000 3 * 0.151 0.000 0.000
1.5 0.139 0.189 0.000 3 * 0.260 0.103 0.000
2.0 0.299 0.337 0.069 3 * 0.496 0.271 0.069
2.5 0.485 0.572 0.178 3 * 0.769 0.377 0.178
3.0 0.672 0.764 0.334 3 * 0.831 0.773 0.334
3.5 0.739 0.858 0.327 3 * 0.914 0.879 0.327
4.0 0.778 0.833 0.572 3 * 0.894 0.855 0.572
4.5 0.930 0.930 0.917 3 * 0.947 0.927 0.917
5.0 0.972 0.972 0.966 3 * 0.980 0.971 0.966
5.5 0.981 0.981 0.977 3 * 0.986 0.980 0.977
6.0 0.988 0.988 0.985 3 * 0.991 0.987 0.985
6.5 0.993 0.993 0.992 3 * 0.994 0.993 0.992
7.0 0.994 0.994 0.993 3 * 0.995 0.993 0.993
7.5 0.997 0.997 0.997 3 * 0.998 0.997 0.997
8.0 0.997 0.997 0.996 3 * 0.998 0.996 0.996
8.5 0.998 0.998 0.998 3 * 0.998 0.998 0.998
9.0 0.999 0.999 0.999 3 * 0.999 0.999 0.999
9.5 0.919 0.962 0.760 3 * 0.999 0.999 0.760
10.0 0.999 0.999 0.999 3 * 0.999 0.999 0.999
0.5 0.002 0.002 0.000 3 * 0.007 0.000 0.000
1.0 0.028 0.028 0.000 3 * 0.084 0.000 0.000
1.5 0.107 0.123 0.000 3 * 0.159 0.011 0.000
2.0 0.232 0.227 0.074 3 * 0.426 0.149 0.074
2.5 0.554 0.648 0.210 3 * 0.753 0.632 0.210
3.0 0.665 0.787 0.266 3 * 0.854 0.795 0.266
3.5 0.732 0.854 0.317 3 * 0.910 0.874 0.317
4.0 0.776 0.897 0.355 3 * 0.949 0.922 0.355
4.5 0.954 0.954 0.943 3 * 0.966 0.951 0.943
5.0 0.970 0.970 0.964 3 * 0.978 0.968 0.964
5.5 0.981 0.981 0.977 3 * 0.986 0.980 0.977
6.0 0.987 0.987 0.985 3 * 0.990 0.986 0.985
6.5 0.990 0.990 0.988 3 * 0.992 0.989 0.988
7.0 0.994 0.994 0.994 3 * 0.996 0.994 0.994
7.5 0.997 0.997 0.996 3 * 0.997 0.996 0.996
8.0 0.998 0.998 0.997 3 * 0.998 0.998 0.997
8.5 0.998 0.998 0.997 3 * 0.998 0.997 0.997
9.0 0.999 0.999 0.999 3 * 0.999 0.999 0.999
9.5 0.999 0.999 0.999 3 * 0.999 0.999 0.999
10.0 0.999 0.999 0.999 3 * 1.000 0.999 0.999
0.5 0.006 0.006 0.000 3 * 0.017 0.000 0.000
1.0 0.009 0.009 0.000 3 * 0.027 0.000 0.000
1.5 0.105 0.214 0.000 3 * 0.280 0.015 0.000
2.0 0.230 0.260 0.100 3 * 0.309 0.146 0.100
2.5 0.491 0.534 0.241 3 * 0.725 0.399 0.241
3.0 0.679 0.788 0.305 3 * 0.852 0.798 0.305
3.5 0.735 0.855 0.327 3 * 0.910 0.875 0.327
4.0 0.773 0.826 0.565 3 * 0.886 0.849 0.565
4.5 0.806 0.866 0.600 3 * 0.919 0.893 0.600
5.0 0.971 0.971 0.964 3 * 0.980 0.969 0.964
5.5 0.979 0.979 0.975 3 * 0.984 0.979 0.975
6.0 0.987 0.987 0.985 3 * 0.990 0.986 0.985
6.5 0.992 0.992 0.990 3 * 0.994 0.991 0.990
7.0 0.994 0.994 0.993 3 * 0.995 0.994 0.993
7.5 0.997 0.997 0.996 3 * 0.997 0.996 0.996
8.0 0.997 0.997 0.997 3 * 0.998 0.997 0.997
8.5 0.998 0.998 0.998 3 * 0.998 0.998 0.998
9.0 0.999 0.999 0.999 3 * 0.999 0.999 0.999
9.5 0.999 0.999 0.999 3 * 0.999 0.999 0.999
10.0 1.000 1.000 0.999 3 * 1.000 1.000 0.999
0.5 0.003 0.003 0.000 3 * 0.008 0.000 0.000
1.0 0.024 0.024 0.000 3 * 0.072 0.000 0.000
1.5 0.079 0.082 0.000 3 * 0.138 0.050 0.000
2.0 0.262 0.301 0.082 3 * 0.469 0.231 0.082
2.5 0.542 0.634 0.215 3 * 0.743 0.610 0.215
3.0 0.671 0.786 0.286 3 * 0.850 0.796 0.286
3.5 0.737 0.861 0.312 3 * 0.920 0.882 0.312
4.0 0.777 0.831 0.569 3 * 0.891 0.853 0.569
4.5 0.823 0.880 0.619 3 * 0.931 0.909 0.619
5.0 0.970 0.970 0.964 3 * 0.977 0.968 0.964
5.5 0.847 0.846 0.783 3 * 0.899 0.857 0.783
6.0 0.987 0.987 0.984 3 * 0.991 0.986 0.984
6.5 0.992 0.992 0.991 3 * 0.994 0.992 0.991
7.0 0.994 0.994 0.993 3 * 0.995 0.994 0.993
7.5 0.996 0.996 0.995 3 * 0.997 0.996 0.995
8.0 0.998 0.998 0.997 3 * 0.998 0.998 0.997
8.5 0.998 0.998 0.997 3 * 0.998 0.998 0.997
9.0 0.999 0.999 0.999 3 * 0.999 0.999 0.999
9.5 0.999 0.999 0.999 3 * 0.999 0.999 0.999
10.0 1.000 1.000 1.000 3 * 1.000 1.000 1.000
0.5 0.006 0.006 0.000 3 * 0.019 0.000 0.000
1.0 0.038 0.040 0.000 3 * 0.113 0.000 0.000
1.5 0.177 0.234 0.000 3 * 0.346 0.119 0.000
2.0 0.239 0.225 0.073 3 * 0.426 0.140 0.073
2.5 0.402 0.511 0.149 3 * 0.679 0.369 0.149
3.0 0.673 0.792 0.279 3 * 0.856 0.802 0.279
3.5 0.729 0.853 0.314 3 * 0.907 0.874 0.314
4.0 0.768 0.826 0.555 3 * 0.886 0.848 0.555
4.5 0.812 0.870 0.608 3 * 0.919 0.899 0.608
5.0 0.937 0.937 0.929 3 * 0.949 0.934 0.929
5.5 0.981 0.981 0.978 3 * 0.985 0.980 0.978
6.0 0.987 0.987 0.984 3 * 0.991 0.987 0.984
6.5 0.990 0.990 0.989 3 * 0.993 0.990 0.989
7.0 0.994 0.994 0.993 3 * 0.995 0.994 0.993
7.5 0.997 0.997 0.996 3 * 0.997 0.997 0.996
8.0 0.998 0.998 0.997 3 * 0.998 0.997 0.997
8.5 0.999 0.999 0.998 3 * 0.999 0.999 0.998
9.0 0.999 0.999 0.999 3 * 0.999 0.999 0.999
9.5 0.999 0.999 0.999 3 * 1.000 0.999 0.999
10.0 0.999 0.999 0.999 3 * 0.999 0.999 0.999
0.5 0.011 0.011 0.000 3 * 0.034 0.000 0.000
1.0 0.019 0.019 0.000 3 * 0.058 0.000 0.000
1.5 0.054 0.049 0.000 3 * 0.100 0.025 0.000
2.0 0.214 0.279 0.078 3 * 0.338 0.139 0.078
2.5 0.560 0.647 0.236 3 * 0.747 0.632 0.236
3.0 0.682 0.794 0.292 3 * 0.863 0.804 0.292
3.5 0.734 0.856 0.314 3 * 0.915 0.876 0.314
4.0 0.792 0.849 0.587 3 * 0.909 0.873 0.587
4.5 0.832 0.889 0.632 3 * 0.940 0.917 0.632
5.0 0.969 0.969 0.962 3 * 0.977 0.967 0.962
5.5 0.981 0.981 0.976 3 * 0.986 0.980 0.976
6.0 0.989 0.989 0.987 3 * 0.992 0.988 0.987
6.5 0.991 0.991 0.990 3 * 0.993 0.991 0.990
7.0 0.995 0.995 0.994 3 * 0.996 0.995 0.994
7.5 0.997 0.997 0.996 3 * 0.998 0.996 0.996
8.0 0.997 0.997 0.996 3 * 0.998 0.997 0.996
8.5 0.998 0.998 0.998 3 * 0.999 0.998 0.998
9.0 0.999 0.999 0.999 3 * 0.999 0.999 0.999
9.5 0.999 0.999 0.999 3 * 0.999 0.999 0.999
10.0 1.000 1.000 1.000 3 * 1.000 1.000 1.000
0.5 0.003 0.003 0.000 3 * 0.010 0.000 0.000
1.0 0.014 0.014 0.000 3 * 0.042 0.000 0.000
1.5 0.122 0.206 0.000 3 * 0.287 0.000 0.000
2.0 0.248 0.325 0.066 3 * 0.408 0.178 0.066
2.5 0.583 0.678 0.241 3 * 0.775 0.665 0.241
3.0 0.669 0.784 0.275 3 * 0.855 0.792 0.275
3.5 0.725 0.845 0.318 3 * 0.902 0.863 0.318
4.0 0.767 0.833 0.548 3 * 0.869 0.850 0.548
4.5 0.841 0.899 0.643 3 * 0.948 0.929 0.643
5.0 0.969 0.969 0.964 3 * 0.976 0.968 0.964
5.5 0.981 0.981 0.977 3 * 0.986 0.979 0.977
6.0 0.989 0.989 0.986 3 * 0.992 0.988 0.986
6.5 0.991 0.991 0.989 3 * 0.993 0.991 0.989
7.0 0.994 0.994 0.993 3 * 0.995 0.993 0.993
7.5 0.996 0.996 0.995 3 * 0.996 0.996 0.995
8.0 0.998 0.998 0.997 3 * 0.998 0.998 0.997
8.5 0.998 0.998 0.998 3 * 0.999 0.998 0.998
9.0 0.998 0.998 0.998 3 * 0.999 0.998 0.998
9.5 0.999 0.999 0.999 3 * 0.999 0.999 0.999
10.0 1.000 1.000 0.999 3 * 1.000 1.000 0.999
0.5 0.004 0.004 0.000 3 * 0.011 0.000 0.000
1.0 0.025 0.025 0.000 3 * 0.075 0.000 0.000
1.5 0.122 0.246 0.000 3 * 0.325 0.000 0.000
2.0 0.301 0.397 0.102 3 * 0.538 0.248 0.102
2.5 0.528 0.590 0.259 3 * 0.693 0.572 0.259
3.0 0.672 0.791 0.270 3 * 0.861 0.800 0.270
3.5 0.735 0.851 0.327 3 * 0.910 0.871 0.327
4.0 0.776 0.832 0.569 3 * 0.892 0.854 0.569
4.5 0.814 0.872 0.610 3 * 0.924 0.900 0.610
5.0 0.967 0.967 0.960 3 * 0.975 0.965 0.960
5.5 0.979 0.979 0.974 3 * 0.985 0.978 0.974
6.0 0.985 0.985 0.982 3 * 0.989 0.984 0.982
6.5 0.860 0.860 0.804 3 * 0.905 0.872 0.804
7.0 0.994 0.994 0.993 3 * 0.996 0.994 0.993
7.5 0.996 0.996 0.996 3 * 0.997 0.996 0.996
8.0 0.997 0.997 0.996 3 * 0.997 0.997 0.996
8.5 0.998 0.998 0.998 3 * 0.999 0.998 0.998
9.0 0.999 0.999 0.999 3 * 0.999 0.999 0.999
9.5 0.999 0.999 0.999 3 * 1.000 0.999 0.999
10.0 1.000 1.000 1.000 3 * 1.000 1.000 1.000
0.5 0.008 0.008 0.000 3 * 0.023 0.000 0.000
1.0 0.016 0.018 0.000 3 * 0.048 0.000 0.000
1.5 0.116 0.200 0.000 3 * 0.269 0.054 0.000
2.0 0.229 0.210 0.059 3 * 0.335 0.114 0.059
2.5 0.531 0.632 0.179 3 * 0.749 0.606 0.179
3.0 0.665 0.781 0.270 3 * 0.853 0.788 0.270
3.5 0.742 0.861 0.327 3 * 0.918 0.883 0.327
4.0 0.785 0.837 0.586 3 * 0.895 0.861 0.586
4.5 0.827 0.888 0.625 3 * 0.939 0.917 0.625
5.0 0.970 0.970 0.964 3 * 0.977 0.968 0.964
5.5 0.981 0.981 0.977 3 * 0.985 0.980 0.977
6.0 0.985 0.985 0.983 3 * 0.989 0.985 0.983
6.5 0.992 0.992 0.990 3 * 0.994 0.992 0.990
7.0 0.994 0.994 0.992 3 * 0.995 0.993 0.992
7.5 0.997 0.997 0.996 3 * 0.998 0.997 0.996
8.0 0.997 0.997 0.997 3 * 0.998 0.997 0.997
8.5 0.998 0.998 0.998 3 * 0.999 0.998 0.998
9.0 0.999 0.999 0.998 3 * 0.999 0.999 0.998
9.5 0.999 0.999 0.999 3 * 0.999 0.999 0.999
10.0 0.999 0.999 0.999 3 * 0.999 0.999 0.999
0.5 0.003 0.003 0.000 3 * 0.008 0.000 0.000
1.0 0.019 0.019 0.000 3 * 0.056 0.000 0.000
1.5 0.110 0.108 0.000 3 * 0.306 0.010 0.000
2.0 0.305 0.324 0.071 3 * 0.487 0.254 0.071
2.5 0.504 0.519 0.263 3 * 0.703 0.429 0.263
3.0 0.679 0.788 0.298 3 * 0.854 0.799 0.298
3.5 0.726 0.846 0.310 3 * 0.905 0.866 0.310
4.0 0.779 0.896 0.367 3 * 0.946 0.922 0.367
4.5 0.877 0.877 0.861 3 * 0.899 0.870 0.861
5.0 0.972 0.972 0.966 3 * 0.981 0.970 0.966
5.5 0.981 0.981 0.978 3 * 0.986 0.981 0.978
6.0 0.986 0.986 0.984 3 * 0.990 0.986 0.984
6.5 0.991 0.991 0.989 3 * 0.994 0.991 0.989
7.0 0.995 0.995 0.994 3 * 0.996 0.995 0.994
7.5 0.996 0.996 0.996 3 * 0.997 0.996 0.996
8.0 0.998 0.998 0.998 3 * 0.999 0.998 0.998
8.5 0.998 0.998 0.997 3 * 0.998 0.998 0.997
9.0 0.998 0.998 0.998 3 * 0.999 0.998 0.998
9.5 0.999 0.999 0.999 3 * 0.999 0.999 0.999
10.0 0.999 0.999 0.999 3 * 0.999 0.999 0.999
0.5 0.003 0.003 0.000 3 * 0.008 0.000 0.000
1.0 0.015 0.015 0.000 3 * 0.046 0.000 0.000
1.5 0.119 0.208 0.000 3 * 0.273 0.002 0.000
2.0 0.164 0.243 0.067 3 * 0.141 0.255 0.067
2.5 0.462 0.493 0.261 3 * 0.581 0.483 0.261
3.0 0.678 0.790 0.284 3 * 0.862 0.799 0.284
3.5 0.786 0.853 0.486 3 * 0.907 0.873 0.486
4.0 0.777 0.836 0.564 3 * 0.892 0.860 0.564
4.5 0.831 0.889 0.630 3 * 0.938 0.918 0.630
5.0 0.969 0.969 0.962 3 * 0.977 0.967 0.962
5.5 0.982 0.982 0.978 3 * 0.987 0.980 0.978
6.0 0.987 0.987 0.984 3 * 0.991 0.986 0.984
6.5 0.990 0.990 0.988 3 * 0.992 0.989 0.988
7.0 0.993 0.993 0.992 3 * 0.995 0.993 0.992
7.5 0.996 0.996 0.995 3 * 0.997 0.996 0.995
8.0 0.998 0.998 0.997 3 * 0.999 0.998 0.997
8.5 0.998 0.998 0.998 3 * 0.998 0.998 0.998
9.0 0.999 0.999 0.998 3 * 0.999 0.999 0.998
9.5 0.999 0.999 0.999 3 * 0.999 0.999 0.999
10.0 0.999 0.999 0.999 3 * 0.999 0.999 0.999
0.5 0.001 0.001 0.000 3 * 0.004 0.000 0.000
1.0 0.027 0.027 0.000 3 * 0.080 0.000 0.000
1.5 0.131 0.230 0.000 3 * 0.301 0.011 0.000
2.0 0.215 0.305 0.057 3 * 0.389 0.110 0.057
2.5 0.528 0.613 0.213 3 * 0.722 0.590 0.213
3.0 0.674 0.789 0.285 3 * 0.856 0.798 0.285
3.5 0.735 0.855 0.329 3 * 0.909 0.876 0.329
4.0 0.785 0.840 0.576 3 * 0.894 0.865 0.576
4.5 0.827 0.884 0.629 3 * 0.935 0.913 0.629
5.0 0.970 0.970 0.964 3 * 0.979 0.968 0.964
5.5 0.981 0.981 0.978 3 * 0.984 0.980 0.978
6.0 0.986 0.986 0.984 3 * 0.990 0.986 0.984
6.5 0.991 0.991 0.990 3 * 0.993 0.991 0.990
7.0 0.994 0.994 0.993 3 * 0.996 0.994 0.993
7.5 0.995 0.995 0.994 3 * 0.996 0.995 0.994
8.0 0.997 0.997 0.997 3 * 0.997 0.997 0.997
8.5 0.998 0.998 0.998 3 * 0.999 0.998 0.998
9.0 0.999 0.999 0.998 3 * 0.999 0.999 0.998
9.5 0.999 0.999 0.999 3 * 0.999 0.999 0.999
10.0 0.999 0.999 0.999 3 * 1.000 0.999 0.999
0.5 0.004 0.004 0.000 3 * 0.013 0.000 0.000
1.0 0.026 0.034 0.000 3 * 0.077 0.000 0.000
1.5 0.109 0.132 0.000 3 * 0.154 0.111 0.000
2.0 0.205 0.198 0.053 3 * 0.401 0.113 0.053
2.5 0.517 0.559 0.297 3 * 0.650 0.546 0.297
3.0 0.665 0.784 0.266 3 * 0.854 0.793 0.266
3.5 0.736 0.858 0.318 3 * 0.916 0.878 0.318
4.0 0.768 0.819 0.551 3 * 0.878 0.843 0.551
4.5 0.831 0.889 0.628 3 * 0.939 0.919 0.628
5.0 0.943 0.943 0.933 3 * 0.956 0.940 0.933
5.5 0.980 0.980 0.977 3 * 0.986 0.979 0.977
6.0 0.989 0.989 0.986 3 * 0.992 0.988 0.986
6.5 0.991 0.991 0.990 3 * 0.993 0.991 0.990
7.0 0.995 0.995 0.994 3 * 0.996 0.995 0.994
7.5 0.997 0.997 0.997 3 * 0.998 0.997 0.997
8.0 0.998 0.998 0.997 3 * 0.998 0.997 0.997
8.5 0.998 0.998 0.997 3 * 0.998 0.998 0.997
9.0 0.998 0.998 0.998 3 * 0.998 0.998 0.998
9.5 0.999 0.999 0.999 3 * 1.000 0.999 0.999
10.0 0.999 0.999 0.999 3 * 0.999 0.999 0.999
0.5 0.003 0.003 0.000 3 * 0.008 0.000 0.000
1.0 0.020 0.029 0.000 3 * 0.059 0.000 0.000
1.5 0.110 0.206 0.000 3 * 0.281 0.000 0.000
2.0 0.210 0.293 0.038 3 * 0.385 0.083 0.038
2.5 0.566 0.647 0.254 3 * 0.744 0.634 0.254
3.0 0.570 0.656 0.295 3 * 0.850 0.467 0.295
3.5 0.729 0.851 0.315 3 * 0.907 0.871 0.315
4.0 0.775 0.893 0.361 3 * 0.946 0.917 0.361
4.5 0.850 0.850 0.834 3 * 0.873 0.842 0.834
5.0 0.969 0.969 0.963 3 * 0.978 0.968 0.963
5.5 0.980 0.980 0.975 3 * 0.986 0.979 0.975
6.0 0.987 0.987 0.985 3 * 0.990 0.987 0.985
6.5 0.992 0.992 0.990 3 * 0.994 0.991 0.990
7.0 0.994 0.994 0.993 3 * 0.995 0.994 0.993
7.5 0.996 0.996 0.996 3 * 0.997 0.996 0.996
8.0 0.998 0.998 0.998 3 * 0.999 0.998 0.998
8.5 0.998 0.998 0.998 3 * 0.998 0.998 0.998
9.0 0.999 0.999 0.999 3 * 0.999 0.999 0.999
9.5 0.999 0.999 0.998 3 * 0.999 0.999 0.998
10.0 0.999 0.999 0.999 3 * 0.999 0.999 0.999
0.5 0.004 0.004 0.000 3 * 0.012 0.000 0.000
1.0 0.018 0.018 0.000 3 * 0.055 0.000 0.000
1.5 0.064 0.072 0.000 3 * 0.060 0.053 0.000
2.0 0.160 0.183 0.083 3 * 0.154 0.208 0.083
2.5 0.525 0.628 0.161 3 * 0.754 0.598 0.161
3.0 0.677 0.789 0.291 3 * 0.855 0.799 0.291
3.5 0.736 0.850 0.333 3 * 0.908 0.870 0.333
4.0 0.781 0.838 0.568 3 * 0.898 0.862 0.568
4.5 0.942 0.942 0.927 3 * 0.961 0.938 0.927
5.0 0.973 0.973 0.968 3 * 0.981 0.972 0.968
5.5 0.980 0.980 0.977 3 * 0.985 0.979 0.977
6.0 0.898 0.950 0.713 3 * 0.989 0.985 0.713
6.5 0.991 0.991 0.990 3 * 0.993 0.991 0.990
7.0 0.994 0.994 0.993 3 * 0.995 0.994 0.993
7.5 0.996 0.996 0.996 3 * 0.997 0.996 0.996
8.0 0.997 0.997 0.997 3 * 0.998 0.997 0.997
8.5 0.998 0.998 0.998 3 * 0.999 0.998 0.998
9.0 0.998 0.998 0.998 3 * 0.999 0.998 0.998
9.5 0.999 0.999 0.998 3 * 0.999 0.999 0.998
10.0 0.999 0.999 0.999 3 * 0.999 0.999 0.999
0.5 0.003 0.003 0.000 3 * 0.008 0.000 0.000
1.0 0.017 0.017 0.000 3 * 0.050 0.000 0.000
1.5 0.165 0.174 0.000 3 * 0.314 0.010 0.000
2.0 0.146 0.165 0.070 3 * 0.138 0.190 0.070
2.5 0.557 0.649 0.221 3 * 0.751 0.634 0.221
3.0 0.667 0.784 0.274 3 * 0.851 0.794 0.274
3.5 0.755 0.818 0.460 3 * 0.871 0.840 0.460
4.0 0.806 0.863 0.608 3 * 0.917 0.889 0.608
4.5 0.818 0.873 0.615 3 * 0.924 0.901 0.615
5.0 0.958 0.958 0.949 3 * 0.970 0.955 0.949
5.5 0.980 0.980 0.976 3 * 0.986 0.979 0.976
6.0 0.987 0.987 0.984 3 * 0.990 0.986 0.984
6.5 0.991 0.991 0.989 3 * 0.993 0.990 0.989
7.0 0.995 0.995 0.994 3 * 0.996 0.995 0.994
7.5 0.995 0.995 0.995 3 * 0.996 0.995 0.995
8.0 0.997 0.997 0.997 3 * 0.998 0.997 0.997
8.5 0.999 0.999 0.998 3 * 0.999 0.998 0.998
9.0 0.999 0.999 0.999 3 * 0.999 0.999 0.999
9.5 0.999 0.999 0.999 3 * 0.999 0.999 0.999
10.0 1.000 1.000 1.000 3 * 1.000 1.000 1.000
0.5 0.007 0.007 0.000 3 * 0.021 0.000 0.000
1.0 0.019 0.021 0.000 3 * 0.056 0.000 0.000
1.5 0.136 0.239 0.000 3 * 0.318 0.038 0.000
2.0 0.213 0.190 0.050 3 * 0.392 0.099 0.050
2.5 0.554 0.658 0.185 3 * 0.760 0.645 0.185
3.0 0.672 0.786 0.284 3 * 0.856 0.793 0.284
3.5 0.744 0.860 0.336 3 * 0.917 0.881 0.336
4.0 0.776 0.897 0.354 3 * 0.947 0.924 0.354
4.5 0.828 0.886 0.623 3 * 0.938 0.914 0.623
5.0 0.970 0.970 0.964 3 * 0.978 0.969 0.964
5.5 0.980 0.980 0.976 3 * 0.985 0.979 0.976
6.0 0.987 0.987 0.985 3 * 0.990 0.987 0.985
6.5 0.992 0.992 0.990 3 * 0.994 0.991 0.990
7.0 0.995 0.995 0.994 3 * 0.996 0.994 0.994
7.5 0.996 0.996 0.995 3 * 0.996 0.996 0.995
8.0 0.997 0.997 0.997 3 * 0.998 0.997 0.997
8.5 0.998 0.998 0.998 3 * 0.999 0.998 0.998
9.0 0.999 0.999 0.999 3 * 0.999 0.999 0.999
9.5 0.999 0.999 0.999 3 * 1.000 0.999 0.999
10.0 0.999 0.999 0.999 3 * 0.999 0.999 0.999
0.5 0.002 0.002 0.000 3 * 0.006 0.000 0.000
1.0 0.013 0.013 0.000 3 * 0.039 0.000 0.000
1.5 0.120 0.216 0.000 3 * 0.285 0.015 0.000
2.0 0.157 0.174 0.090 3 * 0.077 0.142 0.090
2.5 0.563 0.653 0.227 3 * 0.752 0.640 0.227
3.0 0.672 0.789 0.276 3 * 0.857 0.798 0.276
3.5 0.779 0.845 0.480 3 * 0.902 0.864 0.480
4.0 0.786 0.786 0.760 3 * 0.823 0.775 0.760
4.5 0.829 0.887 0.626 3 * 0.938 0.916 0.626
5.0 0.969 0.969 0.962 3 * 0.978 0.967 0.962
5.5 0.980 0.980 0.976 3 * 0.985 0.978 0.976
6.0 0.985 0.985 0.983 3 * 0.988 0.985 0.983
6.5 0.989 0.989 0.987 3 * 0.991 0.988 0.987
7.0 0.994 0.994 0.993 3 * 0.996 0.994 0.993
7.5 0.995 0.995 0.994 3 * 0.997 0.995 0.994
8.0 0.997 0.997 0.997 3 * 0.998 0.997 0.997
8.5 0.998 0.998 0.998 3 * 0.998 0.998 0.998
9.0 0.999 0.999 0.999 3 * 0.999 0.999 0.999
9.5 0.999 0.999 0.999 3 * 1.000 0.999 0.999
10.0 1.000 1.000 1.000 3 * 1.000 1.000 1.000
