0.5 0.000 0.000 0.000 1 * 1
1.0 0.000 0.000 0.000 1 * 1
1.5 0.546 0.391 0.312 1 * 3
2.0 0.465 0.362 0.311 1 * 4
2.5 0.611 0.562 0.463 2 * 3 5
3.0 0.791 0.748 0.664 2 * 3 5
3.5 0.767 0.745 0.701 2 * 3 6
4.0 0.700 0.835 0.347 3 * 3 6 8
4.5 0.835 0.891 0.640 3 * 3 5 7
5.0 0.971 0.971 0.965 3 * 3 5 7
5.5 0.979 0.979 0.975 3 * 3 5 7
6.0 0.984 0.984 0.982 3 * 3 5 7
6.5 0.991 0.991 0.989 3 * 3 5 7
7.0 0.993 0.993 0.992 3 * 3 5 7
7.5 0.996 0.996 0.995 3 * 3 5 7
8.0 0.997 0.997 0.997 3 * 3 5 7
8.5 0.998 0.998 0.998 3 * 3 5 7
9.0 0.999 0.999 0.999 3 * 3 5 7
9.5 0.999 0.999 0.999 3 * 3 5 7
10.0 0.999 0.999 0.999 3 * 3 5 7
0.5 0.000 0.000 0.000 1 * 1
1.0 0.111 0.111 0.111 1 * 2
1.5 0.568 0.412 0.334 1 * 3
2.0 0.732 0.551 0.461 1 * 3
2.5 0.566 0.536 0.493 1 * 4
3.0 0.757 0.714 0.627 2 * 3 5
3.5 0.878 0.837 0.757 2 * 3 5
4.0 0.607 0.687 0.762 2 * 2 6
4.5 0.927 0.890 0.912 2 * 3 7
5.0 0.973 0.973 0.967 3 * 3 5 7
5.5 0.982 0.982 0.978 3 * 3 5 7
6.0 0.988 0.988 0.986 3 * 3 5 7
6.5 0.992 0.992 0.991 3 * 3 5 7
7.0 0.994 0.994 0.993 3 * 3 5 7
7.5 0.996 0.996 0.995 3 * 3 5 7
8.0 0.997 0.997 0.997 3 * 3 5 7
8.5 0.998 0.998 0.997 3 * 3 5 7
9.0 0.998 0.998 0.998 3 * 3 5 7
9.5 0.999 0.999 0.999 3 * 3 5 7
10.0 1.000 1.000 1.000 3 * 3 5 7
0.5 0.000 0.000 0.000 1 * 1
1.0 0.093 0.044 0.019 1 * 2
1.5 0.537 0.386 0.309 1 * 3
2.0 0.716 0.537 0.447 1 * 3
2.5 0.538 0.508 0.458 1 * 4
3.0 0.800 0.757 0.671 2 * 3 5
3.5 0.642 0.520 0.550 1 * 6
4.0 0.837 0.820 0.786 2 * 3 6
4.5 0.907 0.869 0.889 2 * 3 7
5.0 0.969 0.969 0.963 3 * 3 5 7
5.5 0.981 0.981 0.978 3 * 3 5 7
6.0 0.986 0.986 0.984 3 * 3 5 7
6.5 0.992 0.992 0.990 3 * 3 5 7
7.0 0.994 0.957 0.992 2 * 3 7
7.5 0.997 0.997 0.996 3 * 3 5 7
8.0 0.997 0.997 0.996 3 * 3 5 7
8.5 0.998 0.998 0.998 3 * 3 5 7
9.0 0.999 0.999 0.998 3 * 3 5 7
9.5 0.999 0.999 0.999 3 * 3 5 7
10.0 1.000 1.000 0.999 3 * 3 5 7
0.5 0.000 0.000 0.000 1 * 1
1.0 0.000 0.000 0.000 1 * 1
1.5 0.558 0.400 0.319 1 * 3
2.0 0.728 0.548 0.459 1 * 3
2.5 0.619 0.570 0.472 2 * 3 5
3.0 0.775 0.732 0.647 2 * 3 5
3.5 0.892 0.853 0.776 2 * 3 5
4.0 0.781 0.836 0.576 3 * 3 5 7
4.5 0.839 0.900 0.632 3 * 3 5 7
5.0 0.828 0.777 0.676 2 * 3 7
5.5 0.984 0.984 0.981 3 * 3 5 7
6.0 0.987 0.987 0.984 3 * 3 5 7
6.5 0.991 0.991 0.989 3 * 3 5 7
7.0 0.994 0.994 0.993 3 * 3 5 7
7.5 0.997 0.997 0.996 3 * 3 5 7
8.0 0.998 0.998 0.998 3 * 3 5 7
8.5 0.998 0.998 0.998 3 * 3 5 7
9.0 0.998 0.998 0.998 3 * 3 5 7
9.5 0.999 0.999 0.999 3 * 3 5 7
10.0 1.000 1.000 1.000 3 * 3 5 7
0.5 0.000 0.000 0.000 1 * 1
1.0 0.000 0.000 0.000 1 * 1
1.5 0.553 0.401 0.324 1 * 3
2.0 0.716 0.537 0.447 1 * 3
2.5 0.555 0.541 0.533 1 * 4
3.0 0.771 0.728 0.640 2 * 3 5
3.5 0.883 0.844 0.765 2 * 3 5
4.0 0.729 0.737 0.752 2 * 4 6
4.5 0.705 0.792 0.925 2 * 2 7
5.0 0.967 0.967 0.961 3 * 3 5 7
5.5 0.982 0.982 0.977 3 * 3 5 7
6.0 0.986 0.986 0.983 3 * 3 5 7
6.5 0.990 0.990 0.989 3 * 3 5 7
7.0 0.994 0.994 0.993 3 * 3 5 7
7.5 0.996 0.996 0.996 3 * 3 5 7
8.0 0.997 0.997 0.997 3 * 3 5 7
8.5 0.998 0.998 0.998 3 * 3 5 7
9.0 0.998 0.998 0.998 3 * 3 5 7
9.5 0.999 0.999 0.998 3 * 3 5 7
10.0 0.999 0.999 0.999 3 * 3 5 7
0.5 0.000 0.000 0.000 1 * 1
1.0 0.000 0.000 0.000 1 * 1
1.5 0.535 0.381 0.304 1 * 3
2.0 0.385 0.384 0.340 2 * 2 4
2.5 0.536 0.514 0.474 1 * 4
3.0 0.775 0.732 0.647 2 * 3 5
3.5 0.890 0.850 0.770 2 * 3 5
4.0 0.816 0.752 0.582 2 * 3 6
4.5 0.823 0.882 0.622 3 * 3 5 7
5.0 0.970 0.970 0.964 3 * 3 5 7
5.5 0.835 0.783 0.679 2 * 3 7
6.0 0.987 0.987 0.985 3 * 3 5 7
6.5 0.991 0.991 0.990 3 * 3 5 7
7.0 0.994 0.994 0.992 3 * 3 5 7
7.5 0.906 0.958 0.727 3 * 3 5 7
8.0 0.997 0.997 0.997 3 * 3 5 7
8.5 0.998 0.998 0.998 3 * 3 5 7
9.0 0.999 0.999 0.998 3 * 3 5 7
9.5 0.999 0.999 0.999 3 * 3 5 7
10.0 0.999 0.999 0.999 3 * 3 5 7
0.5 0.000 0.000 0.000 1 * 1
1.0 0.000 0.000 0.000 1 * 1
1.5 0.552 0.398 0.321 1 * 3
2.0 0.723 0.547 0.458 1 * 3
2.5 0.630 0.581 0.483 2 * 3 5
3.0 0.782 0.740 0.655 2 * 3 5
3.5 0.894 0.856 0.778 2 * 3 5
4.0 0.788 0.835 0.597 3 * 3 5 7
4.5 0.885 0.885 0.869 3 * 3 5 7
5.0 0.971 0.971 0.966 3 * 3 5 7
5.5 0.980 0.980 0.975 3 * 3 5 7
6.0 0.986 0.986 0.983 3 * 3 5 7
6.5 0.990 0.990 0.988 3 * 3 5 7
7.0 0.994 0.994 0.993 3 * 3 5 7
7.5 0.996 0.996 0.995 3 * 3 5 7
8.0 0.998 0.998 0.997 3 * 3 5 7
8.5 0.999 0.999 0.999 3 * 3 5 7
9.0 0.999 0.999 0.998 3 * 3 5 7
9.5 0.999 0.999 0.999 3 * 3 5 7
10.0 0.999 0.999 0.999 3 * 3 5 7
0.5 0.000 0.000 0.000 1 * 1
1.0 0.000 0.000 0.000 1 * 1
1.5 0.572 0.416 0.338 1 * 3
2.0 0.729 0.551 0.462 1 * 3
2.5 0.619 0.568 0.467 2 * 3 5
3.0 0.781 0.739 0.654 2 * 3 5
3.5 0.888 0.848 0.770 2 * 3 5
4.0 0.768 0.824 0.550 3 * 3 5 7
4.5 0.828 0.889 0.623 3 * 3 5 7
5.0 0.799 0.850 0.952 3 * 2 5 7
5.5 0.980 0.980 0.976 3 * 3 5 7
6.0 0.986 0.986 0.983 3 * 3 5 7
6.5 0.990 0.990 0.989 3 * 3 5 7
7.0 0.995 0.995 0.994 3 * 3 5 7
7.5 0.997 0.997 0.996 3 * 3 5 7
8.0 0.997 0.997 0.996 3 * 3 5 7
8.5 0.998 0.998 0.998 3 * 3 5 7
9.0 0.999 0.999 0.999 3 * 3 5 7
9.5 1.000 1.000 1.000 3 * 3 5 7
10.0 1.000 1.000 1.000 3 * 3 5 7
0.5 0.000 0.000 0.000 1 * 1
1.0 0.000 0.000 0.000 1 * 1
1.5 0.543 0.391 0.316 1 * 3
2.0 0.729 0.547 0.456 1 * 3
2.5 0.606 0.554 0.450 2 * 3 5
3.0 0.779 0.737 0.652 2 * 3 5
3.5 0.868 0.827 0.746 2 * 3 5
4.0 0.788 0.839 0.589 3 * 3 5 7
4.5 0.679 0.786 0.632 3 * 2 5 7
5.0 0.971 0.971 0.965 3 * 3 5 7
5.5 0.981 0.981 0.977 3 * 3 5 7
6.0 0.988 0.988 0.985 3 * 3 5 7
6.5 0.992 0.992 0.990 3 * 3 5 7
7.0 0.995 0.995 0.994 3 * 3 5 7
7.5 0.995 0.995 0.994 3 * 3 5 7
8.0 0.998 0.998 0.997 3 * 3 5 7
8.5 0.998 0.998 0.998 3 * 3 5 7
9.0 0.999 0.999 0.998 3 * 3 5 7
9.5 0.999 0.999 0.999 3 * 3 5 7
10.0 0.999 0.999 0.999 3 * 3 5 7
0.5 0.000 0.000 0.000 1 * 1
1.0 0.000 0.000 0.000 1 * 1
1.5 0.557 0.408 0.333 1 * 3
2.0 0.720 0.540 0.450 1 * 3
2.5 0.560 0.535 0.490 1 * 4
3.0 0.762 0.719 0.633 2 * 3 5
3.5 0.891 0.851 0.773 2 * 3 5
4.0 0.814 0.795 0.758 2 * 3 6
4.5 0.674 0.780 0.624 3 * 2 5 7
5.0 0.967 0.967 0.960 3 * 3 5 7
5.5 0.978 0.978 0.973 3 * 3 5 7
6.0 0.850 0.832 0.799 2 * 3 7
6.5 0.992 0.992 0.990 3 * 3 5 7
7.0 0.995 0.995 0.994 3 * 3 5 7
7.5 0.996 0.996 0.996 3 * 3 5 7
8.0 0.997 0.997 0.997 3 * 3 5 7
8.5 0.999 0.999 0.998 3 * 3 5 7
9.0 0.999 0.999 0.999 3 * 3 5 7
9.5 0.999 0.999 0.999 3 * 3 5 7
10.0 1.000 1.000 0.999 3 * 3 5 7
0.5 0.000 0.000 0.000 1 * 1
1.0 0.000 0.000 0.000 1 * 1
1.5 0.535 0.380 0.303 1 * 3
2.0 0.715 0.535 0.441 1 * 3
2.5 0.652 0.605 0.511 2 * 3 5
3.0 0.768 0.726 0.643 2 * 3 5
3.5 0.770 0.710 0.532 2 * 3 6
4.0 0.771 0.894 0.347 3 * 3 5 7
4.5 0.860 0.919 0.663 3 * 3 5 7
5.0 0.971 0.971 0.963 3 * 3 5 7
5.5 0.980 0.980 0.977 3 * 3 5 7
6.0 0.986 0.986 0.984 3 * 3 5 7
6.5 0.993 0.993 0.991 3 * 3 5 7
7.0 0.994 0.994 0.993 3 * 3 5 7
7.5 0.996 0.996 0.996 3 * 3 5 7
8.0 0.997 0.997 0.996 3 * 3 5 7
8.5 0.998 0.998 0.997 3 * 3 5 7
9.0 0.998 0.998 0.998 3 * 3 5 7
9.5 0.999 0.999 0.999 3 * 3 5 7
10.0 0.999 0.999 0.999 3 * 3 5 7
0.5 0.000 0.000 0.000 1 * 1
1.0 0.130 0.130 0.130 1 * 2
1.5 0.549 0.393 0.314 1 * 3
2.0 0.720 0.539 0.448 1 * 3
2.5 0.604 0.557 0.464 2 * 3 5
3.0 0.781 0.738 0.654 2 * 3 5
3.5 0.865 0.824 0.742 2 * 3 5
4.0 0.778 0.834 0.572 3 * 3 5 7
4.5 0.831 0.888 0.630 3 * 3 5 7
5.0 0.973 0.973 0.967 3 * 3 5 7
5.5 0.982 0.982 0.978 3 * 3 5 7
6.0 0.987 0.987 0.984 3 * 3 5 7
6.5 0.991 0.991 0.989 3 * 3 5 7
7.0 0.995 0.995 0.995 3 * 3 5 7
7.5 0.996 0.996 0.995 3 * 3 5 7
8.0 0.997 0.997 0.997 3 * 3 5 7
8.5 0.998 0.998 0.998 3 * 3 5 7
9.0 0.999 0.999 0.999 3 * 3 5 7
9.5 1.000 1.000 0.999 3 * 3 5 7
10.0 0.634 0.678 0.767 2 * 2 7
0.5 0.000 0.000 0.000 1 * 1
1.0 0.111 0.071 0.051 1 * 2
1.5 0.538 0.389 0.314 1 * 3
2.0 0.714 0.533 0.443 1 * 3
2.5 0.388 0.376 0.328 2 * 2 5
3.0 0.773 0.730 0.644 2 * 3 5
3.5 0.874 0.835 0.758 2 * 3 5
4.0 0.769 0.892 0.340 3 * 3 5 7
4.5 0.895 0.878 0.853 2 * 3 6
5.0 0.970 0.970 0.962 3 * 3 5 7
5.5 0.980 0.980 0.977 3 * 3 5 7
6.0 0.986 0.986 0.984 3 * 3 5 7
6.5 0.990 0.990 0.989 3 * 3 5 7
7.0 0.993 0.956 0.991 2 * 3 7
7.5 0.995 0.995 0.995 3 * 3 5 7
8.0 0.997 0.997 0.997 3 * 3 5 7
8.5 0.998 0.998 0.998 3 * 3 5 7
9.0 0.999 0.999 0.998 3 * 3 5 7
9.5 0.999 0.999 0.999 3 * 3 5 7
10.0 0.999 0.999 0.999 3 * 3 5 7
0.5 0.000 0.000 0.000 1 * 1
1.0 0.000 0.000 0.000 1 * 1
1.5 0.551 0.396 0.317 1 * 3
2.0 0.712 0.535 0.447 1 * 3
2.5 0.635 0.590 0.500 2 * 3 5
3.0 0.759 0.715 0.628 2 * 3 5
3.5 0.874 0.834 0.755 2 * 3 5
4.0 0.815 0.751 0.581 2 * 3 6
4.5 0.835 0.888 0.645 3 * 3 5 7
5.0 0.971 0.971 0.964 3 * 3 5 7
5.5 0.984 0.984 0.980 3 * 3 5 7
6.0 0.987 0.987 0.984 3 * 3 5 7
6.5 0.992 0.992 0.990 3 * 3 5 7
7.0 0.993 0.993 0.992 3 * 3 5 7
7.5 0.996 0.996 0.995 3 * 3 5 7
8.0 0.997 0.997 0.997 3 * 3 5 7
8.5 0.998 0.998 0.998 3 * 3 5 7
9.0 0.999 0.999 0.999 3 * 3 5 7
9.5 0.999 0.999 0.999 3 * 3 5 7
10.0 1.000 1.000 1.000 3 * 3 5 7
0.5 0.000 0.000 0.000 1 * 1
1.0 0.000 0.000 0.000 1 * 1
1.5 0.539 0.387 0.311 1 * 3
2.0 0.714 0.536 0.447 1 * 3
2.5 0.561 0.529 0.467 1 * 4
3.0 0.769 0.726 0.640 2 * 3 5
3.5 0.888 0.849 0.769 2 * 3 5
4.0 0.783 0.832 0.573 3 * 3 5 7
4.5 0.868 0.733 0.868 1 * 7
5.0 0.941 0.941 0.931 3 * 3 5 7
5.5 0.981 0.981 0.978 3 * 3 5 7
6.0 0.987 0.987 0.984 3 * 3 5 7
6.5 0.991 0.991 0.989 3 * 3 5 7
7.0 0.994 0.994 0.994 3 * 3 5 7
7.5 0.996 0.996 0.995 3 * 3 5 7
8.0 0.997 0.961 0.997 2 * 3 7
8.5 0.998 0.998 0.997 3 * 3 5 7
9.0 0.999 0.999 0.999 3 * 3 5 7
9.5 0.999 0.999 0.999 3 * 3 5 7
10.0 1.000 1.000 1.000 3 * 3 5 7
0.5 0.000 0.000 0.000 1 * 1
1.0 0.000 0.000 0.000 1 * 1
1.5 0.544 0.393 0.318 1 * 3
2.0 0.726 0.546 0.457 1 * 3
2.5 0.562 0.534 0.484 1 * 4
3.0 0.769 0.727 0.643 2 * 3 5
3.5 0.898 0.858 0.779 2 * 3 5
4.0 0.784 0.838 0.579 3 * 3 5 7
4.5 0.820 0.880 0.616 3 * 3 5 7
5.0 0.954 0.954 0.944 3 * 3 5 7
5.5 0.979 0.979 0.975 3 * 3 5 7
6.0 0.986 0.986 0.983 3 * 3 5 7
6.5 0.992 0.992 0.990 3 * 3 5 7
7.0 0.994 0.994 0.992 3 * 3 5 7
7.5 0.996 0.996 0.996 3 * 3 5 7
8.0 0.998 0.998 0.997 3 * 3 5 7
8.5 0.999 0.999 0.998 3 * 3 5 7
9.0 0.998 0.998 0.998 3 * 3 5 7
9.5 0.999 0.999 0.999 3 * 3 5 7
10.0 0.999 0.999 0.999 3 * 3 5 7
0.5 0.000 0.000 0.000 1 * 1
1.0 0.000 0.000 0.000 1 * 1
1.5 0.555 0.401 0.324 1 * 3
2.0 0.452 0.340 0.284 1 * 4
2.5 0.522 0.496 0.457 1 * 4
3.0 0.762 0.719 0.633 2 * 3 5
3.5 0.885 0.845 0.764 2 * 3 5
4.0 0.746 0.690 0.578 2 * 3 7
4.5 0.816 0.872 0.619 3 * 3 5 7
5.0 0.944 0.944 0.934 3 * 3 5 7
5.5 0.980 0.980 0.976 3 * 3 5 7
6.0 0.985 0.985 0.983 3 * 3 5 7
6.5 0.992 0.992 0.990 3 * 3 5 7
7.0 0.994 0.994 0.993 3 * 3 5 7
7.5 0.997 0.997 0.996 3 * 3 5 7
8.0 0.997 0.997 0.997 3 * 3 5 7
8.5 0.998 0.998 0.998 3 * 3 5 7
9.0 0.999 0.999 0.999 3 * 3 5 7
9.5 0.999 0.999 0.999 3 * 3 5 7
10.0 0.999 0.999 0.999 3 * 3 5 7
0.5 0.000 0.000 0.000 1 * 1
1.0 0.003 0.001 0.000 1 * 2
1.5 0.545 0.394 0.318 1 * 3
2.0 0.727 0.545 0.454 1 * 3
2.5 0.631 0.586 0.494 2 * 3 5
3.0 0.776 0.733 0.646 2 * 3 5
3.5 0.887 0.848 0.770 2 * 3 5
4.0 0.795 0.852 0.592 3 * 3 5 7
4.5 0.878 0.878 0.865 3 * 3 5 7
5.0 0.971 0.971 0.966 3 * 3 5 7
5.5 0.982 0.982 0.979 3 * 3 5 7
6.0 0.986 0.986 0.984 3 * 3 5 7
6.5 0.992 0.992 0.990 3 * 3 5 7
7.0 0.994 0.994 0.992 3 * 3 5 7
7.5 0.996 0.996 0.996 3 * 3 5 7
8.0 0.916 0.960 0.752 3 * 3 5 7
8.5 0.999 0.999 0.998 3 * 3 5 7
9.0 0.999 0.999 0.999 3 * 3 5 7
9.5 0.999 0.999 0.999 3 * 3 5 7
10.0 0.999 0.999 0.999 3 * 3 5 7
0.5 0.000 0.000 0.000 1 * 1
1.0 0.000 0.000 0.000 1 * 1
1.5 0.546 0.394 0.318 1 * 3
2.0 0.733 0.552 0.462 1 * 3
2.5 0.627 0.578 0.479 2 * 3 5
3.0 0.785 0.744 0.661 2 * 3 5
3.5 0.883 0.843 0.764 2 * 3 5
4.0 0.784 0.835 0.580 3 * 3 5 7
4.5 0.855 0.855 0.836 3 * 3 5 7
5.0 0.971 0.971 0.966 3 * 3 5 7
5.5 0.981 0.981 0.977 3 * 3 5 7
6.0 0.987 0.987 0.984 3 * 3 5 7
6.5 0.992 0.992 0.991 3 * 3 5 7
7.0 0.994 0.994 0.993 3 * 3 5 7
7.5 0.996 0.996 0.996 3 * 3 5 7
8.0 0.997 0.997 0.997 3 * 3 5 7
8.5 0.999 0.999 0.998 3 * 3 5 7
9.0 0.998 0.998 0.998 3 * 3 5 7
9.5 0.999 0.999 0.999 3 * 3 5 7
10.0 1.000 1.000 0.999 3 * 3 5 7
0.5 0.000 0.000 0.000 1 * 1
1.0 0.000 0.000 0.000 1 * 1
1.5 0.534 0.384 0.309 1 * 3
2.0 0.718 0.540 0.451 1 * 3
2.5 0.650 0.603 0.510 2 * 3 5
3.0 0.782 0.739 0.654 2 * 3 5
3.5 0.879 0.838 0.757 2 * 3 5
4.0 0.512 0.516 0.526 2 * 2 7
4.5 0.823 0.883 0.618 3 * 3 5 7
5.0 0.970 0.970 0.965 3 * 3 5 7
5.5 0.979 0.979 0.974 3 * 3 5 7
6.0 0.987 0.987 0.985 3 * 3 5 7
6.5 0.908 0.954 0.738 3 * 3 5 7
7.0 0.993 0.993 0.992 3 * 3 5 7
7.5 0.995 0.995 0.995 3 * 3 5 7
8.0 0.998 0.998 0.998 3 * 3 5 7
8.5 0.815 0.961 0.447 3 * 3 5 8
9.0 0.999 0.999 0.998 3 * 3 5 7
9.5 0.999 0.999 0.999 3 * 3 5 7
10.0 0.999 0.962 0.999 2 * 3 7
0.5 0.000 0.000 0.000 1 * 1
1.0 0.000 0.000 0.000 1 * 1
1.5 0.570 0.410 0.327 1 * 3
2.0 0.731 0.549 0.457 1 * 3
2.5 0.619 0.573 0.481 2 * 3 5
3.0 0.773 0.730 0.644 2 * 3 5
3.5 0.892 0.853 0.775 2 * 3 5
4.0 0.826 0.808 0.774 2 * 3 6
4.5 0.829 0.886 0.632 3 * 3 5 7
5.0 0.970 0.970 0.963 3 * 3 5 7
5.5 0.981 0.981 0.977 3 * 3 5 7
6.0 0.987 0.987 0.985 3 * 3 5 7
6.5 0.990 0.990 0.989 3 * 3 5 7
7.0 0.993 0.993 0.992 3 * 3 5 7
7.5 0.996 0.996 0.996 3 * 3 5 7
8.0 0.998 0.998 0.997 3 * 3 5 7
8.5 0.998 0.998 0.998 3 * 3 5 7
9.0 0.999 0.999 0.999 3 * 3 5 7
9.5 0.999 0.999 0.999 3 * 3 5 7
10.0 0.999 0.999 0.999 3 * 3 5 7
0.5 0.000 0.000 0.000 1 * 1
1.0 0.000 0.000 0.000 1 * 1
1.5 0.546 0.397 0.322 1 * 3
2.0 0.726 0.545 0.454 1 * 3
2.5 0.640 0.592 0.496 2 * 3 5
3.0 0.786 0.743 0.658 2 * 3 5
3.5 0.760 0.737 0.691 2 * 3 6
4.0 0.843 0.827 0.795 2 * 3 6
4.5 0.828 0.883 0.631 3 * 3 5 7
5.0 0.971 0.971 0.964 3 * 3 5 7
5.5 0.981 0.981 0.978 3 * 3 5 7
6.0 0.987 0.987 0.985 3 * 3 5 7
6.5 0.991 0.991 0.989 3 * 3 5 7
7.0 0.994 0.994 0.992 3 * 3 5 7
7.5 0.996 0.996 0.995 3 * 3 5 7
8.0 0.998 0.998 0.997 3 * 3 5 7
8.5 0.998 0.998 0.998 3 * 3 5 7
9.0 0.999 0.999 0.998 3 * 3 5 7
9.5 0.999 0.999 0.999 3 * 3 5 7
10.0 0.999 0.999 0.999 3 * 3 5 7
0.5 0.000 0.000 0.000 1 * 1
1.0 0.113 0.098 0.091 1 * 2
1.5 0.538 0.389 0.314 1 * 3
2.0 0.710 0.532 0.443 1 * 3
2.5 0.629 0.583 0.490 2 * 3 5
3.0 0.773 0.732 0.649 2 * 3 5
3.5 0.881 0.842 0.762 2 * 3 5
4.0 0.808 0.790 0.756 2 * 3 6
4.5 0.820 0.877 0.623 3 * 3 5 7
5.0 0.970 0.970 0.964 3 * 3 5 7
5.5 0.981 0.981 0.977 3 * 3 5 7
6.0 0.986 0.986 0.984 3 * 3 5 7
6.5 0.991 0.991 0.990 3 * 3 5 7
7.0 0.994 0.994 0.993 3 * 3 5 7
7.5 0.997 0.997 0.996 3 * 3 5 7
8.0 0.997 0.997 0.996 3 * 3 5 7
8.5 0.998 0.998 0.998 3 * 3 5 7
9.0 0.999 0.999 0.999 3 * 3 5 7
9.5 0.999 0.999 0.999 3 * 3 5 7
10.0 1.000 1.000 1.000 3 * 3 5 7
0.5 0.000 0.000 0.000 1 * 1
1.0 0.125 0.051 0.014 1 * 2
1.5 0.551 0.395 0.317 1 * 3
2.0 0.715 0.538 0.450 1 * 3
2.5 0.549 0.547 0.549 1 * 4
3.0 0.776 0.733 0.648 2 * 3 5
3.5 0.882 0.843 0.764 2 * 3 5
4.0 0.795 0.851 0.586 3 * 3 5 7
4.5 0.932 0.932 0.920 3 * 3 5 7
5.0 0.967 0.967 0.960 3 * 3 5 7
5.5 0.981 0.981 0.978 3 * 3 5 7
6.0 0.989 0.989 0.986 3 * 3 5 7
6.5 0.990 0.990 0.988 3 * 3 5 7
7.0 0.995 0.995 0.994 3 * 3 5 7
7.5 0.996 0.996 0.995 3 * 3 5 7
8.0 0.998 0.998 0.997 3 * 3 5 7
8.5 0.998 0.998 0.997 3 * 3 5 7
9.0 0.999 0.999 0.999 3 * 3 5 7
9.5 0.999 0.999 0.999 3 * 3 5 7
10.0 0.999 0.999 0.999 3 * 3 5 7
0.5 0.000 0.000 0.000 1 * 1
1.0 0.101 0.035 0.002 1 * 2
1.5 0.557 0.400 0.322 1 * 3
2.0 0.709 0.531 0.443 1 * 3
2.5 0.651 0.603 0.507 2 * 3 5
3.0 0.784 0.740 0.653 2 * 3 5
3.5 0.880 0.839 0.758 2 * 3 5
4.0 0.815 0.750 0.580 2 * 3 6
4.5 0.942 0.904 0.928 2 * 3 7
5.0 0.958 0.958 0.953 3 * 3 5 7
5.5 0.981 0.981 0.977 3 * 3 5 7
6.0 0.989 0.989 0.986 3 * 3 5 7
6.5 0.908 0.955 0.735 3 * 3 5 7
7.0 0.994 0.994 0.993 3 * 3 5 7
7.5 0.997 0.997 0.996 3 * 3 5 7
8.0 0.998 0.998 0.997 3 * 3 5 7
8.5 0.998 0.998 0.998 3 * 3 5 7
9.0 0.999 0.999 0.999 3 * 3 5 7
9.5 0.999 0.999 0.999 3 * 3 5 7
10.0 0.999 0.999 0.999 3 * 3 5 7
0.5 0.000 0.000 0.000 1 * 1
1.0 0.000 0.000 0.000 1 * 1
1.5 0.556 0.401 0.323 1 * 3
2.0 0.722 0.545 0.456 1 * 3
2.5 0.547 0.528 0.504 1 * 4
3.0 0.773 0.731 0.646 2 * 3 5
3.5 0.790 0.726 0.562 2 * 3 6
4.0 0.780 0.836 0.575 3 * 3 5 7
4.5 0.628 0.760 0.628 3 * 2 4 7
5.0 0.955 0.955 0.947 3 * 3 5 7
5.5 0.980 0.980 0.976 3 * 3 5 7
6.0 0.987 0.987 0.984 3 * 3 5 7
6.5 0.990 0.990 0.989 3 * 3 5 7
7.0 0.994 0.994 0.993 3 * 3 5 7
7.5 0.996 0.996 0.995 3 * 3 5 7
8.0 0.997 0.997 0.996 3 * 3 5 7
8.5 0.999 0.999 0.998 3 * 3 5 7
9.0 0.999 0.999 0.999 3 * 3 5 7
9.5 0.999 0.999 0.998 3 * 3 5 7
10.0 1.000 1.000 1.000 3 * 3 5 7
0.5 0.000 0.000 0.000 1 * 1
1.0 0.000 0.000 0.000 1 * 1
1.5 0.555 0.400 0.323 1 * 3
2.0 0.728 0.550 0.461 1 * 3
2.5 0.545 0.505 0.447 1 * 4
3.0 0.707 0.647 0.487 2 * 3 6
3.5 0.891 0.852 0.772 2 * 3 5
4.0 0.768 0.891 0.344 3 * 3 5 7
4.5 0.824 0.879 0.627 3 * 3 5 7
5.0 0.969 0.969 0.963 3 * 3 5 7
5.5 0.978 0.978 0.973 3 * 3 5 7
6.0 0.986 0.986 0.984 3 * 3 5 7
6.5 0.992 0.992 0.990 3 * 3 5 7
7.0 0.994 0.994 0.993 3 * 3 5 7
7.5 0.996 0.996 0.995 3 * 3 5 7
8.0 0.998 0.998 0.997 3 * 3 5 7
8.5 0.998 0.998 0.998 3 * 3 5 7
9.0 0.999 0.999 0.998 3 * 3 5 7
9.5 0.999 0.999 0.999 3 * 3 5 7
10.0 0.999 0.999 0.999 3 * 3 5 7
0.5 0.000 0.000 0.000 1 * 1
1.0 0.000 0.000 0.000 1 * 1
1.5 0.549 0.395 0.315 1 * 3
2.0 0.724 0.544 0.454 1 * 3
2.5 0.663 0.617 0.524 2 * 3 5
3.0 0.777 0.736 0.654 2 * 3 5
3.5 0.856 0.815 0.734 2 * 3 5
4.0 0.742 0.685 0.562 2 * 3 7
4.5 0.957 0.957 0.948 3 * 3 5 7
5.0 0.971 0.971 0.965 3 * 3 5 7
5.5 0.982 0.982 0.978 3 * 3 5 7
6.0 0.989 0.989 0.986 3 * 3 5 7
6.5 0.989 0.989 0.988 3 * 3 5 7
7.0 0.994 0.994 0.993 3 * 3 5 7
7.5 0.997 0.997 0.996 3 * 3 5 7
8.0 0.998 0.998 0.997 3 * 3 5 7
8.5 0.998 0.998 0.998 3 * 3 5 7
9.0 0.998 0.998 0.998 3 * 3 5 7
9.5 0.999 0.999 0.999 3 * 3 5 7
10.0 1.000 1.000 1.000 3 * 3 5 7
0.5 0.000 0.000 0.000 1 * 1
1.0 0.000 0.000 0.000 1 * 1
1.5 0.545 0.389 0.311 1 * 3
2.0 0.723 0.541 0.450 1 * 3
2.5 0.634 0.585 0.488 2 * 3 5
3.0 0.760 0.717 0.631 2 * 3 5
3.5 0.884 0.845 0.766 2 * 3 5
4.0 0.734 0.677 0.562 2 * 3 7
4.5 0.883 0.883 0.870 3 * 3 5 7
5.0 0.973 0.973 0.968 3 * 3 5 7
5.5 0.981 0.981 0.977 3 * 3 5 7
6.0 0.988 0.988 0.986 3 * 3 5 7
6.5 0.906 0.953 0.733 3 * 3 5 7
7.0 0.994 0.994 0.993 3 * 3 5 7
7.5 0.995 0.995 0.995 3 * 3 5 7
8.0 0.997 0.997 0.997 3 * 3 5 7
8.5 0.998 0.998 0.998 3 * 3 5 7
9.0 0.999 0.999 0.999 3 * 3 5 7
9.5 0.999 0.999 0.999 3 * 3 5 7
10.0 0.999 0.999 0.999 3 * 3 5 7
0.5 0.000 0.000 0.000 1 * 1
1.0 0.000 0.000 0.000 1 * 1
1.5 0.565 0.409 0.331 1 * 3
2.0 0.713 0.533 0.439 1 * 3
2.5 0.644 0.598 0.505 2 * 3 5
3.0 0.761 0.719 0.634 2 * 3 5
3.5 0.877 0.836 0.756 2 * 3 5
4.0 0.775 0.828 0.565 3 * 3 5 7
4.5 0.828 0.888 0.624 3 * 3 5 7
5.0 0.969 0.969 0.963 3 * 3 5 7
5.5 0.979 0.979 0.975 3 * 3 5 7
6.0 0.987 0.987 0.985 3 * 3 5 7
6.5 0.991 0.991 0.990 3 * 3 5 7
7.0 0.994 0.994 0.993 3 * 3 5 7
7.5 0.996 0.996 0.995 3 * 3 5 7
8.0 0.998 0.998 0.998 3 * 3 5 7
8.5 0.998 0.998 0.997 3 * 3 5 7
9.0 0.999 0.999 0.999 3 * 3 5 7
9.5 0.999 0.999 0.999 3 * 3 5 7
10.0 0.999 0.999 0.999 3 * 3 5 7
0.5 0.000 0.000 0.000 1 * 1
1.0 0.000 0.000 0.000 1 * 1
1.5 0.552 0.403 0.329 1 * 3
2.0 0.713 0.533 0.443 1 * 3
2.5 0.644 0.598 0.506 2 * 3 5
3.0 0.776 0.734 0.649 2 * 3 5
3.5 0.879 0.839 0.758 2 * 3 5
4.0 0.812 0.794 0.756 2 * 3 6
4.5 0.817 0.873 0.616 3 * 3 5 7
5.0 0.955 0.955 0.946 3 * 3 5 7
5.5 0.982 0.982 0.979 3 * 3 5 7
6.0 0.986 0.986 0.984 3 * 3 5 7
6.5 0.993 0.993 0.991 3 * 3 5 7
7.0 0.994 0.994 0.993 3 * 3 5 7
7.5 0.996 0.996 0.995 3 * 3 5 7
8.0 0.997 0.997 0.997 3 * 3 5 7
8.5 0.998 0.998 0.998 3 * 3 5 7
9.0 0.999 0.999 0.999 3 * 3 5 7
9.5 0.999 0.999 0.999 3 * 3 5 7
10.0 0.999 0.999 0.999 3 * 3 5 7
0.5 0.000 0.000 0.000 1 * 1
1.0 0.000 0.000 0.000 1 * 1
1.5 0.536 0.379 0.300 1 * 3
2.0 0.724 0.545 0.454 1 * 3
2.5 0.535 0.476 0.342 2 * 3 6
3.0 0.771 0.728 0.643 2 * 3 5
3.5 0.888 0.849 0.771 2 * 3 5
4.0 0.771 0.824 0.563 3 * 3 5 7
4.5 0.820 0.877 0.619 3 * 3 5 7
5.0 0.969 0.969 0.963 3 * 3 5 7
5.5 0.982 0.982 0.978 3 * 3 5 7
6.0 0.988 0.988 0.986 3 * 3 5 7
6.5 0.992 0.992 0.991 3 * 3 5 7
7.0 0.994 0.994 0.993 3 * 3 5 7
7.5 0.997 0.997 0.996 3 * 3 5 7
8.0 0.998 0.998 0.997 3 * 3 5 7
8.5 0.998 0.998 0.998 3 * 3 5 7
9.0 0.999 0.999 0.999 3 * 3 5 7
9.5 0.999 0.999 0.999 3 * 3 5 7
10.0 1.000 1.000 1.000 3 * 3 5 7
0.5 0.017 0.017 0.017 1 * 2
1.0 0.000 0.000 0.000 1 * 1
1.5 0.530 0.378 0.296 1 * 3
2.0 0.730 0.549 0.459 1 * 3
2.5 0.541 0.535 0.541 1 * 4
3.0 0.778 0.735 0.649 2 * 3 5
3.5 0.884 0.844 0.764 2 * 3 5
4.0 0.777 0.898 0.359 3 * 3 5 7
4.5 0.864 0.921 0.663 3 * 3 5 7
5.0 0.968 0.968 0.962 3 * 3 5 7
5.5 0.979 0.979 0.976 3 * 3 5 7
6.0 0.986 0.986 0.984 3 * 3 5 7
6.5 0.992 0.992 0.991 3 * 3 5 7
7.0 0.995 0.995 0.994 3 * 3 5 7
7.5 0.996 0.996 0.995 3 * 3 5 7
8.0 0.998 0.998 0.997 3 * 3 5 7
8.5 0.998 0.998 0.998 3 * 3 5 7
9.0 0.999 0.999 0.999 3 * 3 5 7
9.5 0.999 0.999 0.999 3 * 3 5 7
10.0 0.999 0.999 0.999 3 * 3 5 7
0.5 0.000 0.000 0.000 1 * 1
1.0 0.131 0.131 0.131 1 * 2
1.5 0.563 0.409 0.332 1 * 3
2.0 0.726 0.549 0.461 1 * 3
2.5 0.624 0.573 0.472 2 * 3 5
3.0 0.762 0.718 0.630 2 * 3 5
3.5 0.883 0.843 0.764 2 * 3 5
4.0 0.781 0.836 0.581 3 * 3 5 7
4.5 0.831 0.886 0.636 3 * 3 5 7
5.0 0.945 0.908 0.936 2 * 3 7
5.5 0.980 0.980 0.976 3 * 3 5 7
6.0 0.987 0.987 0.985 3 * 3 5 7
6.5 0.992 0.992 0.990 3 * 3 5 7
7.0 0.994 0.994 0.993 3 * 3 5 7
7.5 0.797 0.960 0.453 3 * 3 6 8
8.0 0.997 0.997 0.997 3 * 3 5 7
8.5 0.999 0.999 0.998 3 * 3 5 7
9.0 0.998 0.998 0.998 3 * 3 5 7
9.5 0.999 0.999 0.999 3 * 3 5 7
10.0 0.999 0.999 0.999 3 * 3 5 7
0.5 0.000 0.000 0.000 1 * 1
1.0 0.000 0.000 0.000 1 * 1
1.5 0.558 0.402 0.324 1 * 3
2.0 0.734 0.553 0.463 1 * 3
2.5 0.605 0.554 0.452 2 * 3 5
3.0 0.765 0.723 0.639 2 * 3 5
3.5 0.882 0.843 0.765 2 * 3 5
4.0 0.798 0.850 0.598 3 * 3 5 7
4.5 0.898 0.860 0.876 2 * 3 7
5.0 0.973 0.973 0.967 3 * 3 5 7
5.5 0.980 0.980 0.976 3 * 3 5 7
6.0 0.986 0.986 0.984 3 * 3 5 7
6.5 0.992 0.992 0.991 3 * 3 5 7
7.0 0.993 0.993 0.992 3 * 3 5 7
7.5 0.996 0.996 0.995 3 * 3 5 7
8.0 0.998 0.998 0.998 3 * 3 5 7
8.5 0.998 0.998 0.997 3 * 3 5 7
9.0 0.998 0.998 0.998 3 * 3 5 7
9.5 0.999 0.999 0.999 3 * 3 5 7
10.0 0.999 0.999 0.999 3 * 3 5 7
0.5 0.000 0.000 0.000 1 * 1
1.0 0.000 0.000 0.000 1 * 1
1.5 0.532 0.380 0.303 1 * 3
2.0 0.731 0.549 0.458 1 * 3
2.5 0.609 0.559 0.461 2 * 3 5
3.0 0.781 0.738 0.652 2 * 3 5
3.5 0.569 0.629 0.699 2 * 2 6
4.0 0.781 0.832 0.578 3 * 3 5 7
4.5 0.956 0.956 0.947 3 * 3 5 7
5.0 0.969 0.969 0.962 3 * 3 5 7
5.5 0.979 0.979 0.975 3 * 3 5 7
6.0 0.986 0.986 0.984 3 * 3 5 7
6.5 0.992 0.992 0.990 3 * 3 5 7
7.0 0.994 0.994 0.993 3 * 3 5 7
7.5 0.997 0.997 0.996 3 * 3 5 7
8.0 0.998 0.998 0.998 3 * 3 5 7
8.5 0.998 0.998 0.998 3 * 3 5 7
9.0 0.999 0.999 0.999 3 * 3 5 7
9.5 0.999 0.999 0.999 3 * 3 5 7
10.0 0.999 0.999 0.999 3 * 3 5 7
0.5 0.000 0.000 0.000 1 * 1
1.0 0.124 0.053 0.017 1 * 2
1.5 0.533 0.384 0.309 1 * 3
2.0 0.731 0.550 0.460 1 * 3
2.5 0.655 0.608 0.513 2 * 3 5
3.0 0.770 0.728 0.644 2 * 3 5
3.5 0.890 0.851 0.772 2 * 3 5
4.0 0.817 0.752 0.585 2 * 3 6
4.5 0.665 0.775 0.277 3 * 3 6 8
5.0 0.969 0.969 0.963 3 * 3 5 7
5.5 0.980 0.980 0.977 3 * 3 5 7
6.0 0.987 0.987 0.985 3 * 3 5 7
6.5 0.992 0.992 0.990 3 * 3 5 7
7.0 0.994 0.994 0.993 3 * 3 5 7
7.5 0.996 0.996 0.995 3 * 3 5 7
8.0 0.997 0.997 0.997 3 * 3 5 7
8.5 0.997 0.997 0.997 3 * 3 5 7
9.0 0.999 0.999 0.999 3 * 3 5 7
9.5 0.999 0.999 0.999 3 * 3 5 7
10.0 0.999 0.999 0.999 3 * 3 5 7
0.5 0.000 0.000 0.000 1 * 1
1.0 0.095 0.063 0.047 1 * 2
1.5 0.535 0.384 0.309 1 * 3
2.0 0.716 0.539 0.448 1 * 3
2.5 0.531 0.502 0.444 1 * 4
3.0 0.772 0.729 0.644 2 * 3 5
3.5 0.885 0.845 0.766 2 * 3 5
4.0 0.842 0.824 0.794 2 * 3 6
4.5 0.932 0.932 0.920 3 * 3 5 7
5.0 0.970 0.970 0.964 3 * 3 5 7
5.5 0.981 0.981 0.978 3 * 3 5 7
6.0 0.988 0.988 0.986 3 * 3 5 7
6.5 0.992 0.992 0.990 3 * 3 5 7
7.0 0.994 0.994 0.993 3 * 3 5 7
7.5 0.996 0.996 0.995 3 * 3 5 7
8.0 0.997 0.997 0.997 3 * 3 5 7
8.5 0.999 0.999 0.998 3 * 3 5 7
9.0 0.998 0.998 0.998 3 * 3 5 7
9.5 0.999 0.999 0.999 3 * 3 5 7
10.0 1.000 1.000 1.000 3 * 3 5 7
0.5 0.000 0.000 0.000 1 * 1
1.0 0.000 0.000 0.000 1 * 1
1.5 0.519 0.370 0.295 1 * 3
2.0 0.726 0.544 0.453 1 * 3
2.5 0.652 0.606 0.513 2 * 3 5
3.0 0.788 0.746 0.662 2 * 3 5
3.5 0.863 0.822 0.742 2 * 3 5
4.0 0.798 0.855 0.590 3 * 3 5 7
4.5 0.948 0.911 0.933 2 * 3 7
5.0 0.966 0.966 0.959 3 * 3 5 7
5.5 0.981 0.981 0.978 3 * 3 5 7
6.0 0.988 0.988 0.986 3 * 3 5 7
6.5 0.991 0.991 0.990 3 * 3 5 7
7.0 0.994 0.994 0.993 3 * 3 5 7
7.5 0.997 0.997 0.996 3 * 3 5 7
8.0 0.998 0.998 0.997 3 * 3 5 7
8.5 0.998 0.998 0.997 3 * 3 5 7
9.0 0.998 0.998 0.998 3 * 3 5 7
9.5 0.999 0.999 0.999 3 * 3 5 7
10.0 0.999 0.999 0.999 3 * 3 5 7
0.5 0.000 0.000 0.000 1 * 1
1.0 0.000 0.000 0.000 1 * 1
1.5 0.545 0.395 0.316 1 * 3
2.0 0.712 0.532 0.442 1 * 3
2.5 0.624 0.576 0.481 2 * 3 5
3.0 0.779 0.736 0.652 2 * 3 5
3.5 0.878 0.838 0.759 2 * 3 5
4.0 0.786 0.844 0.586 3 * 3 5 7
4.5 0.812 0.758 0.650 2 * 3 7
5.0 0.955 0.955 0.948 3 * 3 5 7
5.5 0.982 0.982 0.979 3 * 3 5 7
6.0 0.988 0.988 0.986 3 * 3 5 7
6.5 0.993 0.993 0.991 3 * 3 5 7
7.0 0.867 0.867 0.817 3 * 3 5 7
7.5 0.997 0.997 0.996 3 * 3 5 7
8.0 0.997 0.997 0.996 3 * 3 5 7
8.5 0.999 0.999 0.998 3 * 3 5 7
9.0 0.999 0.999 0.998 3 * 3 5 7
9.5 0.999 0.999 0.999 3 * 3 5 7
10.0 0.999 0.999 0.999 3 * 3 5 7
0.5 0.000 0.000 0.000 1 * 1
1.0 0.000 0.000 0.000 1 * 1
1.5 0.545 0.391 0.315 1 * 3
2.0 0.720 0.540 0.449 1 * 3
2.5 0.620 0.571 0.472 2 * 3 5
3.0 0.774 0.732 0.647 2 * 3 5
3.5 0.871 0.831 0.752 2 * 3 5
4.0 0.695 0.733 0.346 2 * 3 7
4.5 0.777 0.724 0.620 2 * 3 7
5.0 0.969 0.969 0.961 3 * 3 5 7
5.5 0.983 0.983 0.980 3 * 3 5 7
6.0 0.987 0.987 0.985 3 * 3 5 7
6.5 0.991 0.991 0.989 3 * 3 5 7
7.0 0.994 0.994 0.993 3 * 3 5 7
7.5 0.997 0.997 0.996 3 * 3 5 7
8.0 0.997 0.997 0.996 3 * 3 5 7
8.5 0.998 0.998 0.998 3 * 3 5 7
9.0 0.999 0.999 0.998 3 * 3 5 7
9.5 0.999 0.999 0.999 3 * 3 5 7
10.0 0.999 0.999 0.999 3 * 3 5 7
0.5 0.000 0.000 0.000 1 * 1
1.0 0.000 0.000 0.000 1 * 1
1.5 0.551 0.399 0.322 1 * 3
2.0 0.717 0.539 0.450 1 * 3
2.5 0.633 0.585 0.489 2 * 3 5
3.0 0.779 0.737 0.652 2 * 3 5
3.5 0.895 0.855 0.774 2 * 3 5
4.0 0.815 0.796 0.758 2 * 3 6
4.5 0.831 0.889 0.627 3 * 3 5 7
5.0 0.969 0.969 0.963 3 * 3 5 7
5.5 0.980 0.980 0.976 3 * 3 5 7
6.0 0.987 0.987 0.985 3 * 3 5 7
6.5 0.991 0.991 0.989 3 * 3 5 7
7.0 0.993 0.993 0.992 3 * 3 5 7
7.5 0.996 0.959 0.994 2 * 3 7
8.0 0.998 0.998 0.997 3 * 3 5 7
8.5 0.998 0.998 0.998 3 * 3 5 7
9.0 0.999 0.999 0.998 3 * 3 5 7
9.5 0.999 0.999 0.999 3 * 3 5 7
10.0 0.999 0.999 0.999 3 * 3 5 7
0.5 0.000 0.000 0.000 1 * 1
1.0 0.000 0.000 0.000 1 * 1
1.5 0.538 0.390 0.316 1 * 3
2.0 0.712 0.532 0.442 1 * 3
2.5 0.557 0.521 0.459 1 * 4
3.0 0.783 0.740 0.653 2 * 3 5
3.5 0.875 0.836 0.757 2 * 3 5
4.0 0.787 0.703 0.787 1 * 6
4.5 0.824 0.881 0.625 3 * 3 5 7
5.0 0.969 0.969 0.962 3 * 3 5 7
5.5 0.980 0.980 0.976 3 * 3 5 7
6.0 0.986 0.986 0.984 3 * 3 5 7
6.5 0.991 0.991 0.990 3 * 3 5 7
7.0 0.993 0.993 0.992 3 * 3 5 7
7.5 0.995 0.995 0.994 3 * 3 5 7
8.0 0.997 0.997 0.996 3 * 3 5 7
8.5 0.999 0.999 0.998 3 * 3 5 7
9.0 0.998 0.998 0.998 3 * 3 5 7
9.5 0.999 0.999 0.999 3 * 3 5 7
10.0 1.000 1.000 0.999 3 * 3 5 7
0.5 0.000 0.000 0.000 1 * 1
1.0 0.000 0.000 0.000 1 * 1
1.5 0.556 0.401 0.322 1 * 3
2.0 0.727 0.547 0.457 1 * 3
2.5 0.644 0.596 0.500 2 * 3 5
3.0 0.789 0.748 0.664 2 * 3 5
3.5 0.890 0.851 0.773 2 * 3 5
4.0 0.797 0.856 0.592 3 * 3 5 7
4.5 0.824 0.880 0.628 3 * 3 5 7
5.0 0.968 0.932 0.960 2 * 3 7
5.5 0.811 0.793 0.756 2 * 3 7
6.0 0.986 0.986 0.984 3 * 3 5 7
6.5 0.992 0.992 0.991 3 * 3 5 7
7.0 0.993 0.993 0.992 3 * 3 5 7
7.5 0.996 0.996 0.995 3 * 3 5 7
8.0 0.997 0.997 0.996 3 * 3 5 7
8.5 0.998 0.998 0.997 3 * 3 5 7
9.0 0.999 0.999 0.999 3 * 3 5 7
9.5 0.999 0.999 0.999 3 * 3 5 7
10.0 0.999 0.999 0.999 3 * 3 5 7
0.5 0.000 0.000 0.000 1 * 1
1.0 0.076 0.076 0.076 1 * 2
1.5 0.559 0.400 0.320 1 * 3
2.0 0.727 0.545 0.454 1 * 3
2.5 0.601 0.549 0.445 2 * 3 5
3.0 0.788 0.746 0.663 2 * 3 5
3.5 0.891 0.852 0.774 2 * 3 5
4.0 0.818 0.800 0.762 2 * 3 6
4.5 0.790 0.740 0.641 2 * 3 7
5.0 0.968 0.968 0.961 3 * 3 5 7
5.5 0.975 0.975 0.971 3 * 3 5 7
6.0 0.987 0.987 0.985 3 * 3 5 7
6.5 0.991 0.991 0.990 3 * 3 5 7
7.0 0.995 0.995 0.994 3 * 3 5 7
7.5 0.996 0.996 0.996 3 * 3 5 7
8.0 0.998 0.998 0.997 3 * 3 5 7
8.5 0.998 0.998 0.998 3 * 3 5 7
9.0 0.999 0.999 0.999 3 * 3 5 7
9.5 0.999 0.999 0.999 3 * 3 5 7
10.0 0.999 0.999 0.999 3 * 3 5 7
0.5 0.000 0.000 0.000 1 * 1
1.0 0.000 0.000 0.000 1 * 1
1.5 0.544 0.390 0.309 1 * 3
2.0 0.733 0.551 0.460 1 * 3
2.5 0.645 0.599 0.505 2 * 3 5
3.0 0.762 0.720 0.636 2 * 3 5
3.5 0.785 0.721 0.558 2 * 3 6
4.0 0.831 0.815 0.782 2 * 3 6
4.5 0.885 0.754 0.885 1 * 7
5.0 0.968 0.968 0.962 3 * 3 5 7
5.5 0.980 0.980 0.975 3 * 3 5 7
6.0 0.988 0.988 0.986 3 * 3 5 7
6.5 0.991 0.991 0.989 3 * 3 5 7
7.0 0.857 0.810 0.717 2 * 3 7
7.5 0.995 0.995 0.994 3 * 3 5 7
8.0 0.997 0.997 0.996 3 * 3 5 7
8.5 0.998 0.998 0.998 3 * 3 5 7
9.0 0.999 0.999 0.999 3 * 3 5 7
9.5 0.999 0.999 0.999 3 * 3 5 7
10.0 0.999 0.999 0.999 3 * 3 5 7
0.5 0.000 0.000 0.000 1 * 1
1.0 0.000 0.000 0.000 1 * 1
1.5 0.532 0.380 0.303 1 * 3
2.0 0.706 0.530 0.443 1 * 3
2.5 0.567 0.560 0.567 1 * 4
3.0 0.787 0.744 0.658 2 * 3 5
3.5 0.886 0.846 0.766 2 * 3 5
4.0 0.787 0.844 0.582 3 * 3 5 7
4.5 0.829 0.887 0.623 3 * 3 5 7
5.0 0.876 0.936 0.674 3 * 3 5 7
5.5 0.981 0.981 0.977 3 * 3 5 7
6.0 0.987 0.987 0.985 3 * 3 5 7
6.5 0.991 0.991 0.989 3 * 3 5 7
7.0 0.994 0.994 0.993 3 * 3 5 7
7.5 0.996 0.996 0.995 3 * 3 5 7
8.0 0.998 0.998 0.997 3 * 3 5 7
8.5 0.998 0.998 0.998 3 * 3 5 7
9.0 0.999 0.999 0.999 3 * 3 5 7
9.5 0.999 0.999 0.999 3 * 3 5 7
10.0 0.999 0.999 0.999 3 * 3 5 7
0.5 0.000 0.000 0.000 1 * 1
1.0 0.000 0.000 0.000 1 * 1
1.5 0.549 0.398 0.323 1 * 3
2.0 0.734 0.554 0.464 1 * 3
2.5 0.653 0.606 0.511 2 * 3 5
3.0 0.774 0.731 0.646 2 * 3 5
3.5 0.887 0.847 0.768 2 * 3 5
4.0 0.522 0.541 0.577 2 * 2 7
4.5 0.933 0.895 0.917 2 * 3 7
5.0 0.875 0.937 0.668 3 * 3 5 7
5.5 0.980 0.980 0.977 3 * 3 5 7
6.0 0.987 0.987 0.984 3 * 3 5 7
6.5 0.993 0.993 0.992 3 * 3 5 7
7.0 0.994 0.994 0.993 3 * 3 5 7
7.5 0.996 0.996 0.995 3 * 3 5 7
8.0 0.997 0.997 0.997 3 * 3 5 7
8.5 0.998 0.998 0.998 3 * 3 5 7
9.0 0.999 0.999 0.998 3 * 3 5 7
9.5 0.999 0.999 0.999 3 * 3 5 7
10.0 0.999 0.999 0.999 3 * 3 5 7
0.5 0.000 0.000 0.000 1 * 1
1.0 0.000 0.000 0.000 1 * 1
1.5 0.546 0.392 0.315 1 * 3
2.0 0.711 0.532 0.443 1 * 3
2.5 0.547 0.543 0.538 1 * 4
3.0 0.781 0.737 0.649 2 * 3 5
3.5 0.904 0.866 0.789 2 * 3 5
4.0 0.804 0.721 0.804 1 * 6
4.5 0.675 0.780 0.623 3 * 2 5 7
5.0 0.875 0.935 0.673 3 * 3 5 7
5.5 0.881 0.943 0.677 3 * 3 5 7
6.0 0.893 0.949 0.704 3 * 3 5 7
6.5 0.990 0.990 0.988 3 * 3 5 7
7.0 0.994 0.994 0.992 3 * 3 5 7
7.5 0.996 0.996 0.996 3 * 3 5 7
8.0 0.998 0.998 0.998 3 * 3 5 7
8.5 0.998 0.998 0.998 3 * 3 5 7
9.0 0.999 0.999 0.998 3 * 3 5 7
9.5 0.999 0.999 0.999 3 * 3 5 7
10.0 1.000 1.000 1.000 3 * 3 5 7
0.5 0.000 0.000 0.000 1 * 1
1.0 0.000 0.000 0.000 1 * 1
1.5 0.552 0.403 0.329 1 * 3
2.0 0.450 0.361 0.312 1 * 4
2.5 0.569 0.564 0.569 1 * 4
3.0 0.767 0.724 0.638 2 * 3 5
3.5 0.899 0.860 0.781 2 * 3 5
4.0 0.827 0.761 0.600 2 * 3 6
4.5 0.923 0.923 0.910 3 * 3 5 7
5.0 0.961 0.961 0.953 3 * 3 5 7
5.5 0.981 0.981 0.977 3 * 3 5 7
6.0 0.987 0.987 0.984 3 * 3 5 7
6.5 0.991 0.954 0.990 2 * 3 7
7.0 0.994 0.994 0.993 3 * 3 5 7
7.5 0.997 0.997 0.996 3 * 3 5 7
8.0 0.997 0.997 0.996 3 * 3 5 7
8.5 0.999 0.999 0.999 3 * 3 5 7
9.0 0.999 0.999 0.999 3 * 3 5 7
9.5 0.999 0.999 0.999 3 * 3 5 7
10.0 1.000 1.000 0.999 3 * 3 5 7
