0.5 0.005 0.005 0.000 3 * 0.014 0.000 0.000
1.0 0.020 0.020 0.000 3 * 0.060 0.000 0.000
1.5 0.163 0.191 0.000 3 * 0.336 0.123 0.000
2.0 0.284 0.413 0.022 3 * 0.566 0.215 0.022
2.5 0.532 0.636 0.166 3 * 0.750 0.614 0.166
3.0 0.681 0.795 0.293 3 * 0.862 0.805 0.293
3.5 0.734 0.856 0.317 3 * 0.911 0.877 0.317
4.0 0.789 0.843 0.574 3 * 0.902 0.866 0.574
4.5 0.795 0.913 0.380 3 * 0.958 0.943 0.380
5.0 0.955 0.955 0.946 3 * 0.968 0.951 0.946
5.5 0.981 0.981 0.977 3 * 0.986 0.980 0.977
6.0 0.987 0.987 0.984 3 * 0.990 0.986 0.984
6.5 0.991 0.991 0.989 3 * 0.993 0.990 0.989
7.0 0.994 0.994 0.993 3 * 0.995 0.993 0.993
7.5 0.996 0.996 0.995 3 * 0.997 0.995 0.995
8.0 0.997 0.997 0.997 3 * 0.998 0.997 0.997
8.5 0.999 0.999 0.998 3 * 0.999 0.998 0.998
9.0 0.999 0.999 0.998 3 * 0.999 0.999 0.998
9.5 0.999 0.999 0.999 3 * 0.999 0.999 0.999
10.0 0.999 0.999 0.999 3 * 0.999 0.999 0.999
0.5 0.004 0.004 0.000 3 * 0.013 0.000 0.000
1.0 0.012 0.012 0.000 3 * 0.037 0.000 0.000
1.5 0.124 0.234 0.000 3 * 0.308 0.000 0.000
2.0 0.258 0.311 0.047 3 * 0.442 0.128 0.047
2.5 0.479 0.530 0.237 3 * 0.640 0.506 0.237
3.0 0.678 0.795 0.289 3 * 0.860 0.805 0.289
3.5 0.736 0.854 0.326 3 * 0.911 0.874 0.326
4.0 0.800 0.860 0.591 3 * 0.913 0.886 0.591
4.5 0.814 0.872 0.614 3 * 0.926 0.898 0.614
5.0 0.970 0.970 0.964 3 * 0.978 0.969 0.964
5.5 0.982 0.982 0.979 3 * 0.986 0.981 0.979
6.0 0.988 0.988 0.987 3 * 0.991 0.988 0.987
6.5 0.992 0.992 0.991 3 * 0.994 0.992 0.991
7.0 0.993 0.993 0.992 3 * 0.995 0.993 0.992
7.5 0.996 0.996 0.995 3 * 0.997 0.996 0.995
8.0 0.998 0.998 0.998 3 * 0.999 0.998 0.998
8.5 0.915 0.960 0.749 3 * 0.997 0.997 0.749
9.0 0.999 0.999 0.998 3 * 0.999 0.998 0.998
9.5 0.999 0.999 0.999 3 * 0.999 0.999 0.999
10.0 1.000 1.000 1.000 3 * 1.000 1.000 1.000
0.5 0.005 0.005 0.000 3 * 0.015 0.000 0.000
1.0 0.015 0.015 0.000 3 * 0.046 0.000 0.000
1.5 0.095 0.097 0.000 3 * 0.182 0.042 0.000
2.0 0.276 0.334 0.046 3 * 0.422 0.237 0.046
2.5 0.516 0.621 0.153 3 * 0.750 0.587 0.153
3.0 0.678 0.792 0.289 3 * 0.858 0.803 0.289
3.5 0.736 0.852 0.332 3 * 0.909 0.872 0.332
4.0 0.793 0.844 0.598 3 * 0.903 0.868 0.598
4.5 0.895 0.895 0.879 3 * 0.916 0.888 0.879
5.0 0.971 0.971 0.965 3 * 0.979 0.969 0.965
5.5 0.981 0.981 0.978 3 * 0.986 0.980 0.978
6.0 0.987 0.987 0.985 3 * 0.989 0.986 0.985
6.5 0.991 0.991 0.989 3 * 0.992 0.990 0.989
7.0 0.993 0.993 0.992 3 * 0.994 0.992 0.992
7.5 0.996 0.996 0.996 3 * 0.997 0.996 0.996
8.0 0.997 0.997 0.997 3 * 0.998 0.997 0.997
8.5 0.998 0.998 0.998 3 * 0.999 0.998 0.998
9.0 0.999 0.999 0.999 3 * 0.999 0.999 0.999
9.5 0.999 0.999 0.999 3 * 0.999 0.999 0.999
10.0 0.999 0.999 0.999 3 * 1.000 0.999 0.999
0.5 0.003 0.003 0.000 3 * 0.009 0.000 0.000
1.0 0.022 0.030 0.000 3 * 0.065 0.000 0.000
1.5 0.116 0.220 0.000 3 * 0.290 0.000 0.000
2.0 0.241 0.303 0.061 3 * 0.415 0.116 0.061
2.5 0.375 0.375 0.290 3 * 0.398 0.306 0.290
3.0 0.675 0.788 0.303 3 * 0.856 0.792 0.303
3.5 0.764 0.834 0.459 3 * 0.886 0.855 0.459
4.0 0.780 0.846 0.563 3 * 0.882 0.863 0.563
4.5 0.827 0.884 0.630 3 * 0.935 0.912 0.630
5.0 0.969 0.969 0.961 3 * 0.978 0.967 0.961
5.5 0.982 0.982 0.979 3 * 0.987 0.982 0.979
6.0 0.987 0.987 0.985 3 * 0.990 0.987 0.985
6.5 0.993 0.993 0.991 3 * 0.995 0.992 0.991
7.0 0.995 0.995 0.994 3 * 0.997 0.995 0.994
7.5 0.996 0.996 0.995 3 * 0.997 0.996 0.995
8.0 0.997 0.997 0.997 3 * 0.998 0.997 0.997
8.5 0.998 0.998 0.997 3 * 0.998 0.997 0.997
9.0 0.999 0.999 0.999 3 * 0.999 0.999 0.999
9.5 0.999 0.999 0.999 3 * 0.999 0.999 0.999
10.0 0.999 0.999 0.999 3 * 0.999 0.999 0.999
0.5 0.003 0.003 0.000 3 * 0.008 0.000 0.000
1.0 0.031 0.031 0.000 3 * 0.092 0.000 0.000
1.5 0.148 0.248 0.000 3 * 0.326 0.074 0.000
2.0 0.275 0.297 0.094 3 * 0.443 0.234 0.094
2.5 0.538 0.645 0.174 3 * 0.755 0.623 0.174
3.0 0.671 0.739 0.392 3 * 0.802 0.748 0.392
3.5 0.737 0.851 0.347 3 * 0.904 0.871 0.347
4.0 0.770 0.894 0.345 3 * 0.945 0.920 0.345
4.5 0.834 0.895 0.628 3 * 0.948 0.923 0.628
5.0 0.972 0.972 0.967 3 * 0.980 0.971 0.967
5.5 0.845 0.845 0.787 3 * 0.899 0.847 0.787
6.0 0.988 0.988 0.986 3 * 0.992 0.988 0.986
6.5 0.992 0.992 0.991 3 * 0.994 0.992 0.991
7.0 0.994 0.994 0.992 3 * 0.996 0.993 0.992
7.5 0.996 0.996 0.995 3 * 0.997 0.996 0.995
8.0 0.998 0.998 0.998 3 * 0.998 0.998 0.998
8.5 0.997 0.997 0.997 3 * 0.998 0.997 0.997
9.0 0.998 0.998 0.998 3 * 0.999 0.998 0.998
9.5 0.999 0.999 0.999 3 * 0.999 0.999 0.999
10.0 0.999 0.999 0.999 3 * 1.000 0.999 0.999
0.5 0.004 0.004 0.000 3 * 0.011 0.000 0.000
1.0 0.017 0.018 0.000 3 * 0.052 0.000 0.000
1.5 0.152 0.190 0.000 3 * 0.283 0.136 0.000
2.0 0.242 0.282 0.076 3 * 0.321 0.239 0.076
2.5 0.562 0.658 0.224 3 * 0.756 0.642 0.224
3.0 0.668 0.742 0.361 3 * 0.812 0.750 0.361
3.5 0.775 0.837 0.489 3 * 0.894 0.855 0.489
4.0 0.785 0.840 0.578 3 * 0.901 0.864 0.578
4.5 0.860 0.860 0.844 3 * 0.883 0.853 0.844
5.0 0.967 0.967 0.960 3 * 0.976 0.966 0.960
5.5 0.979 0.979 0.976 3 * 0.984 0.978 0.976
6.0 0.988 0.988 0.985 3 * 0.991 0.987 0.985
6.5 0.991 0.991 0.989 3 * 0.993 0.991 0.989
7.0 0.994 0.994 0.993 3 * 0.995 0.994 0.993
7.5 0.996 0.996 0.995 3 * 0.997 0.996 0.995
8.0 0.997 0.997 0.996 3 * 0.998 0.997 0.996
8.5 0.998 0.998 0.997 3 * 0.999 0.998 0.997
9.0 0.999 0.999 0.999 3 * 0.999 0.999 0.999
9.5 0.999 0.999 0.999 3 * 1.000 0.999 0.999
10.0 1.000 1.000 1.000 3 * 1.000 1.000 1.000
0.5 0.003 0.003 0.000 3 * 0.008 0.000 0.000
1.0 0.016 0.016 0.000 3 * 0.047 0.000 0.000
1.5 0.166 0.141 0.000 3 * 0.313 0.014 0.000
2.0 0.218 0.225 0.101 3 * 0.231 0.158 0.101
2.5 0.572 0.670 0.227 3 * 0.764 0.659 0.227
3.0 0.670 0.780 0.295 3 * 0.848 0.787 0.295
3.5 0.766 0.836 0.458 3 * 0.891 0.857 0.458
4.0 0.770 0.895 0.347 3 * 0.944 0.921 0.347
4.5 0.895 0.895 0.880 3 * 0.916 0.887 0.880
5.0 0.972 0.972 0.966 3 * 0.980 0.970 0.966
5.5 0.981 0.981 0.977 3 * 0.985 0.980 0.977
6.0 0.987 0.987 0.984 3 * 0.990 0.986 0.984
6.5 0.990 0.990 0.988 3 * 0.993 0.989 0.988
7.0 0.995 0.995 0.994 3 * 0.996 0.994 0.994
7.5 0.996 0.996 0.995 3 * 0.997 0.995 0.995
8.0 0.997 0.997 0.996 3 * 0.998 0.997 0.996
8.5 0.999 0.999 0.998 3 * 0.999 0.999 0.998
9.0 0.999 0.999 0.999 3 * 0.999 0.999 0.999
9.5 0.999 0.999 0.999 3 * 0.999 0.999 0.999
10.0 1.000 1.000 1.000 3 * 1.000 1.000 1.000
0.5 0.003 0.003 0.000 3 * 0.009 0.000 0.000
1.0 0.035 0.059 0.000 3 * 0.105 0.000 0.000
1.5 0.168 0.183 0.000 3 * 0.323 0.115 0.000
2.0 0.202 0.265 0.108 3 * 0.219 0.269 0.108
2.5 0.556 0.655 0.207 3 * 0.757 0.639 0.207
3.0 0.676 0.795 0.285 3 * 0.861 0.803 0.285
3.5 0.734 0.853 0.323 3 * 0.911 0.873 0.323
4.0 0.779 0.831 0.566 3 * 0.889 0.854 0.566
4.5 0.837 0.896 0.635 3 * 0.944 0.926 0.635
5.0 0.971 0.971 0.965 3 * 0.978 0.970 0.965
5.5 0.981 0.981 0.977 3 * 0.986 0.979 0.977
6.0 0.987 0.987 0.984 3 * 0.992 0.987 0.984
6.5 0.991 0.991 0.989 3 * 0.993 0.990 0.989
7.0 0.995 0.995 0.994 3 * 0.996 0.994 0.994
7.5 0.995 0.995 0.995 3 * 0.996 0.995 0.995
8.0 0.998 0.998 0.997 3 * 0.998 0.997 0.997
8.5 0.998 0.998 0.998 3 * 0.999 0.998 0.998
9.0 0.999 0.999 0.999 3 * 0.999 0.999 0.999
9.5 0.998 0.998 0.998 3 * 0.999 0.998 0.998
10.0 0.999 0.999 0.999 3 * 0.999 0.999 0.999
0.5 0.002 0.002 0.000 3 * 0.007 0.000 0.000
1.0 0.004 0.004 0.000 3 * 0.013 0.000 0.000
1.5 0.094 0.091 0.000 3 * 0.273 0.000 0.000
2.0 0.104 0.111 0.084 3 * 0.160 0.041 0.084
2.5 0.566 0.661 0.220 3 * 0.759 0.649 0.220
3.0 0.680 0.797 0.280 3 * 0.868 0.806 0.280
3.5 0.752 0.825 0.443 3 * 0.881 0.843 0.443
4.0 0.771 0.894 0.345 3 * 0.947 0.919 0.345
4.5 0.843 0.892 0.663 3 * 0.943 0.921 0.663
5.0 0.969 0.969 0.962 3 * 0.977 0.967 0.962
5.5 0.980 0.980 0.977 3 * 0.986 0.979 0.977
6.0 0.987 0.987 0.984 3 * 0.990 0.986 0.984
6.5 0.991 0.991 0.990 3 * 0.993 0.991 0.990
7.0 0.994 0.994 0.992 3 * 0.995 0.993 0.992
7.5 0.996 0.996 0.995 3 * 0.997 0.996 0.995
8.0 0.998 0.998 0.997 3 * 0.998 0.997 0.997
8.5 0.998 0.998 0.997 3 * 0.999 0.998 0.997
9.0 0.999 0.999 0.998 3 * 0.999 0.998 0.998
9.5 0.999 0.999 0.999 3 * 0.999 0.999 0.999
10.0 0.999 0.999 0.999 3 * 0.999 0.999 0.999
0.5 0.006 0.006 0.000 3 * 0.018 0.000 0.000
1.0 0.018 0.019 0.000 3 * 0.053 0.000 0.000
1.5 0.104 0.153 0.000 3 * 0.224 0.015 0.000
2.0 0.298 0.363 0.049 3 * 0.541 0.226 0.049
2.5 0.486 0.556 0.198 3 * 0.755 0.382 0.198
3.0 0.684 0.754 0.399 3 * 0.817 0.763 0.399
3.5 0.730 0.854 0.313 3 * 0.911 0.873 0.313
4.0 0.784 0.834 0.593 3 * 0.894 0.857 0.593
4.5 0.825 0.880 0.629 3 * 0.931 0.909 0.629
5.0 0.971 0.971 0.964 3 * 0.979 0.968 0.964
5.5 0.981 0.981 0.978 3 * 0.985 0.980 0.978
6.0 0.987 0.987 0.985 3 * 0.990 0.986 0.985
6.5 0.992 0.992 0.990 3 * 0.993 0.991 0.990
7.0 0.994 0.994 0.993 3 * 0.995 0.994 0.993
7.5 0.996 0.996 0.995 3 * 0.996 0.995 0.995
8.0 0.997 0.997 0.996 3 * 0.997 0.996 0.996
8.5 0.998 0.998 0.997 3 * 0.998 0.998 0.997
9.0 0.999 0.999 0.999 3 * 0.999 0.999 0.999
9.5 0.999 0.999 0.999 3 * 0.999 0.999 0.999
10.0 0.999 0.999 0.999 3 * 0.999 0.999 0.999
0.5 0.006 0.006 0.000 3 * 0.019 0.000 0.000
1.0 0.018 0.018 0.000 3 * 0.054 0.000 0.000
1.5 0.100 0.144 0.000 3 * 0.174 0.011 0.000
2.0 0.220 0.184 0.046 3 * 0.389 0.084 0.046
2.5 0.563 0.662 0.223 3 * 0.767 0.641 0.223
3.0 0.673 0.746 0.375 3 * 0.810 0.755 0.375
3.5 0.735 0.858 0.316 3 * 0.913 0.879 0.316
4.0 0.762 0.812 0.548 3 * 0.874 0.834 0.548
4.5 0.913 0.913 0.898 3 * 0.932 0.908 0.898
5.0 0.968 0.968 0.962 3 * 0.976 0.966 0.962
5.5 0.837 0.837 0.779 3 * 0.889 0.841 0.779
6.0 0.986 0.986 0.983 3 * 0.989 0.985 0.983
6.5 0.992 0.992 0.991 3 * 0.994 0.992 0.991
7.0 0.993 0.993 0.992 3 * 0.995 0.993 0.992
7.5 0.996 0.996 0.995 3 * 0.997 0.996 0.995
8.0 0.998 0.998 0.998 3 * 0.999 0.998 0.998
8.5 0.998 0.998 0.998 3 * 0.999 0.998 0.998
9.0 0.999 0.999 0.999 3 * 0.999 0.999 0.999
9.5 0.999 0.999 0.999 3 * 1.000 0.999 0.999
10.0 1.000 1.000 1.000 3 * 1.000 1.000 1.000
0.5 0.005 0.005 0.000 3 * 0.015 0.000 0.000
1.0 0.026 0.041 0.000 3 * 0.079 0.000 0.000
1.5 0.123 0.105 0.000 3 * 0.285 0.022 0.000
2.0 0.251 0.233 0.110 3 * 0.427 0.146 0.110
2.5 0.538 0.578 0.298 3 * 0.683 0.563 0.298
3.0 0.662 0.778 0.271 3 * 0.849 0.784 0.271
3.5 0.732 0.854 0.325 3 * 0.911 0.871 0.325
4.0 0.771 0.898 0.339 3 * 0.948 0.924 0.339
4.5 0.832 0.887 0.636 3 * 0.938 0.915 0.636
5.0 0.972 0.972 0.966 3 * 0.979 0.970 0.966
5.5 0.980 0.980 0.975 3 * 0.986 0.978 0.975
6.0 0.891 0.947 0.698 3 * 0.987 0.982 0.698
6.5 0.992 0.992 0.990 3 * 0.994 0.991 0.990
7.0 0.995 0.995 0.993 3 * 0.996 0.994 0.993
7.5 0.995 0.995 0.995 3 * 0.996 0.995 0.995
8.0 0.996 0.996 0.996 3 * 0.997 0.996 0.996
8.5 0.998 0.998 0.997 3 * 0.998 0.998 0.997
9.0 0.999 0.999 0.998 3 * 0.999 0.999 0.998
9.5 0.999 0.999 0.999 3 * 0.999 0.999 0.999
10.0 0.999 0.999 0.999 3 * 0.999 0.999 0.999
0.5 0.007 0.007 0.000 3 * 0.022 0.000 0.000
1.0 0.009 0.009 0.000 3 * 0.026 0.000 0.000
1.5 0.113 0.107 0.000 3 * 0.223 0.045 0.000
2.0 0.239 0.256 0.069 3 * 0.418 0.200 0.069
2.5 0.509 0.509 0.315 3 * 0.693 0.425 0.315
3.0 0.678 0.787 0.310 3 * 0.854 0.795 0.310
3.5 0.738 0.856 0.325 3 * 0.914 0.877 0.325
4.0 0.822 0.895 0.500 3 * 0.946 0.921 0.500
4.5 0.922 0.922 0.910 3 * 0.940 0.917 0.910
5.0 0.832 0.832 0.771 3 * 0.893 0.833 0.771
5.5 0.980 0.980 0.977 3 * 0.985 0.979 0.977
6.0 0.986 0.986 0.984 3 * 0.990 0.985 0.984
6.5 0.990 0.990 0.989 3 * 0.992 0.990 0.989
7.0 0.993 0.993 0.992 3 * 0.995 0.993 0.992
7.5 0.996 0.996 0.995 3 * 0.996 0.996 0.995
8.0 0.997 0.997 0.996 3 * 0.998 0.997 0.996
8.5 0.998 0.998 0.998 3 * 0.999 0.998 0.998
9.0 0.999 0.999 0.999 3 * 0.999 0.999 0.999
9.5 0.999 0.999 0.999 3 * 0.999 0.999 0.999
10.0 0.999 0.999 0.999 3 * 1.000 0.999 0.999
0.5 0.005 0.005 0.000 3 * 0.014 0.000 0.000
1.0 0.015 0.015 0.000 3 * 0.046 0.000 0.000
1.5 0.084 0.194 0.000 3 * 0.229 0.010 0.000
2.0 0.230 0.224 0.074 3 * 0.422 0.142 0.074
2.5 0.549 0.642 0.222 3 * 0.740 0.626 0.222
3.0 0.660 0.778 0.267 3 * 0.844 0.787 0.267
3.5 0.715 0.768 0.512 3 * 0.837 0.784 0.512
4.0 0.771 0.889 0.359 3 * 0.939 0.915 0.359
4.5 0.917 0.917 0.903 3 * 0.938 0.911 0.903
5.0 0.969 0.969 0.962 3 * 0.977 0.967 0.962
5.5 0.981 0.981 0.977 3 * 0.986 0.980 0.977
6.0 0.987 0.987 0.984 3 * 0.990 0.986 0.984
6.5 0.992 0.992 0.990 3 * 0.994 0.991 0.990
7.0 0.994 0.994 0.993 3 * 0.995 0.994 0.993
7.5 0.995 0.995 0.994 3 * 0.996 0.995 0.994
8.0 0.998 0.998 0.997 3 * 0.998 0.997 0.997
8.5 0.998 0.998 0.998 3 * 0.999 0.998 0.998
9.0 0.999 0.999 0.999 3 * 1.000 0.999 0.999
9.5 0.999 0.999 0.999 3 * 0.999 0.999 0.999
10.0 0.999 0.999 0.999 3 * 0.999 0.999 0.999
0.5 0.005 0.005 0.000 3 * 0.015 0.000 0.000
1.0 0.015 0.015 0.000 3 * 0.044 0.000 0.000
1.5 0.135 0.232 0.000 3 * 0.303 0.034 0.000
2.0 0.168 0.189 0.029 3 * 0.204 0.169 0.029
2.5 0.556 0.646 0.217 3 * 0.749 0.631 0.217
3.0 0.683 0.758 0.379 3 * 0.826 0.766 0.379
3.5 0.731 0.853 0.316 3 * 0.912 0.870 0.316
4.0 0.777 0.832 0.538 3 * 0.872 0.853 0.538
4.5 0.884 0.884 0.866 3 * 0.910 0.876 0.866
5.0 0.972 0.972 0.968 3 * 0.979 0.970 0.968
5.5 0.978 0.978 0.974 3 * 0.983 0.977 0.974
6.0 0.988 0.988 0.986 3 * 0.991 0.988 0.986
6.5 0.991 0.991 0.989 3 * 0.993 0.990 0.989
7.0 0.995 0.995 0.994 3 * 0.996 0.994 0.994
7.5 0.996 0.996 0.995 3 * 0.997 0.996 0.995
8.0 0.997 0.997 0.997 3 * 0.998 0.997 0.997
8.5 0.999 0.999 0.999 3 * 0.999 0.999 0.999
9.0 0.999 0.999 0.998 3 * 0.999 0.998 0.998
9.5 0.999 0.999 0.999 3 * 0.999 0.999 0.999
10.0 0.999 0.999 0.999 3 * 0.999 0.999 0.999
0.5 0.006 0.006 0.000 3 * 0.018 0.000 0.000
1.0 0.032 0.032 0.000 3 * 0.096 0.000 0.000
1.5 0.146 0.248 0.000 3 * 0.333 0.036 0.000
2.0 0.244 0.303 0.100 3 * 0.369 0.196 0.100
2.5 0.544 0.630 0.224 3 * 0.731 0.614 0.224
3.0 0.677 0.796 0.283 3 * 0.860 0.807 0.283
3.5 0.740 0.855 0.335 3 * 0.913 0.876 0.335
4.0 0.783 0.833 0.587 3 * 0.889 0.857 0.587
4.5 0.825 0.879 0.628 3 * 0.930 0.908 0.628
5.0 0.970 0.970 0.963 3 * 0.980 0.968 0.963
5.5 0.980 0.980 0.977 3 * 0.985 0.979 0.977
6.0 0.986 0.986 0.983 3 * 0.989 0.985 0.983
6.5 0.992 0.992 0.990 3 * 0.994 0.991 0.990
7.0 0.993 0.993 0.992 3 * 0.995 0.993 0.992
7.5 0.996 0.996 0.995 3 * 0.997 0.996 0.995
8.0 0.998 0.998 0.997 3 * 0.998 0.998 0.997
8.5 0.998 0.998 0.998 3 * 0.999 0.998 0.998
9.0 0.998 0.998 0.998 3 * 0.999 0.998 0.998
9.5 0.999 0.999 0.999 3 * 0.999 0.999 0.999
10.0 1.000 1.000 1.000 3 * 1.000 1.000 1.000
0.5 0.008 0.008 0.000 3 * 0.023 0.000 0.000
1.0 0.028 0.028 0.000 3 * 0.085 0.000 0.000
1.5 0.141 0.247 0.000 3 * 0.319 0.025 0.000
2.0 0.207 0.228 0.068 3 * 0.275 0.125 0.068
2.5 0.534 0.594 0.282 3 * 0.685 0.580 0.282
3.0 0.661 0.774 0.277 3 * 0.849 0.777 0.277
3.5 0.737 0.860 0.318 3 * 0.918 0.881 0.318
4.0 0.775 0.896 0.354 3 * 0.947 0.922 0.354
4.5 0.914 0.914 0.901 3 * 0.934 0.908 0.901
5.0 0.971 0.971 0.965 3 * 0.979 0.970 0.965
5.5 0.977 0.977 0.973 3 * 0.983 0.976 0.973
6.0 0.856 0.856 0.800 3 * 0.906 0.861 0.800
6.5 0.992 0.992 0.991 3 * 0.995 0.992 0.991
7.0 0.995 0.995 0.993 3 * 0.997 0.995 0.993
7.5 0.997 0.997 0.996 3 * 0.997 0.997 0.996
8.0 0.997 0.997 0.996 3 * 0.997 0.997 0.996
8.5 0.999 0.999 0.998 3 * 0.999 0.998 0.998
9.0 0.999 0.999 0.999 3 * 0.999 0.999 0.999
9.5 0.999 0.999 0.999 3 * 0.999 0.999 0.999
10.0 0.920 0.962 0.762 3 * 0.999 0.999 0.762
0.5 0.003 0.003 0.000 3 * 0.009 0.000 0.000
1.0 0.029 0.029 0.000 3 * 0.086 0.000 0.000
1.5 0.118 0.203 0.000 3 * 0.281 0.000 0.000
2.0 0.309 0.319 0.064 3 * 0.481 0.113 0.064
2.5 0.578 0.670 0.248 3 * 0.769 0.654 0.248
3.0 0.526 0.591 0.335 3 * 0.686 0.477 0.335
3.5 0.731 0.851 0.322 3 * 0.908 0.871 0.322
4.0 0.772 0.830 0.564 3 * 0.888 0.853 0.564
4.5 0.822 0.875 0.632 3 * 0.924 0.904 0.632
5.0 0.875 0.935 0.677 3 * 0.978 0.967 0.677
5.5 0.980 0.980 0.976 3 * 0.986 0.979 0.976
6.0 0.987 0.987 0.984 3 * 0.990 0.986 0.984
6.5 0.991 0.991 0.990 3 * 0.994 0.990 0.990
7.0 0.993 0.993 0.992 3 * 0.995 0.993 0.992
7.5 0.996 0.996 0.995 3 * 0.997 0.996 0.995
8.0 0.999 0.999 0.998 3 * 0.999 0.999 0.998
8.5 0.998 0.998 0.997 3 * 0.998 0.997 0.997
9.0 0.999 0.999 0.999 3 * 0.999 0.999 0.999
9.5 0.999 0.999 0.998 3 * 0.999 0.999 0.998
10.0 0.999 0.999 0.999 3 * 0.999 0.999 0.999
0.5 0.007 0.007 0.000 3 * 0.020 0.000 0.000
1.0 0.033 0.052 0.000 3 * 0.098 0.000 0.000
1.5 0.139 0.229 0.000 3 * 0.304 0.016 0.000
2.0 0.240 0.262 0.084 3 * 0.274 0.248 0.084
2.5 0.549 0.626 0.241 3 * 0.724 0.614 0.241
3.0 0.677 0.783 0.298 3 * 0.856 0.791 0.298
3.5 0.733 0.852 0.327 3 * 0.908 0.870 0.327
4.0 0.790 0.846 0.583 3 * 0.901 0.872 0.583
4.5 0.830 0.884 0.637 3 * 0.933 0.914 0.637
5.0 0.968 0.968 0.960 3 * 0.978 0.966 0.960
5.5 0.982 0.982 0.978 3 * 0.987 0.980 0.978
6.0 0.987 0.987 0.985 3 * 0.990 0.986 0.985
6.5 0.992 0.992 0.990 3 * 0.994 0.991 0.990
7.0 0.993 0.993 0.992 3 * 0.995 0.993 0.992
7.5 0.996 0.996 0.995 3 * 0.996 0.995 0.995
8.0 0.997 0.997 0.997 3 * 0.998 0.997 0.997
8.5 0.998 0.998 0.998 3 * 0.998 0.998 0.998
9.0 0.999 0.999 0.999 3 * 0.999 0.999 0.999
9.5 0.999 0.999 0.999 3 * 0.999 0.999 0.999
10.0 1.000 1.000 1.000 3 * 1.000 1.000 1.000
0.5 0.005 0.005 0.000 3 * 0.016 0.000 0.000
1.0 0.015 0.015 0.000 3 * 0.045 0.000 0.000
1.5 0.094 0.081 0.000 3 * 0.191 0.002 0.000
2.0 0.217 0.195 0.077 3 * 0.391 0.117 0.077
2.5 0.583 0.680 0.235 3 * 0.778 0.668 0.235
3.0 0.668 0.783 0.270 3 * 0.856 0.792 0.270
3.5 0.735 0.852 0.334 3 * 0.908 0.872 0.334
4.0 0.786 0.843 0.578 3 * 0.903 0.866 0.578
4.5 0.905 0.905 0.888 3 * 0.928 0.898 0.888
5.0 0.971 0.971 0.964 3 * 0.980 0.969 0.964
5.5 0.983 0.983 0.979 3 * 0.988 0.981 0.979
6.0 0.896 0.948 0.715 3 * 0.987 0.982 0.715
6.5 0.992 0.992 0.990 3 * 0.994 0.991 0.990
7.0 0.993 0.993 0.992 3 * 0.995 0.993 0.992
7.5 0.996 0.996 0.996 3 * 0.997 0.996 0.996
8.0 0.997 0.997 0.996 3 * 0.998 0.997 0.996
8.5 0.999 0.999 0.999 3 * 0.999 0.999 0.999
9.0 0.999 0.999 0.999 3 * 0.999 0.999 0.999
9.5 0.998 0.998 0.998 3 * 0.999 0.998 0.998
10.0 1.000 1.000 1.000 3 * 1.000 1.000 1.000
0.5 0.005 0.005 0.000 3 * 0.016 0.000 0.000
1.0 0.029 0.029 0.000 3 * 0.088 0.000 0.000
1.5 0.182 0.246 0.000 3 * 0.321 0.157 0.000
2.0 0.257 0.336 0.005 3 * 0.438 0.104 0.005
2.5 0.557 0.661 0.183 3 * 0.774 0.643 0.183
3.0 0.678 0.798 0.277 3 * 0.863 0.809 0.277
3.5 0.731 0.846 0.342 3 * 0.901 0.864 0.342
4.0 0.771 0.892 0.355 3 * 0.940 0.920 0.355
4.5 0.881 0.881 0.863 3 * 0.908 0.872 0.863
5.0 0.971 0.971 0.966 3 * 0.977 0.969 0.966
5.5 0.982 0.982 0.979 3 * 0.987 0.981 0.979
6.0 0.987 0.987 0.984 3 * 0.991 0.986 0.984
6.5 0.992 0.992 0.990 3 * 0.994 0.991 0.990
7.0 0.993 0.993 0.992 3 * 0.994 0.993 0.992
7.5 0.996 0.996 0.995 3 * 0.997 0.996 0.995
8.0 0.997 0.997 0.997 3 * 0.997 0.997 0.997
8.5 0.999 0.999 0.999 3 * 0.999 0.999 0.999
9.0 0.998 0.998 0.998 3 * 0.999 0.998 0.998
9.5 0.999 0.999 0.999 3 * 0.999 0.999 0.999
10.0 0.999 0.999 0.999 3 * 0.999 0.999 0.999
0.5 0.009 0.009 0.000 3 * 0.026 0.000 0.000
1.0 0.025 0.025 0.000 3 * 0.076 0.000 0.000
1.5 0.178 0.252 0.000 3 * 0.374 0.006 0.000
2.0 0.258 0.316 0.100 3 * 0.422 0.155 0.100
2.5 0.530 0.600 0.248 3 * 0.697 0.585 0.248
3.0 0.661 0.784 0.265 3 * 0.849 0.793 0.265
3.5 0.762 0.833 0.458 3 * 0.889 0.852 0.458
4.0 0.778 0.835 0.564 3 * 0.894 0.858 0.564
4.5 0.830 0.888 0.629 3 * 0.939 0.916 0.629
5.0 0.970 0.970 0.963 3 * 0.979 0.968 0.963
5.5 0.886 0.946 0.687 3 * 0.986 0.980 0.687
6.0 0.986 0.986 0.984 3 * 0.989 0.985 0.984
6.5 0.990 0.990 0.988 3 * 0.992 0.990 0.988
7.0 0.993 0.993 0.992 3 * 0.995 0.993 0.992
7.5 0.996 0.996 0.995 3 * 0.997 0.996 0.995
8.0 0.997 0.997 0.996 3 * 0.997 0.997 0.996
8.5 0.998 0.998 0.998 3 * 0.999 0.998 0.998
9.0 0.999 0.999 0.998 3 * 0.999 0.999 0.998
9.5 0.999 0.999 0.999 3 * 0.999 0.999 0.999
10.0 1.000 1.000 0.999 3 * 1.000 1.000 0.999
0.5 0.003 0.003 0.000 3 * 0.008 0.000 0.000
1.0 0.023 0.023 0.000 3 * 0.068 0.000 0.000
1.5 0.127 0.110 0.000 3 * 0.243 0.049 0.000
2.0 0.225 0.313 0.053 3 * 0.403 0.127 0.053
2.5 0.564 0.671 0.186 3 * 0.772 0.660 0.186
3.0 0.671 0.777 0.305 3 * 0.845 0.786 0.305
3.5 0.770 0.843 0.460 3 * 0.897 0.863 0.460
4.0 0.789 0.845 0.583 3 * 0.902 0.869 0.583
4.5 0.819 0.875 0.622 3 * 0.927 0.903 0.622
5.0 0.971 0.971 0.965 3 * 0.980 0.969 0.965
5.5 0.980 0.980 0.977 3 * 0.985 0.979 0.977
6.0 0.989 0.989 0.987 3 * 0.991 0.988 0.987
6.5 0.990 0.990 0.989 3 * 0.992 0.990 0.989
7.0 0.994 0.994 0.993 3 * 0.996 0.994 0.993
7.5 0.996 0.996 0.995 3 * 0.996 0.996 0.995
8.0 0.997 0.997 0.997 3 * 0.998 0.997 0.997
8.5 0.998 0.998 0.998 3 * 0.999 0.998 0.998
9.0 0.998 0.998 0.998 3 * 0.999 0.998 0.998
9.5 0.999 0.999 0.999 3 * 0.999 0.999 0.999
10.0 0.999 0.999 0.999 3 * 0.999 0.999 0.999
0.5 0.002 0.002 0.000 3 * 0.007 0.000 0.000
1.0 0.015 0.015 0.000 3 * 0.044 0.000 0.000
1.5 0.127 0.166 0.000 3 * 0.199 0.040 0.000
2.0 0.226 0.197 0.064 3 * 0.398 0.109 0.064
2.5 0.550 0.659 0.180 3 * 0.763 0.642 0.180
3.0 0.672 0.730 0.411 3 * 0.791 0.740 0.411
3.5 0.747 0.861 0.346 3 * 0.917 0.881 0.346
4.0 0.777 0.900 0.357 3 * 0.950 0.925 0.357
4.5 0.934 0.934 0.920 3 * 0.954 0.927 0.920
5.0 0.970 0.970 0.965 3 * 0.977 0.968 0.965
5.5 0.978 0.978 0.973 3 * 0.984 0.977 0.973
6.0 0.985 0.985 0.982 3 * 0.989 0.985 0.982
6.5 0.991 0.991 0.990 3 * 0.994 0.991 0.990
7.0 0.994 0.994 0.992 3 * 0.995 0.993 0.992
7.5 0.995 0.995 0.994 3 * 0.996 0.995 0.994
8.0 0.997 0.997 0.996 3 * 0.997 0.996 0.996
8.5 0.998 0.998 0.998 3 * 0.999 0.998 0.998
9.0 0.999 0.999 0.999 3 * 0.999 0.999 0.999
9.5 0.999 0.999 0.999 3 * 0.999 0.999 0.999
10.0 0.999 0.999 0.999 3 * 0.999 0.999 0.999
0.5 0.004 0.004 0.000 3 * 0.012 0.000 0.000
1.0 0.025 0.039 0.000 3 * 0.076 0.000 0.000
1.5 0.133 0.200 0.000 3 * 0.279 0.024 0.000
2.0 0.309 0.369 0.026 3 * 0.470 0.230 0.026
2.5 0.551 0.659 0.189 3 * 0.756 0.644 0.189
3.0 0.697 0.770 0.409 3 * 0.834 0.776 0.409
3.5 0.765 0.836 0.460 3 * 0.890 0.856 0.460
4.0 0.793 0.847 0.598 3 * 0.905 0.871 0.598
4.5 0.830 0.887 0.628 3 * 0.936 0.916 0.628
5.0 0.878 0.935 0.683 3 * 0.978 0.968 0.683
5.5 0.982 0.982 0.978 3 * 0.986 0.981 0.978
6.0 0.988 0.988 0.986 3 * 0.991 0.987 0.986
6.5 0.991 0.991 0.990 3 * 0.993 0.990 0.990
7.0 0.994 0.994 0.992 3 * 0.995 0.994 0.992
7.5 0.996 0.996 0.996 3 * 0.997 0.996 0.996
8.0 0.997 0.997 0.997 3 * 0.998 0.997 0.997
8.5 0.998 0.998 0.997 3 * 0.998 0.997 0.997
9.0 0.998 0.998 0.998 3 * 0.999 0.998 0.998
9.5 0.999 0.999 0.999 3 * 0.999 0.999 0.999
10.0 0.999 0.999 0.999 3 * 0.999 0.999 0.999
0.5 0.002 0.002 0.000 3 * 0.005 0.000 0.000
1.0 0.015 0.015 0.000 3 * 0.046 0.000 0.000
1.5 0.133 0.178 0.000 3 * 0.221 0.132 0.000
2.0 0.205 0.259 0.104 3 * 0.299 0.182 0.104
2.5 0.484 0.513 0.284 3 * 0.693 0.398 0.284
3.0 0.674 0.791 0.278 3 * 0.860 0.800 0.278
3.5 0.742 0.862 0.329 3 * 0.918 0.882 0.329
4.0 0.778 0.832 0.567 3 * 0.887 0.858 0.567
4.5 0.911 0.911 0.898 3 * 0.929 0.906 0.898
5.0 0.968 0.968 0.962 3 * 0.976 0.966 0.962
5.5 0.981 0.981 0.977 3 * 0.986 0.980 0.977
6.0 0.987 0.987 0.985 3 * 0.990 0.987 0.985
6.5 0.992 0.992 0.990 3 * 0.993 0.991 0.990
7.0 0.994 0.994 0.993 3 * 0.995 0.993 0.993
7.5 0.996 0.996 0.996 3 * 0.997 0.996 0.996
8.0 0.997 0.997 0.996 3 * 0.998 0.996 0.996
8.5 0.998 0.998 0.998 3 * 0.999 0.998 0.998
9.0 0.999 0.999 0.998 3 * 0.999 0.998 0.998
9.5 0.999 0.999 0.999 3 * 0.999 0.999 0.999
10.0 0.999 0.999 0.999 3 * 0.999 0.999 0.999
0.5 0.002 0.002 0.000 3 * 0.006 0.000 0.000
1.0 0.028 0.028 0.000 3 * 0.084 0.000 0.000
1.5 0.082 0.159 0.000 3 * 0.201 0.042 0.000
2.0 0.228 0.233 0.112 3 * 0.408 0.156 0.112
2.5 0.434 0.463 0.225 3 * 0.565 0.447 0.225
3.0 0.674 0.786 0.283 3 * 0.855 0.796 0.283
3.5 0.744 0.855 0.359 3 * 0.909 0.874 0.359
4.0 0.760 0.810 0.546 3 * 0.866 0.834 0.546
4.5 0.839 0.901 0.631 3 * 0.950 0.931 0.631
5.0 0.969 0.969 0.963 3 * 0.976 0.968 0.963
5.5 0.980 0.980 0.976 3 * 0.985 0.979 0.976
6.0 0.987 0.987 0.985 3 * 0.990 0.987 0.985
6.5 0.989 0.989 0.988 3 * 0.992 0.989 0.988
7.0 0.993 0.993 0.992 3 * 0.995 0.993 0.992
7.5 0.996 0.996 0.995 3 * 0.996 0.996 0.995
8.0 0.998 0.998 0.998 3 * 0.998 0.998 0.998
8.5 0.998 0.998 0.998 3 * 0.999 0.998 0.998
9.0 0.999 0.999 0.999 3 * 0.999 0.999 0.999
9.5 0.999 0.999 0.999 3 * 0.999 0.999 0.999
10.0 0.999 0.999 0.999 3 * 0.999 0.999 0.999
0.5 0.006 0.006 0.000 3 * 0.017 0.000 0.000
1.0 0.031 0.031 0.000 3 * 0.093 0.000 0.000
1.5 0.108 0.115 0.000 3 * 0.198 0.036 0.000
2.0 0.222 0.327 0.006 3 * 0.426 0.046 0.006
2.5 0.556 0.654 0.201 3 * 0.762 0.636 0.201
3.0 0.680 0.753 0.378 3 * 0.820 0.762 0.378
3.5 0.723 0.840 0.325 3 * 0.894 0.861 0.325
4.0 0.771 0.893 0.349 3 * 0.945 0.919 0.349
4.5 0.830 0.886 0.636 3 * 0.936 0.915 0.636
5.0 0.941 0.941 0.933 3 * 0.952 0.938 0.933
5.5 0.980 0.980 0.976 3 * 0.986 0.979 0.976
6.0 0.987 0.987 0.985 3 * 0.990 0.987 0.985
6.5 0.991 0.991 0.990 3 * 0.994 0.991 0.990
7.0 0.994 0.994 0.993 3 * 0.996 0.994 0.993
7.5 0.997 0.997 0.996 3 * 0.998 0.997 0.996
8.0 0.997 0.997 0.997 3 * 0.998 0.997 0.997
8.5 0.997 0.997 0.997 3 * 0.998 0.997 0.997
9.0 0.999 0.999 0.999 3 * 0.999 0.999 0.999
9.5 0.999 0.999 0.999 3 * 0.999 0.999 0.999
10.0 1.000 1.000 1.000 3 * 1.000 1.000 1.000
0.5 0.004 0.004 0.000 3 * 0.011 0.000 0.000
1.0 0.036 0.063 0.000 3 * 0.108 0.000 0.000
1.5 0.126 0.230 0.000 3 * 0.304 0.000 0.000
2.0 0.232 0.323 0.025 3 * 0.414 0.082 0.025
2.5 0.567 0.664 0.218 3 * 0.771 0.646 0.218
3.0 0.668 0.783 0.282 3 * 0.855 0.787 0.282
3.5 0.768 0.835 0.467 3 * 0.890 0.855 0.467
4.0 0.771 0.894 0.343 3 * 0.945 0.921 0.343
4.5 0.815 0.873 0.615 3 * 0.925 0.900 0.615
5.0 0.971 0.971 0.966 3 * 0.979 0.970 0.966
5.5 0.982 0.982 0.978 3 * 0.987 0.980 0.978
6.0 0.986 0.986 0.984 3 * 0.989 0.986 0.984
6.5 0.991 0.991 0.990 3 * 0.992 0.991 0.990
7.0 0.994 0.994 0.993 3 * 0.996 0.994 0.993
7.5 0.996 0.996 0.995 3 * 0.997 0.995 0.995
8.0 0.997 0.997 0.997 3 * 0.998 0.997 0.997
8.5 0.998 0.998 0.998 3 * 0.998 0.998 0.998
9.0 0.999 0.999 0.999 3 * 0.999 0.999 0.999
9.5 0.999 0.999 0.999 3 * 0.999 0.999 0.999
10.0 0.999 0.999 0.999 3 * 0.999 0.999 0.999
0.5 0.007 0.007 0.000 3 * 0.020 0.000 0.000
1.0 0.018 0.018 0.000 3 * 0.054 0.000 0.000
1.5 0.142 0.104 0.000 3 * 0.289 0.005 0.000
2.0 0.206 0.255 0.082 3 * 0.230 0.266 0.082
2.5 0.420 0.475 0.216 3 * 0.596 0.419 0.216
3.0 0.673 0.785 0.287 3 * 0.852 0.797 0.287
3.5 0.740 0.859 0.328 3 * 0.918 0.878 0.328
4.0 0.793 0.845 0.580 3 * 0.903 0.869 0.580
4.5 0.937 0.937 0.924 3 * 0.952 0.933 0.924
5.0 0.967 0.967 0.960 3 * 0.976 0.964 0.960
5.5 0.982 0.982 0.978 3 * 0.986 0.981 0.978
6.0 0.988 0.988 0.985 3 * 0.991 0.987 0.985
6.5 0.990 0.990 0.988 3 * 0.992 0.989 0.988
7.0 0.994 0.994 0.994 3 * 0.995 0.994 0.994
7.5 0.996 0.996 0.995 3 * 0.997 0.996 0.995
8.0 0.997 0.997 0.996 3 * 0.997 0.996 0.996
8.5 0.998 0.998 0.998 3 * 0.999 0.998 0.998
9.0 0.998 0.998 0.998 3 * 0.999 0.998 0.998
9.5 0.999 0.999 0.999 3 * 0.999 0.999 0.999
10.0 1.000 1.000 0.999 3 * 1.000 0.999 0.999
0.5 0.003 0.003 0.000 3 * 0.008 0.000 0.000
1.0 0.022 0.022 0.000 3 * 0.065 0.000 0.000
1.5 0.147 0.244 0.000 3 * 0.323 0.023 0.000
2.0 0.185 0.203 0.076 3 * 0.232 0.206 0.076
2.5 0.561 0.660 0.209 3 * 0.760 0.646 0.209
3.0 0.672 0.788 0.284 3 * 0.856 0.796 0.284
3.5 0.738 0.859 0.329 3 * 0.914 0.878 0.329
4.0 0.785 0.840 0.588 3 * 0.898 0.864 0.588
4.5 0.830 0.884 0.636 3 * 0.936 0.912 0.636
5.0 0.971 0.971 0.965 3 * 0.979 0.970 0.965
5.5 0.982 0.982 0.979 3 * 0.987 0.982 0.979
6.0 0.986 0.986 0.984 3 * 0.990 0.985 0.984
6.5 0.989 0.989 0.988 3 * 0.992 0.989 0.988
7.0 0.995 0.995 0.994 3 * 0.996 0.994 0.994
7.5 0.996 0.996 0.995 3 * 0.997 0.996 0.995
8.0 0.998 0.998 0.997 3 * 0.998 0.998 0.997
8.5 0.998 0.998 0.997 3 * 0.998 0.997 0.997
9.0 0.998 0.998 0.998 3 * 0.999 0.998 0.998
9.5 0.999 0.999 0.999 3 * 0.999 0.999 0.999
10.0 0.999 0.999 0.999 3 * 0.999 0.999 0.999
0.5 0.004 0.004 0.000 3 * 0.012 0.000 0.000
1.0 0.029 0.041 0.000 3 * 0.086 0.000 0.000
1.5 0.105 0.138 0.000 3 * 0.169 0.012 0.000
2.0 0.244 0.236 0.111 3 * 0.426 0.155 0.111
2.5 0.411 0.398 0.299 3 * 0.536 0.298 0.299
3.0 0.671 0.782 0.293 3 * 0.850 0.790 0.293
3.5 0.724 0.847 0.305 3 * 0.905 0.866 0.305
4.0 0.782 0.782 0.759 3 * 0.814 0.774 0.759
4.5 0.877 0.877 0.861 3 * 0.900 0.869 0.861
5.0 0.970 0.970 0.963 3 * 0.978 0.970 0.963
5.5 0.978 0.978 0.975 3 * 0.984 0.977 0.975
6.0 0.987 0.987 0.985 3 * 0.989 0.986 0.985
6.5 0.991 0.991 0.990 3 * 0.993 0.990 0.990
7.0 0.995 0.995 0.994 3 * 0.996 0.995 0.994
7.5 0.996 0.996 0.995 3 * 0.996 0.995 0.995
8.0 0.998 0.998 0.997 3 * 0.998 0.997 0.997
8.5 0.998 0.998 0.998 3 * 0.998 0.998 0.998
9.0 0.999 0.999 0.999 3 * 0.999 0.999 0.999
9.5 0.999 0.999 0.999 3 * 0.999 0.999 0.999
10.0 0.999 0.999 0.999 3 * 0.999 0.999 0.999
0.5 0.005 0.005 0.000 3 * 0.015 0.000 0.000
1.0 0.018 0.018 0.000 3 * 0.054 0.000 0.000
1.5 0.113 0.201 0.000 3 * 0.267 0.003 0.000
2.0 0.224 0.292 0.128 3 * 0.334 0.172 0.128
2.5 0.512 0.573 0.242 3 * 0.675 0.556 0.242
3.0 0.674 0.791 0.279 3 * 0.856 0.802 0.279
3.5 0.742 0.864 0.331 3 * 0.916 0.886 0.331
4.0 0.783 0.834 0.580 3 * 0.896 0.857 0.580
4.5 0.841 0.898 0.645 3 * 0.949 0.926 0.645
5.0 0.971 0.971 0.965 3 * 0.978 0.970 0.965
5.5 0.979 0.979 0.975 3 * 0.984 0.978 0.975
6.0 0.987 0.987 0.984 3 * 0.990 0.986 0.984
6.5 0.992 0.992 0.990 3 * 0.994 0.991 0.990
7.0 0.994 0.994 0.993 3 * 0.996 0.994 0.993
7.5 0.996 0.996 0.995 3 * 0.997 0.995 0.995
8.0 0.997 0.997 0.997 3 * 0.998 0.997 0.997
8.5 0.998 0.998 0.997 3 * 0.998 0.998 0.997
9.0 0.999 0.999 0.999 3 * 0.999 0.999 0.999
9.5 0.999 0.999 0.999 3 * 0.999 0.999 0.999
10.0 0.999 0.999 0.999 3 * 0.999 0.999 0.999
0.5 0.004 0.004 0.000 3 * 0.011 0.000 0.000
1.0 0.019 0.019 0.000 3 * 0.058 0.000 0.000
1.5 0.156 0.182 0.000 3 * 0.328 0.114 0.000
2.0 0.195 0.297 0.036 3 * 0.380 0.075 0.036
2.5 0.516 0.566 0.283 3 * 0.671 0.543 0.283
3.0 0.677 0.741 0.397 3 * 0.811 0.747 0.397
3.5 0.728 0.851 0.304 3 * 0.912 0.870 0.304
4.0 0.772 0.897 0.341 3 * 0.951 0.922 0.341
4.5 0.832 0.889 0.632 3 * 0.939 0.919 0.632
5.0 0.969 0.969 0.962 3 * 0.978 0.967 0.962
5.5 0.982 0.982 0.978 3 * 0.986 0.981 0.978
6.0 0.988 0.988 0.986 3 * 0.992 0.987 0.986
6.5 0.991 0.991 0.989 3 * 0.993 0.990 0.989
7.0 0.995 0.995 0.994 3 * 0.996 0.995 0.994
7.5 0.997 0.997 0.996 3 * 0.997 0.997 0.996
8.0 0.998 0.998 0.997 3 * 0.998 0.997 0.997
8.5 0.998 0.998 0.998 3 * 0.998 0.998 0.998
9.0 0.999 0.999 0.998 3 * 0.999 0.998 0.998
9.5 0.999 0.999 0.999 3 * 0.999 0.999 0.999
10.0 0.999 0.999 0.999 3 * 0.999 0.999 0.999
0.5 0.004 0.004 0.000 3 * 0.011 0.000 0.000
1.0 0.011 0.011 0.000 3 * 0.034 0.000 0.000
1.5 0.108 0.127 0.000 3 * 0.187 0.038 0.000
2.0 0.276 0.295 0.060 3 * 0.480 0.212 0.060
2.5 0.440 0.471 0.303 3 * 0.657 0.298 0.303
3.0 0.665 0.784 0.275 3 * 0.850 0.791 0.275
3.5 0.732 0.854 0.313 3 * 0.914 0.873 0.313
4.0 0.788 0.844 0.585 3 * 0.899 0.870 0.585
4.5 0.820 0.878 0.619 3 * 0.927 0.907 0.619
5.0 0.971 0.971 0.965 3 * 0.978 0.969 0.965
5.5 0.980 0.980 0.977 3 * 0.985 0.979 0.977
6.0 0.988 0.988 0.986 3 * 0.991 0.987 0.986
6.5 0.992 0.992 0.991 3 * 0.994 0.992 0.991
7.0 0.995 0.995 0.993 3 * 0.996 0.994 0.993
7.5 0.996 0.996 0.996 3 * 0.997 0.996 0.996
8.0 0.997 0.997 0.997 3 * 0.998 0.997 0.997
8.5 0.998 0.998 0.998 3 * 0.998 0.998 0.998
9.0 0.999 0.999 0.998 3 * 0.999 0.999 0.998
9.5 0.999 0.999 0.999 3 * 1.000 0.999 0.999
10.0 0.999 0.999 0.999 3 * 0.999 0.999 0.999
0.5 0.004 0.004 0.000 3 * 0.012 0.000 0.000
1.0 0.023 0.023 0.000 3 * 0.068 0.000 0.000
1.5 0.168 0.155 0.000 3 * 0.332 0.071 0.000
2.0 0.229 0.327 0.039 3 * 0.420 0.096 0.039
2.5 0.479 0.569 0.182 3 * 0.766 0.372 0.182
3.0 0.667 0.777 0.286 3 * 0.850 0.784 0.286
3.5 0.733 0.857 0.310 3 * 0.914 0.878 0.310
4.0 0.794 0.846 0.592 3 * 0.902 0.870 0.592
4.5 0.808 0.867 0.602 3 * 0.919 0.894 0.602
5.0 0.970 0.970 0.963 3 * 0.978 0.968 0.963
5.5 0.981 0.981 0.977 3 * 0.986 0.980 0.977
6.0 0.987 0.987 0.984 3 * 0.990 0.986 0.984
6.5 0.870 0.876 0.789 3 * 0.910 0.910 0.789
7.0 0.993 0.993 0.992 3 * 0.995 0.993 0.992
7.5 0.996 0.996 0.995 3 * 0.997 0.996 0.995
8.0 0.997 0.997 0.996 3 * 0.998 0.996 0.996
8.5 0.998 0.998 0.998 3 * 0.999 0.998 0.998
9.0 0.999 0.999 0.998 3 * 0.999 0.999 0.998
9.5 0.999 0.999 0.999 3 * 0.999 0.999 0.999
10.0 0.999 0.999 0.999 3 * 0.999 0.999 0.999
0.5 0.004 0.004 0.000 3 * 0.013 0.000 0.000
1.0 0.026 0.026 0.000 3 * 0.078 0.000 0.000
1.5 0.125 0.206 0.000 3 * 0.263 0.019 0.000
2.0 0.226 0.318 0.078 3 * 0.398 0.126 0.078
2.5 0.552 0.633 0.241 3 * 0.729 0.621 0.241
3.0 0.666 0.786 0.276 3 * 0.858 0.789 0.276
3.5 0.725 0.844 0.323 3 * 0.900 0.862 0.323
4.0 0.791 0.840 0.594 3 * 0.899 0.863 0.594
4.5 0.838 0.897 0.637 3 * 0.947 0.926 0.637
5.0 0.970 0.970 0.963 3 * 0.978 0.968 0.963
5.5 0.980 0.980 0.977 3 * 0.985 0.979 0.977
6.0 0.987 0.987 0.984 3 * 0.990 0.986 0.984
6.5 0.992 0.992 0.990 3 * 0.994 0.991 0.990
7.0 0.994 0.994 0.993 3 * 0.995 0.994 0.993
7.5 0.996 0.996 0.995 3 * 0.996 0.996 0.995
8.0 0.997 0.997 0.996 3 * 0.997 0.996 0.996
8.5 0.998 0.998 0.998 3 * 0.999 0.998 0.998
9.0 0.999 0.999 0.999 3 * 0.999 0.999 0.999
9.5 0.999 0.999 0.999 3 * 0.999 0.999 0.999
10.0 1.000 1.000 0.999 3 * 1.000 1.000 0.999
0.5 0.008 0.008 0.000 3 * 0.023 0.000 0.000
1.0 0.028 0.049 0.000 3 * 0.083 0.000 0.000
1.5 0.186 0.284 0.000 3 * 0.367 0.111 0.000
2.0 0.261 0.243 0.089 3 * 0.445 0.156 0.089
2.5 0.518 0.555 0.295 3 * 0.651 0.542 0.295
3.0 0.676 0.787 0.290 3 * 0.855 0.797 0.290
3.5 0.737 0.854 0.326 3 * 0.913 0.874 0.326
4.0 0.770 0.820 0.559 3 * 0.878 0.845 0.559
4.5 0.931 0.931 0.917 3 * 0.950 0.925 0.917
5.0 0.972 0.972 0.966 3 * 0.979 0.970 0.966
5.5 0.977 0.977 0.972 3 * 0.983 0.975 0.972
6.0 0.988 0.988 0.986 3 * 0.990 0.987 0.986
6.5 0.992 0.992 0.990 3 * 0.994 0.991 0.990
7.0 0.994 0.994 0.993 3 * 0.995 0.994 0.993
7.5 0.996 0.996 0.996 3 * 0.997 0.996 0.996
8.0 0.997 0.997 0.996 3 * 0.998 0.997 0.996
8.5 0.999 0.999 0.999 3 * 0.999 0.999 0.999
9.0 0.999 0.999 0.999 3 * 0.999 0.999 0.999
9.5 0.999 0.999 0.999 3 * 0.999 0.999 0.999
10.0 1.000 1.000 1.000 3 * 1.000 1.000 1.000
0.5 0.003 0.003 0.000 3 * 0.010 0.000 0.000
1.0 0.026 0.026 0.000 3 * 0.077 0.000 0.000
1.5 0.013 0.007 0.000 3 * 0.021 0.000 0.000
2.0 0.211 0.200 0.042 3 * 0.393 0.125 0.042
2.5 0.525 0.592 0.244 3 * 0.699 0.572 0.244
3.0 0.675 0.787 0.288 3 * 0.856 0.797 0.288
3.5 0.738 0.854 0.333 3 * 0.912 0.874 0.333
4.0 0.771 0.825 0.565 3 * 0.884 0.848 0.565
4.5 0.854 0.918 0.648 3 * 0.963 0.947 0.648
5.0 0.970 0.970 0.964 3 * 0.977 0.968 0.964
5.5 0.980 0.980 0.977 3 * 0.985 0.980 0.977
6.0 0.986 0.986 0.983 3 * 0.990 0.985 0.983
6.5 0.863 0.863 0.809 3 * 0.910 0.869 0.809
7.0 0.994 0.994 0.993 3 * 0.995 0.994 0.993
7.5 0.995 0.995 0.995 3 * 0.996 0.995 0.995
8.0 0.996 0.996 0.996 3 * 0.997 0.996 0.996
8.5 0.998 0.998 0.997 3 * 0.998 0.997 0.997
9.0 0.999 0.999 0.999 3 * 0.999 0.999 0.999
9.5 0.999 0.999 0.999 3 * 1.000 0.999 0.999
10.0 1.000 1.000 1.000 3 * 1.000 1.000 1.000
0.5 0.006 0.006 0.000 3 * 0.019 0.000 0.000
1.0 0.026 0.026 0.000 3 * 0.077 0.000 0.000
1.5 0.093 0.122 0.000 3 * 0.163 0.082 0.000
2.0 0.281 0.359 0.058 3 * 0.452 0.183 0.058
2.5 0.500 0.540 0.244 3 * 0.732 0.402 0.244
3.0 0.678 0.793 0.291 3 * 0.861 0.800 0.291
3.5 0.739 0.854 0.337 3 * 0.909 0.875 0.337
4.0 0.789 0.845 0.589 3 * 0.900 0.871 0.589
4.5 0.937 0.937 0.928 3 * 0.950 0.934 0.928
5.0 0.969 0.969 0.963 3 * 0.978 0.967 0.963
5.5 0.981 0.981 0.978 3 * 0.986 0.980 0.978
6.0 0.986 0.986 0.984 3 * 0.988 0.985 0.984
6.5 0.990 0.990 0.988 3 * 0.992 0.989 0.988
7.0 0.993 0.993 0.992 3 * 0.995 0.993 0.992
7.5 0.996 0.996 0.995 3 * 0.997 0.996 0.995
8.0 0.998 0.998 0.998 3 * 0.999 0.998 0.998
8.5 0.998 0.998 0.997 3 * 0.998 0.998 0.997
9.0 0.998 0.998 0.998 3 * 0.999 0.998 0.998
9.5 0.999 0.999 0.999 3 * 0.999 0.999 0.999
10.0 0.999 0.999 0.999 3 * 0.999 0.999 0.999
0.5 0.004 0.004 0.000 3 * 0.011 0.000 0.000
1.0 0.026 0.026 0.000 3 * 0.077 0.000 0.000
1.5 0.131 0.231 0.000 3 * 0.311 0.000 0.000
2.0 0.287 0.347 0.049 3 * 0.506 0.218 0.049
2.5 0.539 0.648 0.163 3 * 0.763 0.625 0.163
3.0 0.679 0.787 0.307 3 * 0.852 0.797 0.307
3.5 0.731 0.853 0.320 3 * 0.910 0.871 0.320
4.0 0.780 0.835 0.566 3 * 0.894 0.859 0.566
4.5 0.825 0.881 0.623 3 * 0.931 0.911 0.623
5.0 0.971 0.971 0.965 3 * 0.979 0.969 0.965
5.5 0.980 0.980 0.977 3 * 0.985 0.979 0.977
6.0 0.988 0.988 0.986 3 * 0.992 0.987 0.986
6.5 0.992 0.992 0.990 3 * 0.994 0.992 0.990
7.0 0.995 0.995 0.993 3 * 0.996 0.994 0.993
7.5 0.996 0.996 0.995 3 * 0.997 0.996 0.995
8.0 0.912 0.959 0.744 3 * 0.996 0.996 0.744
8.5 0.998 0.998 0.998 3 * 0.999 0.998 0.998
9.0 0.999 0.999 0.998 3 * 0.999 0.999 0.998
9.5 0.999 0.999 0.999 3 * 1.000 0.999 0.999
10.0 1.000 1.000 0.999 3 * 1.000 1.000 0.999
0.5 0.005 0.005 0.000 3 * 0.014 0.000 0.000
1.0 0.011 0.011 0.000 3 * 0.032 0.000 0.000
1.5 0.111 0.125 0.000 3 * 0.193 0.095 0.000
2.0 0.231 0.298 0.089 3 * 0.398 0.166 0.089
2.5 0.554 0.651 0.218 3 * 0.759 0.628 0.218
3.0 0.671 0.777 0.305 3 * 0.844 0.786 0.305
3.5 0.765 0.829 0.474 3 * 0.886 0.848 0.474
4.0 0.774 0.896 0.351 3 * 0.947 0.922 0.351
4.5 0.859 0.921 0.656 3 * 0.967 0.950 0.656
5.0 0.970 0.970 0.964 3 * 0.978 0.969 0.964
5.5 0.980 0.980 0.975 3 * 0.986 0.979 0.975
6.0 0.988 0.988 0.986 3 * 0.991 0.988 0.986
6.5 0.991 0.991 0.990 3 * 0.993 0.991 0.990
7.0 0.993 0.993 0.992 3 * 0.994 0.993 0.992
7.5 0.996 0.996 0.996 3 * 0.997 0.996 0.996
8.0 0.998 0.998 0.997 3 * 0.998 0.998 0.997
8.5 0.998 0.998 0.998 3 * 0.999 0.998 0.998
9.0 0.998 0.998 0.998 3 * 0.998 0.998 0.998
9.5 0.999 0.999 0.999 3 * 0.999 0.999 0.999
10.0 0.999 0.999 0.999 3 * 0.999 0.999 0.999
0.5 0.006 0.006 0.000 3 * 0.018 0.000 0.000
1.0 0.014 0.014 0.000 3 * 0.042 0.000 0.000
1.5 0.103 0.139 0.000 3 * 0.191 0.060 0.000
2.0 0.225 0.240 0.085 3 * 0.246 0.137 0.085
2.5 0.538 0.645 0.165 3 * 0.759 0.624 0.165
3.0 0.656 0.778 0.261 3 * 0.849 0.782 0.261
3.5 0.732 0.851 0.328 3 * 0.905 0.871 0.328
4.0 0.815 0.887 0.493 3 * 0.940 0.912 0.493
4.5 0.883 0.883 0.866 3 * 0.909 0.875 0.866
5.0 0.971 0.971 0.964 3 * 0.980 0.969 0.964
5.5 0.980 0.980 0.977 3 * 0.985 0.980 0.977
6.0 0.988 0.988 0.986 3 * 0.991 0.987 0.986
6.5 0.991 0.991 0.989 3 * 0.993 0.990 0.989
7.0 0.995 0.995 0.994 3 * 0.996 0.994 0.994
7.5 0.997 0.997 0.996 3 * 0.997 0.997 0.996
8.0 0.997 0.997 0.997 3 * 0.998 0.997 0.997
8.5 0.998 0.998 0.998 3 * 0.998 0.998 0.998
9.0 0.998 0.998 0.998 3 * 0.998 0.998 0.998
9.5 0.999 0.999 0.999 3 * 0.999 0.999 0.999
10.0 0.999 0.999 0.999 3 * 0.999 0.999 0.999
0.5 0.006 0.006 0.000 3 * 0.019 0.000 0.000
1.0 0.020 0.020 0.000 3 * 0.061 0.000 0.000
1.5 0.142 0.205 0.000 3 * 0.287 0.051 0.000
2.0 0.223 0.215 0.079 3 * 0.414 0.133 0.079
2.5 0.419 0.418 0.288 3 * 0.517 0.389 0.288
3.0 0.674 0.786 0.286 3 * 0.856 0.796 0.286
3.5 0.775 0.845 0.471 3 * 0.904 0.862 0.471
4.0 0.764 0.832 0.574 3 * 0.865 0.844 0.574
4.5 0.858 0.858 0.842 3 * 0.881 0.850 0.842
5.0 0.968 0.968 0.961 3 * 0.977 0.966 0.961
5.5 0.979 0.979 0.976 3 * 0.984 0.978 0.976
6.0 0.986 0.986 0.984 3 * 0.990 0.985 0.984
6.5 0.992 0.992 0.991 3 * 0.994 0.992 0.991
7.0 0.995 0.995 0.994 3 * 0.996 0.995 0.994
7.5 0.995 0.995 0.994 3 * 0.996 0.995 0.994
8.0 0.997 0.997 0.997 3 * 0.998 0.997 0.997
8.5 0.998 0.998 0.998 3 * 0.999 0.998 0.998
9.0 0.999 0.999 0.998 3 * 0.999 0.999 0.998
9.5 0.999 0.999 0.999 3 * 1.000 0.999 0.999
10.0 0.999 0.999 0.999 3 * 1.000 0.999 0.999
0.5 0.005 0.005 0.000 3 * 0.016 0.000 0.000
1.0 0.025 0.025 0.000 3 * 0.076 0.000 0.000
1.5 0.137 0.154 0.000 3 * 0.319 0.083 0.000
2.0 0.189 0.177 0.045 3 * 0.241 0.096 0.045
2.5 0.427 0.406 0.303 3 * 0.529 0.387 0.303
3.0 0.674 0.786 0.300 3 * 0.853 0.794 0.300
3.5 0.772 0.843 0.459 3 * 0.899 0.864 0.459
4.0 0.774 0.896 0.355 3 * 0.943 0.923 0.355
4.5 0.901 0.901 0.886 3 * 0.922 0.896 0.886
5.0 0.975 0.975 0.969 3 * 0.981 0.974 0.969
5.5 0.980 0.980 0.977 3 * 0.985 0.979 0.977
6.0 0.987 0.987 0.985 3 * 0.990 0.986 0.985
6.5 0.991 0.991 0.989 3 * 0.993 0.990 0.989
7.0 0.993 0.993 0.992 3 * 0.995 0.993 0.992
7.5 0.995 0.995 0.995 3 * 0.996 0.995 0.995
8.0 0.998 0.998 0.997 3 * 0.998 0.998 0.997
8.5 0.999 0.999 0.998 3 * 0.999 0.999 0.998
9.0 0.998 0.998 0.998 3 * 0.999 0.998 0.998
9.5 0.999 0.999 0.999 3 * 0.999 0.999 0.999
10.0 1.000 1.000 1.000 3 * 1.000 1.000 1.000
0.5 0.005 0.005 0.000 3 * 0.015 0.000 0.000
1.0 0.017 0.017 0.000 3 * 0.050 0.000 0.000
1.5 0.200 0.197 0.000 3 * 0.378 0.111 0.000
2.0 0.242 0.239 0.091 3 * 0.438 0.161 0.091
2.5 0.545 0.605 0.286 3 * 0.702 0.588 0.286
3.0 0.684 0.798 0.301 3 * 0.864 0.807 0.301
3.5 0.755 0.826 0.451 3 * 0.880 0.845 0.451
4.0 0.770 0.820 0.552 3 * 0.878 0.843 0.552
4.5 0.830 0.887 0.633 3 * 0.936 0.917 0.633
5.0 0.974 0.974 0.968 3 * 0.981 0.972 0.968
5.5 0.980 0.980 0.976 3 * 0.986 0.979 0.976
6.0 0.988 0.988 0.986 3 * 0.991 0.988 0.986
6.5 0.991 0.991 0.989 3 * 0.994 0.990 0.989
7.0 0.995 0.995 0.994 3 * 0.996 0.994 0.994
7.5 0.996 0.996 0.995 3 * 0.996 0.996 0.995
8.0 0.998 0.998 0.998 3 * 0.998 0.998 0.998
8.5 0.997 0.997 0.997 3 * 0.997 0.997 0.997
9.0 0.999 0.999 0.999 3 * 0.999 0.999 0.999
9.5 0.999 0.999 0.999 3 * 0.999 0.999 0.999
10.0 0.999 0.999 0.999 3 * 1.000 0.999 0.999
0.5 0.004 0.004 0.000 3 * 0.011 0.000 0.000
1.0 0.054 0.078 0.000 3 * 0.161 0.000 0.000
1.5 0.191 0.235 0.000 3 * 0.381 0.017 0.000
2.0 0.235 0.251 0.079 3 * 0.416 0.189 0.079
2.5 0.446 0.433 0.324 3 * 0.557 0.403 0.324
3.0 0.666 0.792 0.270 3 * 0.860 0.797 0.270
3.5 0.773 0.842 0.471 3 * 0.899 0.860 0.471
4.0 0.775 0.897 0.357 3 * 0.945 0.923 0.357
4.5 0.819 0.874 0.619 3 * 0.926 0.903 0.619
5.0 0.955 0.955 0.947 3 * 0.967 0.952 0.947
5.5 0.978 0.978 0.974 3 * 0.984 0.977 0.974
6.0 0.985 0.985 0.982 3 * 0.988 0.984 0.982
6.5 0.991 0.991 0.989 3 * 0.993 0.990 0.989
7.0 0.993 0.993 0.992 3 * 0.995 0.993 0.992
7.5 0.996 0.996 0.995 3 * 0.997 0.996 0.995
8.0 0.997 0.997 0.997 3 * 0.998 0.997 0.997
8.5 0.998 0.998 0.997 3 * 0.998 0.997 0.997
9.0 0.998 0.998 0.998 3 * 0.999 0.998 0.998
9.5 0.999 0.999 0.999 3 * 0.999 0.999 0.999
10.0 1.000 1.000 1.000 3 * 1.000 1.000 1.000
0.5 0.002 0.002 0.000 3 * 0.007 0.000 0.000
1.0 0.028 0.028 0.000 3 * 0.085 0.000 0.000
1.5 0.092 0.113 0.000 3 * 0.175 0.075 0.000
2.0 0.232 0.318 0.043 3 * 0.405 0.102 0.043
2.5 0.537 0.639 0.180 3 * 0.750 0.616 0.180
3.0 0.688 0.801 0.300 3 * 0.868 0.811 0.300
3.5 0.744 0.856 0.347 3 * 0.914 0.875 0.347
4.0 0.784 0.841 0.577 3 * 0.899 0.865 0.577
4.5 0.892 0.892 0.877 3 * 0.913 0.886 0.877
5.0 0.860 0.914 0.672 3 * 0.959 0.946 0.672
5.5 0.981 0.981 0.978 3 * 0.986 0.980 0.978
6.0 0.986 0.986 0.984 3 * 0.989 0.986 0.984
6.5 0.991 0.991 0.989 3 * 0.994 0.990 0.989
7.0 0.994 0.994 0.993 3 * 0.996 0.994 0.993
7.5 0.997 0.997 0.997 3 * 0.998 0.997 0.997
8.0 0.997 0.997 0.997 3 * 0.998 0.997 0.997
8.5 0.999 0.999 0.999 3 * 0.999 0.999 0.999
9.0 0.999 0.999 0.999 3 * 0.999 0.999 0.999
9.5 0.999 0.999 0.999 3 * 0.999 0.999 0.999
10.0 0.999 0.999 0.999 3 * 0.999 0.999 0.999
0.5 0.010 0.010 0.000 3 * 0.031 0.000 0.000
1.0 0.028 0.028 0.000 3 * 0.083 0.000 0.000
1.5 0.152 0.259 0.000 3 * 0.338 0.075 0.000
2.0 0.265 0.286 0.022 3 * 0.467 0.214 0.022
2.5 0.490 0.530 0.242 3 * 0.719 0.397 0.242
3.0 0.687 0.747 0.415 3 * 0.815 0.754 0.415
3.5 0.738 0.861 0.320 3 * 0.917 0.882 0.320
4.0 0.785 0.785 0.757 3 * 0.824 0.773 0.757
4.5 0.824 0.884 0.616 3 * 0.938 0.911 0.616
5.0 0.969 0.969 0.963 3 * 0.976 0.968 0.963
5.5 0.887 0.945 0.694 3 * 0.985 0.979 0.694
6.0 0.987 0.987 0.984 3 * 0.990 0.986 0.984
6.5 0.991 0.991 0.990 3 * 0.994 0.990 0.990
7.0 0.910 0.955 0.742 3 * 0.993 0.992 0.742
7.5 0.996 0.996 0.996 3 * 0.997 0.996 0.996
8.0 0.997 0.997 0.997 3 * 0.998 0.997 0.997
8.5 0.998 0.998 0.998 3 * 0.998 0.998 0.998
9.0 0.998 0.998 0.998 3 * 0.999 0.998 0.998
9.5 0.999 0.999 0.999 3 * 0.999 0.999 0.999
10.0 0.999 0.999 0.999 3 * 1.000 0.999 0.999
0.5 0.003 0.003 0.000 3 * 0.008 0.000 0.000
1.0 0.026 0.026 0.000 3 * 0.077 0.000 0.000
1.5 0.090 0.100 0.000 3 * 0.137 0.086 0.000
2.0 0.286 0.303 0.074 3 * 0.474 0.231 0.074
2.5 0.564 0.663 0.209 3 * 0.762 0.651 0.209
3.0 0.536 0.577 0.297 3 * 0.646 0.585 0.297
3.5 0.750 0.820 0.458 3 * 0.871 0.838 0.458
4.0 0.772 0.834 0.579 3 * 0.868 0.848 0.579
4.5 0.815 0.875 0.609 3 * 0.924 0.904 0.609
5.0 0.968 0.968 0.962 3 * 0.976 0.966 0.962
5.5 0.983 0.983 0.979 3 * 0.989 0.982 0.979
6.0 0.988 0.988 0.986 3 * 0.991 0.987 0.986
6.5 0.990 0.990 0.988 3 * 0.992 0.989 0.988
7.0 0.995 0.995 0.994 3 * 0.996 0.994 0.994
7.5 0.996 0.996 0.996 3 * 0.997 0.996 0.996
8.0 0.997 0.997 0.997 3 * 0.998 0.997 0.997
8.5 0.999 0.999 0.999 3 * 0.999 0.999 0.999
9.0 0.999 0.999 0.999 3 * 0.999 0.999 0.999
9.5 0.999 0.999 0.998 3 * 0.999 0.999 0.998
10.0 1.000 1.000 0.999 3 * 1.000 1.000 0.999
