0.5 1.000 1.000 1.000 3 * 3 5 7
1.0 1.000 1.000 1.000 3 * 3 5 7
1.5 1.000 1.000 1.000 3 * 3 5 7
2.0 1.000 1.000 1.000 3 * 3 5 7
2.5 1.000 1.000 1.000 3 * 3 5 7
3.0 1.000 1.000 1.000 3 * 3 5 7
3.5 1.000 1.000 1.000 3 * 3 5 7
4.0 1.000 1.000 1.000 3 * 3 5 7
4.5 1.000 1.000 1.000 3 * 3 5 7
5.0 1.000 1.000 1.000 3 * 3 5 7
5.5 1.000 1.000 1.000 3 * 3 5 7
6.0 1.000 1.000 1.000 3 * 3 5 7
6.5 1.000 1.000 1.000 3 * 3 5 7
7.0 1.000 1.000 1.000 3 * 3 5 7
7.5 1.000 1.000 1.000 3 * 3 5 7
8.0 1.000 1.000 1.000 3 * 3 5 7
8.5 1.000 1.000 1.000 3 * 3 5 7
9.0 1.000 1.000 1.000 3 * 3 5 7
9.5 1.000 1.000 1.000 3 * 3 5 7
10.0 1.000 1.000 1.000 3 * 3 5 7
0.5 1.000 1.000 1.000 3 * 3 5 7
1.0 1.000 1.000 1.000 3 * 3 5 7
1.5 1.000 1.000 1.000 3 * 3 5 7
2.0 1.000 1.000 1.000 3 * 3 5 7
2.5 1.000 1.000 1.000 3 * 3 5 7
3.0 1.000 1.000 1.000 3 * 3 5 7
3.5 1.000 1.000 1.000 3 * 3 5 7
4.0 1.000 1.000 1.000 3 * 3 5 7
4.5 1.000 1.000 1.000 3 * 3 5 7
5.0 1.000 1.000 1.000 3 * 3 5 7
5.5 1.000 1.000 1.000 3 * 3 5 7
6.0 1.000 1.000 1.000 3 * 3 5 7
6.5 1.000 1.000 1.000 3 * 3 5 7
7.0 1.000 1.000 1.000 3 * 3 5 7
7.5 1.000 1.000 1.000 3 * 3 5 7
8.0 1.000 1.000 1.000 3 * 3 5 7
8.5 1.000 1.000 1.000 3 * 3 5 7
9.0 1.000 1.000 1.000 3 * 3 5 7
9.5 1.000 1.000 1.000 3 * 3 5 7
10.0 1.000 1.000 1.000 3 * 3 5 7
0.5 1.000 1.000 1.000 3 * 3 5 7
1.0 1.000 1.000 1.000 3 * 3 5 7
1.5 1.000 1.000 1.000 3 * 3 5 7
2.0 1.000 1.000 1.000 3 * 3 5 7
2.5 1.000 1.000 1.000 3 * 3 5 7
3.0 1.000 1.000 1.000 3 * 3 5 7
3.5 1.000 1.000 1.000 3 * 3 5 7
4.0 1.000 1.000 1.000 3 * 3 5 7
4.5 1.000 1.000 1.000 3 * 3 5 7
5.0 1.000 1.000 1.000 3 * 3 5 7
5.5 1.000 1.000 1.000 3 * 3 5 7
6.0 1.000 1.000 1.000 3 * 3 5 7
6.5 1.000 1.000 1.000 3 * 3 5 7
7.0 1.000 1.000 1.000 3 * 3 5 7
7.5 1.000 1.000 1.000 3 * 3 5 7
8.0 1.000 1.000 1.000 3 * 3 5 7
8.5 1.000 1.000 1.000 3 * 3 5 7
9.0 1.000 1.000 1.000 3 * 3 5 7
9.5 1.000 1.000 1.000 3 * 3 5 7
10.0 1.000 1.000 1.000 3 * 3 5 7
0.5 1.000 1.000 1.000 3 * 3 5 7
1.0 1.000 1.000 1.000 3 * 3 5 7
1.5 1.000 1.000 1.000 3 * 3 5 7
2.0 1.000 1.000 1.000 3 * 3 5 7
2.5 1.000 1.000 1.000 3 * 3 5 7
3.0 1.000 1.000 1.000 3 * 3 5 7
3.5 1.000 1.000 1.000 3 * 3 5 7
4.0 1.000 1.000 1.000 3 * 3 5 7
4.5 1.000 1.000 1.000 3 * 3 5 7
5.0 1.000 1.000 1.000 3 * 3 5 7
5.5 1.000 1.000 1.000 3 * 3 5 7
6.0 1.000 1.000 1.000 3 * 3 5 7
6.5 1.000 1.000 1.000 3 * 3 5 7
7.0 1.000 1.000 1.000 3 * 3 5 7
7.5 1.000 1.000 1.000 3 * 3 5 7
8.0 1.000 1.000 1.000 3 * 3 5 7
8.5 1.000 1.000 1.000 3 * 3 5 7
9.0 1.000 1.000 1.000 3 * 3 5 7
9.5 1.000 1.000 1.000 3 * 3 5 7
10.0 1.000 1.000 1.000 3 * 3 5 7
0.5 1.000 0.963 1.000 2 * 3 7
1.0 1.000 1.000 1.000 3 * 3 5 7
1.5 1.000 1.000 1.000 3 * 3 5 7
2.0 1.000 1.000 1.000 3 * 3 5 7
2.5 1.000 1.000 1.000 3 * 3 5 7
3.0 1.000 1.000 1.000 3 * 3 5 7
3.5 1.000 1.000 1.000 3 * 3 5 7
4.0 1.000 1.000 1.000 3 * 3 5 7
4.5 1.000 1.000 1.000 3 * 3 5 7
5.0 1.000 1.000 1.000 3 * 3 5 7
5.5 1.000 1.000 1.000 3 * 3 5 7
6.0 1.000 1.000 1.000 3 * 3 5 7
6.5 1.000 1.000 1.000 3 * 3 5 7
7.0 1.000 1.000 1.000 3 * 3 5 7
7.5 1.000 1.000 1.000 3 * 3 5 7
8.0 1.000 1.000 1.000 3 * 3 5 7
8.5 1.000 1.000 1.000 3 * 3 5 7
9.0 1.000 1.000 1.000 3 * 3 5 7
9.5 1.000 1.000 1.000 3 * 3 5 7
10.0 1.000 1.000 1.000 3 * 3 5 7
0.5 1.000 1.000 1.000 3 * 3 5 7
1.0 1.000 1.000 1.000 3 * 3 5 7
1.5 1.000 1.000 1.000 3 * 3 5 7
2.0 1.000 1.000 1.000 3 * 3 5 7
2.5 1.000 1.000 1.000 3 * 3 5 7
3.0 1.000 1.000 1.000 3 * 3 5 7
3.5 1.000 1.000 1.000 3 * 3 5 7
4.0 1.000 1.000 1.000 3 * 3 5 7
4.5 1.000 1.000 1.000 3 * 3 5 7
5.0 1.000 1.000 1.000 3 * 3 5 7
5.5 1.000 1.000 1.000 3 * 3 5 7
6.0 1.000 1.000 1.000 3 * 3 5 7
6.5 1.000 1.000 1.000 3 * 3 5 7
7.0 1.000 1.000 1.000 3 * 3 5 7
7.5 1.000 1.000 1.000 3 * 3 5 7
8.0 1.000 1.000 1.000 3 * 3 5 7
8.5 1.000 1.000 1.000 3 * 3 5 7
9.0 1.000 1.000 1.000 3 * 3 5 7
9.5 1.000 1.000 1.000 3 * 3 5 7
10.0 1.000 1.000 1.000 3 * 3 5 7
0.5 1.000 1.000 1.000 3 * 3 5 7
1.0 1.000 1.000 1.000 3 * 3 5 7
1.5 1.000 1.000 1.000 3 * 3 5 7
2.0 1.000 1.000 1.000 3 * 3 5 7
2.5 1.000 1.000 1.000 3 * 3 5 7
3.0 1.000 1.000 1.000 3 * 3 5 7
3.5 1.000 1.000 1.000 3 * 3 5 7
4.0 1.000 1.000 1.000 3 * 3 5 7
4.5 1.000 1.000 1.000 3 * 3 5 7
5.0 1.000 1.000 1.000 3 * 3 5 7
5.5 1.000 1.000 1.000 3 * 3 5 7
6.0 1.000 1.000 1.000 3 * 3 5 7
6.5 1.000 1.000 1.000 3 * 3 5 7
7.0 1.000 1.000 1.000 3 * 3 5 7
7.5 1.000 1.000 1.000 3 * 3 5 7
8.0 1.000 1.000 1.000 3 * 3 5 7
8.5 1.000 1.000 1.000 3 * 3 5 7
9.0 1.000 1.000 1.000 3 * 3 5 7
9.5 1.000 1.000 1.000 3 * 3 5 7
10.0 1.000 1.000 1.000 3 * 3 5 7
0.5 1.000 1.000 1.000 3 * 3 5 7
1.0 1.000 1.000 1.000 3 * 3 5 7
1.5 1.000 1.000 1.000 3 * 3 5 7
2.0 1.000 1.000 1.000 3 * 3 5 7
2.5 1.000 1.000 1.000 3 * 3 5 7
3.0 1.000 1.000 1.000 3 * 3 5 7
3.5 1.000 1.000 1.000 3 * 3 5 7
4.0 1.000 1.000 1.000 3 * 3 5 7
4.5 1.000 1.000 1.000 3 * 3 5 7
5.0 1.000 1.000 1.000 3 * 3 5 7
5.5 1.000 1.000 1.000 3 * 3 5 7
6.0 1.000 1.000 1.000 3 * 3 5 7
6.5 1.000 1.000 1.000 3 * 3 5 7
7.0 1.000 1.000 1.000 3 * 3 5 7
7.5 1.000 1.000 1.000 3 * 3 5 7
8.0 1.000 1.000 1.000 3 * 3 5 7
8.5 1.000 1.000 1.000 3 * 3 5 7
9.0 1.000 1.000 1.000 3 * 3 5 7
9.5 1.000 1.000 1.000 3 * 3 5 7
10.0 1.000 1.000 1.000 3 * 3 5 7
0.5 1.000 1.000 1.000 3 * 3 5 7
1.0 1.000 1.000 1.000 3 * 3 5 7
1.5 1.000 1.000 1.000 3 * 3 5 7
2.0 1.000 1.000 1.000 3 * 3 5 7
2.5 1.000 1.000 1.000 3 * 3 5 7
3.0 1.000 1.000 1.000 3 * 3 5 7
3.5 1.000 1.000 1.000 3 * 3 5 7
4.0 1.000 1.000 1.000 3 * 3 5 7
4.5 1.000 1.000 1.000 3 * 3 5 7
5.0 1.000 1.000 1.000 3 * 3 5 7
5.5 1.000 1.000 1.000 3 * 3 5 7
6.0 1.000 1.000 1.000 3 * 3 5 7
6.5 1.000 1.000 1.000 3 * 3 5 7
7.0 1.000 1.000 1.000 3 * 3 5 7
7.5 1.000 1.000 1.000 3 * 3 5 7
8.0 1.000 1.000 1.000 3 * 3 5 7
8.5 1.000 1.000 1.000 3 * 3 5 7
9.0 1.000 1.000 1.000 3 * 3 5 7
9.5 1.000 1.000 1.000 3 * 3 5 7
10.0 1.000 1.000 1.000 3 * 3 5 7
0.5 1.000 1.000 1.000 3 * 3 5 7
1.0 1.000 1.000 1.000 3 * 3 5 7
1.5 1.000 1.000 1.000 3 * 3 5 7
2.0 1.000 1.000 1.000 3 * 3 5 7
2.5 1.000 1.000 1.000 3 * 3 5 7
3.0 1.000 1.000 1.000 3 * 3 5 7
3.5 1.000 1.000 1.000 3 * 3 5 7
4.0 1.000 1.000 1.000 3 * 3 5 7
4.5 1.000 1.000 1.000 3 * 3 5 7
5.0 1.000 1.000 1.000 3 * 3 5 7
5.5 1.000 1.000 1.000 3 * 3 5 7
6.0 1.000 1.000 1.000 3 * 3 5 7
6.5 1.000 1.000 1.000 3 * 3 5 7
7.0 1.000 1.000 1.000 3 * 3 5 7
7.5 1.000 1.000 1.000 3 * 3 5 7
8.0 1.000 1.000 1.000 3 * 3 5 7
8.5 1.000 1.000 1.000 3 * 3 5 7
9.0 1.000 1.000 1.000 3 * 3 5 7
9.5 1.000 1.000 1.000 3 * 3 5 7
10.0 1.000 1.000 1.000 3 * 3 5 7
0.5 1.000 1.000 1.000 3 * 3 5 7
1.0 1.000 0.963 1.000 2 * 3 7
1.5 1.000 1.000 1.000 3 * 3 5 7
2.0 1.000 1.000 1.000 3 * 3 5 7
2.5 1.000 1.000 1.000 3 * 3 5 7
3.0 1.000 1.000 1.000 3 * 3 5 7
3.5 1.000 1.000 1.000 3 * 3 5 7
4.0 1.000 1.000 1.000 3 * 3 5 7
4.5 1.000 1.000 1.000 3 * 3 5 7
5.0 1.000 1.000 1.000 3 * 3 5 7
5.5 1.000 1.000 1.000 3 * 3 5 7
6.0 1.000 1.000 1.000 3 * 3 5 7
6.5 1.000 1.000 1.000 3 * 3 5 7
7.0 1.000 1.000 1.000 3 * 3 5 7
7.5 1.000 1.000 1.000 3 * 3 5 7
8.0 1.000 1.000 1.000 3 * 3 5 7
8.5 1.000 1.000 1.000 3 * 3 5 7
9.0 1.000 1.000 1.000 3 * 3 5 7
9.5 1.000 1.000 1.000 3 * 3 5 7
10.0 1.000 1.000 1.000 3 * 3 5 7
0.5 1.000 1.000 1.000 3 * 3 5 7
1.0 1.000 1.000 1.000 3 * 3 5 7
1.5 1.000 1.000 1.000 3 * 3 5 7
2.0 1.000 0.963 1.000 2 * 3 7
2.5 1.000 1.000 1.000 3 * 3 5 7
3.0 1.000 1.000 1.000 3 * 3 5 7
3.5 1.000 1.000 1.000 3 * 3 5 7
4.0 1.000 1.000 1.000 3 * 3 5 7
4.5 1.000 1.000 1.000 3 * 3 5 7
5.0 1.000 1.000 1.000 3 * 3 5 7
5.5 1.000 1.000 1.000 3 * 3 5 7
6.0 1.000 1.000 1.000 3 * 3 5 7
6.5 1.000 1.000 1.000 3 * 3 5 7
7.0 1.000 1.000 1.000 3 * 3 5 7
7.5 1.000 1.000 1.000 3 * 3 5 7
8.0 1.000 1.000 1.000 3 * 3 5 7
8.5 1.000 1.000 1.000 3 * 3 5 7
9.0 1.000 1.000 1.000 3 * 3 5 7
9.5 1.000 1.000 1.000 3 * 3 5 7
10.0 1.000 1.000 1.000 3 * 3 5 7
0.5 1.000 1.000 1.000 3 * 3 5 7
1.0 1.000 1.000 1.000 3 * 3 5 7
1.5 1.000 1.000 1.000 3 * 3 5 7
2.0 1.000 1.000 1.000 3 * 3 5 7
2.5 1.000 1.000 1.000 3 * 3 5 7
3.0 1.000 1.000 1.000 3 * 3 5 7
3.5 1.000 1.000 1.000 3 * 3 5 7
4.0 1.000 1.000 1.000 3 * 3 5 7
4.5 1.000 1.000 1.000 3 * 3 5 7
5.0 1.000 1.000 1.000 3 * 3 5 7
5.5 1.000 1.000 1.000 3 * 3 5 7
6.0 1.000 1.000 1.000 3 * 3 5 7
6.5 1.000 1.000 1.000 3 * 3 5 7
7.0 1.000 1.000 1.000 3 * 3 5 7
7.5 1.000 1.000 1.000 3 * 3 5 7
8.0 1.000 1.000 1.000 3 * 3 5 7
8.5 1.000 1.000 1.000 3 * 3 5 7
9.0 1.000 1.000 1.000 3 * 3 5 7
9.5 1.000 1.000 1.000 3 * 3 5 7
10.0 1.000 1.000 1.000 3 * 3 5 7
0.5 1.000 1.000 1.000 3 * 3 5 7
1.0 1.000 1.000 1.000 3 * 3 5 7
1.5 1.000 0.963 1.000 2 * 3 7
2.0 1.000 1.000 1.000 3 * 3 5 7
2.5 1.000 1.000 1.000 3 * 3 5 7
3.0 1.000 1.000 1.000 3 * 3 5 7
3.5 1.000 1.000 1.000 3 * 3 5 7
4.0 1.000 1.000 1.000 3 * 3 5 7
4.5 1.000 1.000 1.000 3 * 3 5 7
5.0 1.000 1.000 1.000 3 * 3 5 7
5.5 1.000 1.000 1.000 3 * 3 5 7
6.0 1.000 1.000 1.000 3 * 3 5 7
6.5 1.000 1.000 1.000 3 * 3 5 7
7.0 1.000 1.000 1.000 3 * 3 5 7
7.5 1.000 1.000 1.000 3 * 3 5 7
8.0 1.000 1.000 1.000 3 * 3 5 7
8.5 1.000 1.000 1.000 3 * 3 5 7
9.0 1.000 1.000 1.000 3 * 3 5 7
9.5 1.000 1.000 1.000 3 * 3 5 7
10.0 1.000 1.000 1.000 3 * 3 5 7
0.5 1.000 1.000 1.000 3 * 3 5 7
1.0 1.000 1.000 1.000 3 * 3 5 7
1.5 1.000 1.000 1.000 3 * 3 5 7
2.0 1.000 1.000 1.000 3 * 3 5 7
2.5 1.000 1.000 1.000 3 * 3 5 7
3.0 1.000 1.000 1.000 3 * 3 5 7
3.5 1.000 1.000 1.000 3 * 3 5 7
4.0 1.000 1.000 1.000 3 * 3 5 7
4.5 1.000 1.000 1.000 3 * 3 5 7
5.0 1.000 1.000 1.000 3 * 3 5 7
5.5 1.000 1.000 1.000 3 * 3 5 7
6.0 1.000 0.963 1.000 2 * 3 7
6.5 1.000 1.000 1.000 3 * 3 5 7
7.0 1.000 1.000 1.000 3 * 3 5 7
7.5 1.000 1.000 1.000 3 * 3 5 7
8.0 1.000 1.000 1.000 3 * 3 5 7
8.5 1.000 1.000 1.000 3 * 3 5 7
9.0 1.000 1.000 1.000 3 * 3 5 7
9.5 1.000 1.000 1.000 3 * 3 5 7
10.0 1.000 1.000 1.000 3 * 3 5 7
0.5 1.000 1.000 1.000 3 * 3 5 7
1.0 1.000 1.000 1.000 3 * 3 5 7
1.5 1.000 1.000 1.000 3 * 3 5 7
2.0 1.000 1.000 1.000 3 * 3 5 7
2.5 1.000 1.000 1.000 3 * 3 5 7
3.0 1.000 1.000 1.000 3 * 3 5 7
3.5 1.000 1.000 1.000 3 * 3 5 7
4.0 1.000 1.000 1.000 3 * 3 5 7
4.5 1.000 1.000 1.000 3 * 3 5 7
5.0 1.000 1.000 1.000 3 * 3 5 7
5.5 1.000 1.000 1.000 3 * 3 5 7
6.0 1.000 1.000 1.000 3 * 3 5 7
6.5 1.000 1.000 1.000 3 * 3 5 7
7.0 1.000 1.000 1.000 3 * 3 5 7
7.5 1.000 1.000 1.000 3 * 3 5 7
8.0 1.000 1.000 1.000 3 * 3 5 7
8.5 1.000 1.000 1.000 3 * 3 5 7
9.0 1.000 1.000 1.000 3 * 3 5 7
9.5 1.000 1.000 1.000 3 * 3 5 7
10.0 1.000 1.000 1.000 3 * 3 5 7
0.5 1.000 1.000 1.000 3 * 3 5 7
1.0 1.000 1.000 1.000 3 * 3 5 7
1.5 1.000 1.000 1.000 3 * 3 5 7
2.0 1.000 1.000 1.000 3 * 3 5 7
2.5 1.000 1.000 1.000 3 * 3 5 7
3.0 1.000 1.000 1.000 3 * 3 5 7
3.5 1.000 1.000 1.000 3 * 3 5 7
4.0 1.000 1.000 1.000 3 * 3 5 7
4.5 1.000 1.000 1.000 3 * 3 5 7
5.0 1.000 1.000 1.000 3 * 3 5 7
5.5 1.000 1.000 1.000 3 * 3 5 7
6.0 1.000 1.000 1.000 3 * 3 5 7
6.5 1.000 1.000 1.000 3 * 3 5 7
7.0 1.000 1.000 1.000 3 * 3 5 7
7.5 1.000 1.000 1.000 3 * 3 5 7
8.0 1.000 1.000 1.000 3 * 3 5 7
8.5 1.000 1.000 1.000 3 * 3 5 7
9.0 1.000 1.000 1.000 3 * 3 5 7
9.5 1.000 1.000 1.000 3 * 3 5 7
10.0 1.000 1.000 1.000 3 * 3 5 7
0.5 1.000 1.000 1.000 3 * 3 5 7
1.0 1.000 1.000 1.000 3 * 3 5 7
1.5 1.000 1.000 1.000 3 * 3 5 7
2.0 1.000 1.000 1.000 3 * 3 5 7
2.5 1.000 1.000 1.000 3 * 3 5 7
3.0 1.000 1.000 1.000 3 * 3 5 7
3.5 1.000 1.000 1.000 3 * 3 5 7
4.0 1.000 1.000 1.000 3 * 3 5 7
4.5 1.000 1.000 1.000 3 * 3 5 7
5.0 1.000 1.000 1.000 3 * 3 5 7
5.5 1.000 1.000 1.000 3 * 3 5 7
6.0 1.000 1.000 1.000 3 * 3 5 7
6.5 1.000 1.000 1.000 3 * 3 5 7
7.0 1.000 1.000 1.000 3 * 3 5 7
7.5 1.000 1.000 1.000 3 * 3 5 7
8.0 1.000 1.000 1.000 3 * 3 5 7
8.5 1.000 1.000 1.000 3 * 3 5 7
9.0 1.000 1.000 1.000 3 * 3 5 7
9.5 1.000 1.000 1.000 3 * 3 5 7
10.0 1.000 1.000 1.000 3 * 3 5 7
0.5 1.000 1.000 1.000 3 * 3 5 7
1.0 1.000 1.000 1.000 3 * 3 5 7
1.5 1.000 1.000 1.000 3 * 3 5 7
2.0 1.000 1.000 1.000 3 * 3 5 7
2.5 1.000 1.000 1.000 3 * 3 5 7
3.0 1.000 1.000 1.000 3 * 3 5 7
3.5 1.000 1.000 1.000 3 * 3 5 7
4.0 1.000 1.000 1.000 3 * 3 5 7
4.5 1.000 1.000 1.000 3 * 3 5 7
5.0 1.000 1.000 1.000 3 * 3 5 7
5.5 1.000 1.000 1.000 3 * 3 5 7
6.0 1.000 1.000 1.000 3 * 3 5 7
6.5 1.000 1.000 1.000 3 * 3 5 7
7.0 1.000 1.000 1.000 3 * 3 5 7
7.5 1.000 1.000 1.000 3 * 3 5 7
8.0 1.000 1.000 1.000 3 * 3 5 7
8.5 1.000 1.000 1.000 3 * 3 5 7
9.0 1.000 1.000 1.000 3 * 3 5 7
9.5 1.000 1.000 1.000 3 * 3 5 7
10.0 1.000 1.000 1.000 3 * 3 5 7
0.5 1.000 1.000 1.000 3 * 3 5 7
1.0 1.000 1.000 1.000 3 * 3 5 7
1.5 1.000 1.000 1.000 3 * 3 5 7
2.0 1.000 1.000 1.000 3 * 3 5 7
2.5 1.000 1.000 1.000 3 * 3 5 7
3.0 1.000 1.000 1.000 3 * 3 5 7
3.5 1.000 1.000 1.000 3 * 3 5 7
4.0 1.000 1.000 1.000 3 * 3 5 7
4.5 1.000 1.000 1.000 3 * 3 5 7
5.0 1.000 1.000 1.000 3 * 3 5 7
5.5 1.000 1.000 1.000 3 * 3 5 7
6.0 1.000 1.000 1.000 3 * 3 5 7
6.5 1.000 1.000 1.000 3 * 3 5 7
7.0 1.000 1.000 1.000 3 * 3 5 7
7.5 1.000 1.000 1.000 3 * 3 5 7
8.0 1.000 1.000 1.000 3 * 3 5 7
8.5 1.000 1.000 1.000 3 * 3 5 7
9.0 1.000 1.000 1.000 3 * 3 5 7
9.5 1.000 1.000 1.000 3 * 3 5 7
10.0 1.000 1.000 1.000 3 * 3 5 7
0.5 1.000 1.000 1.000 3 * 3 5 7
1.0 1.000 1.000 1.000 3 * 3 5 7
1.5 1.000 1.000 1.000 3 * 3 5 7
2.0 1.000 1.000 1.000 3 * 3 5 7
2.5 1.000 1.000 1.000 3 * 3 5 7
3.0 1.000 1.000 1.000 3 * 3 5 7
3.5 1.000 1.000 1.000 3 * 3 5 7
4.0 1.000 1.000 1.000 3 * 3 5 7
4.5 1.000 1.000 1.000 3 * 3 5 7
5.0 1.000 1.000 1.000 3 * 3 5 7
5.5 1.000 1.000 1.000 3 * 3 5 7
6.0 1.000 1.000 1.000 3 * 3 5 7
6.5 1.000 1.000 1.000 3 * 3 5 7
7.0 1.000 1.000 1.000 3 * 3 5 7
7.5 1.000 1.000 1.000 3 * 3 5 7
8.0 1.000 1.000 1.000 3 * 3 5 7
8.5 1.000 1.000 1.000 3 * 3 5 7
9.0 1.000 1.000 1.000 3 * 3 5 7
9.5 1.000 1.000 1.000 3 * 3 5 7
10.0 1.000 1.000 1.000 3 * 3 5 7
0.5 1.000 1.000 1.000 3 * 3 5 7
1.0 1.000 1.000 1.000 3 * 3 5 7
1.5 1.000 1.000 1.000 3 * 3 5 7
2.0 1.000 1.000 1.000 3 * 3 5 7
2.5 1.000 1.000 1.000 3 * 3 5 7
3.0 1.000 1.000 1.000 3 * 3 5 7
3.5 1.000 1.000 1.000 3 * 3 5 7
4.0 1.000 1.000 1.000 3 * 3 5 7
4.5 1.000 1.000 1.000 3 * 3 5 7
5.0 1.000 1.000 1.000 3 * 3 5 7
5.5 1.000 1.000 1.000 3 * 3 5 7
6.0 1.000 1.000 1.000 3 * 3 5 7
6.5 1.000 1.000 1.000 3 * 3 5 7
7.0 1.000 1.000 1.000 3 * 3 5 7
7.5 1.000 1.000 1.000 3 * 3 5 7
8.0 1.000 1.000 1.000 3 * 3 5 7
8.5 1.000 1.000 1.000 3 * 3 5 7
9.0 1.000 1.000 1.000 3 * 3 5 7
9.5 1.000 1.000 1.000 3 * 3 5 7
10.0 1.000 1.000 1.000 3 * 3 5 7
0.5 1.000 1.000 1.000 3 * 3 5 7
1.0 1.000 1.000 1.000 3 * 3 5 7
1.5 1.000 1.000 1.000 3 * 3 5 7
2.0 1.000 1.000 1.000 3 * 3 5 7
2.5 1.000 1.000 1.000 3 * 3 5 7
3.0 1.000 1.000 1.000 3 * 3 5 7
3.5 1.000 1.000 1.000 3 * 3 5 7
4.0 1.000 1.000 1.000 3 * 3 5 7
4.5 1.000 1.000 1.000 3 * 3 5 7
5.0 1.000 1.000 1.000 3 * 3 5 7
5.5 1.000 1.000 1.000 3 * 3 5 7
6.0 1.000 1.000 1.000 3 * 3 5 7
6.5 1.000 1.000 1.000 3 * 3 5 7
7.0 1.000 1.000 1.000 3 * 3 5 7
7.5 1.000 1.000 1.000 3 * 3 5 7
8.0 1.000 1.000 1.000 3 * 3 5 7
8.5 1.000 1.000 1.000 3 * 3 5 7
9.0 1.000 1.000 1.000 3 * 3 5 7
9.5 1.000 1.000 1.000 3 * 3 5 7
10.0 1.000 1.000 1.000 3 * 3 5 7
0.5 1.000 1.000 1.000 3 * 3 5 7
1.0 1.000 1.000 1.000 3 * 3 5 7
1.5 1.000 1.000 1.000 3 * 3 5 7
2.0 1.000 1.000 1.000 3 * 3 5 7
2.5 1.000 1.000 1.000 3 * 3 5 7
3.0 1.000 1.000 1.000 3 * 3 5 7
3.5 1.000 1.000 1.000 3 * 3 5 7
4.0 1.000 1.000 1.000 3 * 3 5 7
4.5 1.000 1.000 1.000 3 * 3 5 7
5.0 1.000 1.000 1.000 3 * 3 5 7
5.5 1.000 1.000 1.000 3 * 3 5 7
6.0 1.000 1.000 1.000 3 * 3 5 7
6.5 1.000 1.000 1.000 3 * 3 5 7
7.0 1.000 1.000 1.000 3 * 3 5 7
7.5 1.000 1.000 1.000 3 * 3 5 7
8.0 1.000 1.000 1.000 3 * 3 5 7
8.5 1.000 1.000 1.000 3 * 3 5 7
9.0 1.000 1.000 1.000 3 * 3 5 7
9.5 1.000 1.000 1.000 3 * 3 5 7
10.0 1.000 1.000 1.000 3 * 3 5 7
0.5 1.000 1.000 1.000 3 * 3 5 7
1.0 1.000 1.000 1.000 3 * 3 5 7
1.5 1.000 1.000 1.000 3 * 3 5 7
2.0 1.000 1.000 1.000 3 * 3 5 7
2.5 1.000 1.000 1.000 3 * 3 5 7
3.0 1.000 1.000 1.000 3 * 3 5 7
3.5 1.000 1.000 1.000 3 * 3 5 7
4.0 1.000 1.000 1.000 3 * 3 5 7
4.5 1.000 1.000 1.000 3 * 3 5 7
5.0 1.000 1.000 1.000 3 * 3 5 7
5.5 1.000 1.000 1.000 3 * 3 5 7
6.0 1.000 1.000 1.000 3 * 3 5 7
6.5 1.000 1.000 1.000 3 * 3 5 7
7.0 1.000 1.000 1.000 3 * 3 5 7
7.5 1.000 1.000 1.000 3 * 3 5 7
8.0 1.000 1.000 1.000 3 * 3 5 7
8.5 1.000 1.000 1.000 3 * 3 5 7
9.0 1.000 1.000 1.000 3 * 3 5 7
9.5 1.000 1.000 1.000 3 * 3 5 7
10.0 1.000 1.000 1.000 3 * 3 5 7
0.5 1.000 0.963 1.000 2 * 3 7
1.0 1.000 1.000 1.000 3 * 3 5 7
1.5 1.000 1.000 1.000 3 * 3 5 7
2.0 1.000 0.963 1.000 2 * 3 7
2.5 1.000 1.000 1.000 3 * 3 5 7
3.0 1.000 1.000 1.000 3 * 3 5 7
3.5 1.000 1.000 1.000 3 * 3 5 7
4.0 1.000 1.000 1.000 3 * 3 5 7
4.5 1.000 1.000 1.000 3 * 3 5 7
5.0 1.000 1.000 1.000 3 * 3 5 7
5.5 1.000 1.000 1.000 3 * 3 5 7
6.0 1.000 1.000 1.000 3 * 3 5 7
6.5 1.000 1.000 1.000 3 * 3 5 7
7.0 1.000 1.000 1.000 3 * 3 5 7
7.5 1.000 1.000 1.000 3 * 3 5 7
8.0 1.000 1.000 1.000 3 * 3 5 7
8.5 1.000 1.000 1.000 3 * 3 5 7
9.0 1.000 1.000 1.000 3 * 3 5 7
9.5 1.000 1.000 1.000 3 * 3 5 7
10.0 1.000 1.000 1.000 3 * 3 5 7
0.5 1.000 1.000 1.000 3 * 3 5 7
1.0 1.000 1.000 1.000 3 * 3 5 7
1.5 1.000 1.000 1.000 3 * 3 5 7
2.0 1.000 1.000 1.000 3 * 3 5 7
2.5 1.000 1.000 1.000 3 * 3 5 7
3.0 1.000 1.000 1.000 3 * 3 5 7
3.5 1.000 1.000 1.000 3 * 3 5 7
4.0 1.000 1.000 1.000 3 * 3 5 7
4.5 1.000 1.000 1.000 3 * 3 5 7
5.0 1.000 1.000 1.000 3 * 3 5 7
5.5 1.000 1.000 1.000 3 * 3 5 7
6.0 1.000 1.000 1.000 3 * 3 5 7
6.5 1.000 1.000 1.000 3 * 3 5 7
7.0 1.000 1.000 1.000 3 * 3 5 7
7.5 1.000 1.000 1.000 3 * 3 5 7
8.0 1.000 1.000 1.000 3 * 3 5 7
8.5 1.000 1.000 1.000 3 * 3 5 7
9.0 1.000 1.000 1.000 3 * 3 5 7
9.5 1.000 1.000 1.000 3 * 3 5 7
10.0 1.000 1.000 1.000 3 * 3 5 7
0.5 1.000 1.000 1.000 3 * 3 5 7
1.0 1.000 1.000 1.000 3 * 3 5 7
1.5 1.000 1.000 1.000 3 * 3 5 7
2.0 1.000 1.000 1.000 3 * 3 5 7
2.5 1.000 1.000 1.000 3 * 3 5 7
3.0 1.000 1.000 1.000 3 * 3 5 7
3.5 1.000 1.000 1.000 3 * 3 5 7
4.0 1.000 1.000 1.000 3 * 3 5 7
4.5 1.000 1.000 1.000 3 * 3 5 7
5.0 1.000 1.000 1.000 3 * 3 5 7
5.5 1.000 1.000 1.000 3 * 3 5 7
6.0 1.000 1.000 1.000 3 * 3 5 7
6.5 1.000 1.000 1.000 3 * 3 5 7
7.0 1.000 1.000 1.000 3 * 3 5 7
7.5 1.000 1.000 1.000 3 * 3 5 7
8.0 1.000 1.000 1.000 3 * 3 5 7
8.5 1.000 1.000 1.000 3 * 3 5 7
9.0 1.000 1.000 1.000 3 * 3 5 7
9.5 1.000 1.000 1.000 3 * 3 5 7
10.0 1.000 1.000 1.000 3 * 3 5 7
0.5 1.000 0.963 1.000 2 * 3 7
1.0 1.000 1.000 1.000 3 * 3 5 7
1.5 1.000 1.000 1.000 3 * 3 5 7
2.0 1.000 1.000 1.000 3 * 3 5 7
2.5 1.000 1.000 1.000 3 * 3 5 7
3.0 1.000 1.000 1.000 3 * 3 5 7
3.5 1.000 1.000 1.000 3 * 3 5 7
4.0 1.000 1.000 1.000 3 * 3 5 7
4.5 1.000 1.000 1.000 3 * 3 5 7
5.0 1.000 1.000 1.000 3 * 3 5 7
5.5 1.000 1.000 1.000 3 * 3 5 7
6.0 1.000 1.000 1.000 3 * 3 5 7
6.5 1.000 1.000 1.000 3 * 3 5 7
7.0 1.000 1.000 1.000 3 * 3 5 7
7.5 1.000 1.000 1.000 3 * 3 5 7
8.0 1.000 1.000 1.000 3 * 3 5 7
8.5 1.000 1.000 1.000 3 * 3 5 7
9.0 1.000 1.000 1.000 3 * 3 5 7
9.5 1.000 1.000 1.000 3 * 3 5 7
10.0 1.000 1.000 1.000 3 * 3 5 7
0.5 1.000 1.000 1.000 3 * 3 5 7
1.0 1.000 1.000 1.000 3 * 3 5 7
1.5 1.000 1.000 1.000 3 * 3 5 7
2.0 1.000 1.000 1.000 3 * 3 5 7
2.5 1.000 1.000 1.000 3 * 3 5 7
3.0 1.000 1.000 1.000 3 * 3 5 7
3.5 1.000 1.000 1.000 3 * 3 5 7
4.0 1.000 1.000 1.000 3 * 3 5 7
4.5 1.000 1.000 1.000 3 * 3 5 7
5.0 1.000 1.000 1.000 3 * 3 5 7
5.5 1.000 1.000 1.000 3 * 3 5 7
6.0 1.000 1.000 1.000 3 * 3 5 7
6.5 1.000 1.000 1.000 3 * 3 5 7
7.0 1.000 1.000 1.000 3 * 3 5 7
7.5 1.000 1.000 1.000 3 * 3 5 7
8.0 1.000 1.000 1.000 3 * 3 5 7
8.5 1.000 1.000 1.000 3 * 3 5 7
9.0 1.000 1.000 1.000 3 * 3 5 7
9.5 1.000 1.000 1.000 3 * 3 5 7
10.0 1.000 1.000 1.000 3 * 3 5 7
0.5 1.000 1.000 1.000 3 * 3 5 7
1.0 1.000 1.000 1.000 3 * 3 5 7
1.5 1.000 1.000 1.000 3 * 3 5 7
2.0 1.000 1.000 1.000 3 * 3 5 7
2.5 1.000 1.000 1.000 3 * 3 5 7
3.0 1.000 1.000 1.000 3 * 3 5 7
3.5 1.000 1.000 1.000 3 * 3 5 7
4.0 1.000 1.000 1.000 3 * 3 5 7
4.5 1.000 1.000 1.000 3 * 3 5 7
5.0 1.000 1.000 1.000 3 * 3 5 7
5.5 1.000 0.963 1.000 2 * 3 7
6.0 1.000 1.000 1.000 3 * 3 5 7
6.5 1.000 1.000 1.000 3 * 3 5 7
7.0 1.000 1.000 1.000 3 * 3 5 7
7.5 1.000 1.000 1.000 3 * 3 5 7
8.0 1.000 1.000 1.000 3 * 3 5 7
8.5 1.000 1.000 1.000 3 * 3 5 7
9.0 1.000 1.000 1.000 3 * 3 5 7
9.5 1.000 1.000 1.000 3 * 3 5 7
10.0 1.000 1.000 1.000 3 * 3 5 7
0.5 1.000 1.000 1.000 3 * 3 5 7
1.0 1.000 1.000 1.000 3 * 3 5 7
1.5 1.000 1.000 1.000 3 * 3 5 7
2.0 1.000 1.000 1.000 3 * 3 5 7
2.5 1.000 1.000 1.000 3 * 3 5 7
3.0 1.000 1.000 1.000 3 * 3 5 7
3.5 1.000 1.000 1.000 3 * 3 5 7
4.0 1.000 1.000 1.000 3 * 3 5 7
4.5 1.000 1.000 1.000 3 * 3 5 7
5.0 1.000 1.000 1.000 3 * 3 5 7
5.5 1.000 1.000 1.000 3 * 3 5 7
6.0 1.000 1.000 1.000 3 * 3 5 7
6.5 1.000 1.000 1.000 3 * 3 5 7
7.0 1.000 1.000 1.000 3 * 3 5 7
7.5 1.000 1.000 1.000 3 * 3 5 7
8.0 1.000 1.000 1.000 3 * 3 5 7
8.5 1.000 1.000 1.000 3 * 3 5 7
9.0 1.000 1.000 1.000 3 * 3 5 7
9.5 1.000 1.000 1.000 3 * 3 5 7
10.0 1.000 1.000 1.000 3 * 3 5 7
0.5 1.000 1.000 1.000 3 * 3 5 7
1.0 1.000 1.000 1.000 3 * 3 5 7
1.5 1.000 1.000 1.000 3 * 3 5 7
2.0 1.000 1.000 1.000 3 * 3 5 7
2.5 1.000 1.000 1.000 3 * 3 5 7
3.0 1.000 1.000 1.000 3 * 3 5 7
3.5 1.000 1.000 1.000 3 * 3 5 7
4.0 1.000 1.000 1.000 3 * 3 5 7
4.5 1.000 1.000 1.000 3 * 3 5 7
5.0 1.000 1.000 1.000 3 * 3 5 7
5.5 1.000 1.000 1.000 3 * 3 5 7
6.0 1.000 1.000 1.000 3 * 3 5 7
6.5 1.000 1.000 1.000 3 * 3 5 7
7.0 1.000 1.000 1.000 3 * 3 5 7
7.5 1.000 1.000 1.000 3 * 3 5 7
8.0 1.000 1.000 1.000 3 * 3 5 7
8.5 1.000 1.000 1.000 3 * 3 5 7
9.0 1.000 1.000 1.000 3 * 3 5 7
9.5 1.000 1.000 1.000 3 * 3 5 7
10.0 1.000 1.000 1.000 3 * 3 5 7
0.5 1.000 1.000 1.000 3 * 3 5 7
1.0 1.000 0.963 1.000 2 * 3 7
1.5 1.000 0.963 1.000 2 * 3 7
2.0 1.000 1.000 1.000 3 * 3 5 7
2.5 1.000 1.000 1.000 3 * 3 5 7
3.0 1.000 1.000 1.000 3 * 3 5 7
3.5 1.000 1.000 1.000 3 * 3 5 7
4.0 1.000 1.000 1.000 3 * 3 5 7
4.5 1.000 1.000 1.000 3 * 3 5 7
5.0 1.000 1.000 1.000 3 * 3 5 7
5.5 1.000 1.000 1.000 3 * 3 5 7
6.0 1.000 1.000 1.000 3 * 3 5 7
6.5 1.000 1.000 1.000 3 * 3 5 7
7.0 1.000 1.000 1.000 3 * 3 5 7
7.5 1.000 1.000 1.000 3 * 3 5 7
8.0 1.000 1.000 1.000 3 * 3 5 7
8.5 1.000 1.000 1.000 3 * 3 5 7
9.0 1.000 1.000 1.000 3 * 3 5 7
9.5 1.000 1.000 1.000 3 * 3 5 7
10.0 1.000 1.000 1.000 3 * 3 5 7
0.5 1.000 1.000 1.000 3 * 3 5 7
1.0 1.000 1.000 1.000 3 * 3 5 7
1.5 1.000 1.000 1.000 3 * 3 5 7
2.0 1.000 1.000 1.000 3 * 3 5 7
2.5 1.000 1.000 1.000 3 * 3 5 7
3.0 1.000 1.000 1.000 3 * 3 5 7
3.5 1.000 1.000 1.000 3 * 3 5 7
4.0 1.000 1.000 1.000 3 * 3 5 7
4.5 1.000 1.000 1.000 3 * 3 5 7
5.0 1.000 1.000 1.000 3 * 3 5 7
5.5 1.000 1.000 1.000 3 * 3 5 7
6.0 1.000 1.000 1.000 3 * 3 5 7
6.5 1.000 1.000 1.000 3 * 3 5 7
7.0 1.000 1.000 1.000 3 * 3 5 7
7.5 1.000 1.000 1.000 3 * 3 5 7
8.0 1.000 1.000 1.000 3 * 3 5 7
8.5 1.000 1.000 1.000 3 * 3 5 7
9.0 1.000 1.000 1.000 3 * 3 5 7
9.5 1.000 1.000 1.000 3 * 3 5 7
10.0 1.000 1.000 1.000 3 * 3 5 7
0.5 1.000 0.963 1.000 2 * 3 7
1.0 1.000 1.000 1.000 3 * 3 5 7
1.5 1.000 0.963 1.000 2 * 3 7
2.0 1.000 1.000 1.000 3 * 3 5 7
2.5 1.000 1.000 1.000 3 * 3 5 7
3.0 1.000 1.000 1.000 3 * 3 5 7
3.5 1.000 1.000 1.000 3 * 3 5 7
4.0 1.000 1.000 1.000 3 * 3 5 7
4.5 1.000 1.000 1.000 3 * 3 5 7
5.0 1.000 1.000 1.000 3 * 3 5 7
5.5 1.000 1.000 1.000 3 * 3 5 7
6.0 1.000 1.000 1.000 3 * 3 5 7
6.5 1.000 1.000 1.000 3 * 3 5 7
7.0 1.000 1.000 1.000 3 * 3 5 7
7.5 1.000 1.000 1.000 3 * 3 5 7
8.0 1.000 1.000 1.000 3 * 3 5 7
8.5 1.000 1.000 1.000 3 * 3 5 7
9.0 1.000 1.000 1.000 3 * 3 5 7
9.5 1.000 1.000 1.000 3 * 3 5 7
10.0 1.000 1.000 1.000 3 * 3 5 7
0.5 1.000 1.000 1.000 3 * 3 5 7
1.0 1.000 1.000 1.000 3 * 3 5 7
1.5 1.000 1.000 1.000 3 * 3 5 7
2.0 1.000 1.000 1.000 3 * 3 5 7
2.5 1.000 1.000 1.000 3 * 3 5 7
3.0 1.000 1.000 1.000 3 * 3 5 7
3.5 1.000 1.000 1.000 3 * 3 5 7
4.0 1.000 1.000 1.000 3 * 3 5 7
4.5 1.000 1.000 1.000 3 * 3 5 7
5.0 1.000 1.000 1.000 3 * 3 5 7
5.5 1.000 1.000 1.000 3 * 3 5 7
6.0 1.000 1.000 1.000 3 * 3 5 7
6.5 1.000 1.000 1.000 3 * 3 5 7
7.0 1.000 1.000 1.000 3 * 3 5 7
7.5 1.000 1.000 1.000 3 * 3 5 7
8.0 1.000 1.000 1.000 3 * 3 5 7
8.5 1.000 1.000 1.000 3 * 3 5 7
9.0 1.000 1.000 1.000 3 * 3 5 7
9.5 1.000 1.000 1.000 3 * 3 5 7
10.0 1.000 1.000 1.000 3 * 3 5 7
0.5 1.000 1.000 1.000 3 * 3 5 7
1.0 1.000 1.000 1.000 3 * 3 5 7
1.5 1.000 0.963 1.000 2 * 3 7
2.0 1.000 1.000 1.000 3 * 3 5 7
2.5 1.000 1.000 1.000 3 * 3 5 7
3.0 1.000 1.000 1.000 3 * 3 5 7
3.5 1.000 1.000 1.000 3 * 3 5 7
4.0 1.000 1.000 1.000 3 * 3 5 7
4.5 1.000 1.000 1.000 3 * 3 5 7
5.0 1.000 1.000 1.000 3 * 3 5 7
5.5 1.000 1.000 1.000 3 * 3 5 7
6.0 1.000 1.000 1.000 3 * 3 5 7
6.5 1.000 1.000 1.000 3 * 3 5 7
7.0 1.000 1.000 1.000 3 * 3 5 7
7.5 1.000 1.000 1.000 3 * 3 5 7
8.0 1.000 1.000 1.000 3 * 3 5 7
8.5 1.000 1.000 1.000 3 * 3 5 7
9.0 1.000 1.000 1.000 3 * 3 5 7
9.5 1.000 1.000 1.000 3 * 3 5 7
10.0 1.000 1.000 1.000 3 * 3 5 7
0.5 1.000 1.000 1.000 3 * 3 5 7
1.0 1.000 1.000 1.000 3 * 3 5 7
1.5 1.000 1.000 1.000 3 * 3 5 7
2.0 1.000 1.000 1.000 3 * 3 5 7
2.5 1.000 1.000 1.000 3 * 3 5 7
3.0 1.000 1.000 1.000 3 * 3 5 7
3.5 1.000 1.000 1.000 3 * 3 5 7
4.0 1.000 1.000 1.000 3 * 3 5 7
4.5 1.000 0.963 1.000 2 * 3 7
5.0 1.000 1.000 1.000 3 * 3 5 7
5.5 1.000 1.000 1.000 3 * 3 5 7
6.0 1.000 1.000 1.000 3 * 3 5 7
6.5 1.000 1.000 1.000 3 * 3 5 7
7.0 1.000 1.000 1.000 3 * 3 5 7
7.5 1.000 1.000 1.000 3 * 3 5 7
8.0 1.000 1.000 1.000 3 * 3 5 7
8.5 1.000 1.000 1.000 3 * 3 5 7
9.0 1.000 1.000 1.000 3 * 3 5 7
9.5 1.000 1.000 1.000 3 * 3 5 7
10.0 1.000 1.000 1.000 3 * 3 5 7
0.5 1.000 1.000 1.000 3 * 3 5 7
1.0 1.000 1.000 1.000 3 * 3 5 7
1.5 1.000 1.000 1.000 3 * 3 5 7
2.0 1.000 1.000 1.000 3 * 3 5 7
2.5 1.000 1.000 1.000 3 * 3 5 7
3.0 1.000 1.000 1.000 3 * 3 5 7
3.5 1.000 1.000 1.000 3 * 3 5 7
4.0 1.000 1.000 1.000 3 * 3 5 7
4.5 1.000 1.000 1.000 3 * 3 5 7
5.0 1.000 1.000 1.000 3 * 3 5 7
5.5 1.000 1.000 1.000 3 * 3 5 7
6.0 1.000 1.000 1.000 3 * 3 5 7
6.5 1.000 1.000 1.000 3 * 3 5 7
7.0 1.000 1.000 1.000 3 * 3 5 7
7.5 1.000 1.000 1.000 3 * 3 5 7
8.0 1.000 1.000 1.000 3 * 3 5 7
8.5 1.000 1.000 1.000 3 * 3 5 7
9.0 1.000 1.000 1.000 3 * 3 5 7
9.5 1.000 1.000 1.000 3 * 3 5 7
10.0 1.000 1.000 1.000 3 * 3 5 7
0.5 1.000 1.000 1.000 3 * 3 5 7
1.0 1.000 1.000 1.000 3 * 3 5 7
1.5 1.000 1.000 1.000 3 * 3 5 7
2.0 1.000 1.000 1.000 3 * 3 5 7
2.5 1.000 1.000 1.000 3 * 3 5 7
3.0 1.000 1.000 1.000 3 * 3 5 7
3.5 1.000 1.000 1.000 3 * 3 5 7
4.0 1.000 1.000 1.000 3 * 3 5 7
4.5 1.000 1.000 1.000 3 * 3 5 7
5.0 1.000 1.000 1.000 3 * 3 5 7
5.5 1.000 1.000 1.000 3 * 3 5 7
6.0 1.000 1.000 1.000 3 * 3 5 7
6.5 1.000 1.000 1.000 3 * 3 5 7
7.0 1.000 1.000 1.000 3 * 3 5 7
7.5 1.000 1.000 1.000 3 * 3 5 7
8.0 1.000 1.000 1.000 3 * 3 5 7
8.5 1.000 1.000 1.000 3 * 3 5 7
9.0 1.000 1.000 1.000 3 * 3 5 7
9.5 1.000 1.000 1.000 3 * 3 5 7
10.0 1.000 1.000 1.000 3 * 3 5 7
0.5 1.000 1.000 1.000 3 * 3 5 7
1.0 1.000 1.000 1.000 3 * 3 5 7
1.5 1.000 1.000 1.000 3 * 3 5 7
2.0 1.000 1.000 1.000 3 * 3 5 7
2.5 1.000 1.000 1.000 3 * 3 5 7
3.0 1.000 1.000 1.000 3 * 3 5 7
3.5 1.000 1.000 1.000 3 * 3 5 7
4.0 1.000 1.000 1.000 3 * 3 5 7
4.5 1.000 1.000 1.000 3 * 3 5 7
5.0 1.000 1.000 1.000 3 * 3 5 7
5.5 1.000 1.000 1.000 3 * 3 5 7
6.0 1.000 1.000 1.000 3 * 3 5 7
6.5 1.000 1.000 1.000 3 * 3 5 7
7.0 1.000 1.000 1.000 3 * 3 5 7
7.5 1.000 1.000 1.000 3 * 3 5 7
8.0 1.000 1.000 1.000 3 * 3 5 7
8.5 1.000 1.000 1.000 3 * 3 5 7
9.0 1.000 1.000 1.000 3 * 3 5 7
9.5 1.000 1.000 1.000 3 * 3 5 7
10.0 1.000 1.000 1.000 3 * 3 5 7
0.5 1.000 1.000 1.000 3 * 3 5 7
1.0 1.000 1.000 1.000 3 * 3 5 7
1.5 1.000 0.963 1.000 2 * 3 7
2.0 1.000 1.000 1.000 3 * 3 5 7
2.5 1.000 1.000 1.000 3 * 3 5 7
3.0 1.000 1.000 1.000 3 * 3 5 7
3.5 1.000 1.000 1.000 3 * 3 5 7
4.0 1.000 1.000 1.000 3 * 3 5 7
4.5 1.000 1.000 1.000 3 * 3 5 7
5.0 1.000 1.000 1.000 3 * 3 5 7
5.5 1.000 1.000 1.000 3 * 3 5 7
6.0 1.000 1.000 1.000 3 * 3 5 7
6.5 1.000 1.000 1.000 3 * 3 5 7
7.0 1.000 1.000 1.000 3 * 3 5 7
7.5 1.000 1.000 1.000 3 * 3 5 7
8.0 1.000 1.000 1.000 3 * 3 5 7
8.5 1.000 1.000 1.000 3 * 3 5 7
9.0 1.000 1.000 1.000 3 * 3 5 7
9.5 1.000 1.000 1.000 3 * 3 5 7
10.0 1.000 1.000 1.000 3 * 3 5 7
0.5 1.000 1.000 1.000 3 * 3 5 7
1.0 1.000 1.000 1.000 3 * 3 5 7
1.5 1.000 1.000 1.000 3 * 3 5 7
2.0 1.000 1.000 1.000 3 * 3 5 7
2.5 1.000 0.963 1.000 2 * 3 7
3.0 1.000 1.000 1.000 3 * 3 5 7
3.5 1.000 1.000 1.000 3 * 3 5 7
4.0 1.000 1.000 1.000 3 * 3 5 7
4.5 1.000 1.000 1.000 3 * 3 5 7
5.0 1.000 1.000 1.000 3 * 3 5 7
5.5 1.000 1.000 1.000 3 * 3 5 7
6.0 1.000 1.000 1.000 3 * 3 5 7
6.5 1.000 1.000 1.000 3 * 3 5 7
7.0 1.000 1.000 1.000 3 * 3 5 7
7.5 1.000 1.000 1.000 3 * 3 5 7
8.0 1.000 1.000 1.000 3 * 3 5 7
8.5 1.000 1.000 1.000 3 * 3 5 7
9.0 1.000 1.000 1.000 3 * 3 5 7
9.5 1.000 1.000 1.000 3 * 3 5 7
10.0 1.000 1.000 1.000 3 * 3 5 7
0.5 1.000 1.000 1.000 3 * 3 5 7
1.0 1.000 1.000 1.000 3 * 3 5 7
1.5 1.000 1.000 1.000 3 * 3 5 7
2.0 1.000 0.963 1.000 2 * 3 7
2.5 1.000 1.000 1.000 3 * 3 5 7
3.0 1.000 1.000 1.000 3 * 3 5 7
3.5 1.000 1.000 1.000 3 * 3 5 7
4.0 1.000 1.000 1.000 3 * 3 5 7
4.5 1.000 1.000 1.000 3 * 3 5 7
5.0 1.000 1.000 1.000 3 * 3 5 7
5.5 1.000 1.000 1.000 3 * 3 5 7
6.0 1.000 1.000 1.000 3 * 3 5 7
6.5 1.000 1.000 1.000 3 * 3 5 7
7.0 1.000 1.000 1.000 3 * 3 5 7
7.5 1.000 1.000 1.000 3 * 3 5 7
8.0 1.000 1.000 1.000 3 * 3 5 7
8.5 1.000 1.000 1.000 3 * 3 5 7
9.0 1.000 1.000 1.000 3 * 3 5 7
9.5 1.000 1.000 1.000 3 * 3 5 7
10.0 1.000 1.000 1.000 3 * 3 5 7
0.5 1.000 0.963 1.000 2 * 3 7
1.0 1.000 1.000 1.000 3 * 3 5 7
1.5 1.000 1.000 1.000 3 * 3 5 7
2.0 1.000 1.000 1.000 3 * 3 5 7
2.5 1.000 1.000 1.000 3 * 3 5 7
3.0 1.000 1.000 1.000 3 * 3 5 7
3.5 1.000 1.000 1.000 3 * 3 5 7
4.0 1.000 1.000 1.000 3 * 3 5 7
4.5 1.000 1.000 1.000 3 * 3 5 7
5.0 1.000 1.000 1.000 3 * 3 5 7
5.5 1.000 1.000 1.000 3 * 3 5 7
6.0 1.000 1.000 1.000 3 * 3 5 7
6.5 1.000 1.000 1.000 3 * 3 5 7
7.0 1.000 1.000 1.000 3 * 3 5 7
7.5 1.000 1.000 1.000 3 * 3 5 7
8.0 1.000 1.000 1.000 3 * 3 5 7
8.5 1.000 1.000 1.000 3 * 3 5 7
9.0 1.000 1.000 1.000 3 * 3 5 7
9.5 1.000 1.000 1.000 3 * 3 5 7
10.0 1.000 1.000 1.000 3 * 3 5 7
0.5 1.000 1.000 1.000 3 * 3 5 7
1.0 1.000 1.000 1.000 3 * 3 5 7
1.5 1.000 0.963 1.000 2 * 3 7
2.0 1.000 1.000 1.000 3 * 3 5 7
2.5 1.000 1.000 1.000 3 * 3 5 7
3.0 1.000 1.000 1.000 3 * 3 5 7
3.5 1.000 1.000 1.000 3 * 3 5 7
4.0 1.000 1.000 1.000 3 * 3 5 7
4.5 1.000 1.000 1.000 3 * 3 5 7
5.0 1.000 1.000 1.000 3 * 3 5 7
5.5 1.000 1.000 1.000 3 * 3 5 7
6.0 1.000 1.000 1.000 3 * 3 5 7
6.5 1.000 1.000 1.000 3 * 3 5 7
7.0 1.000 1.000 1.000 3 * 3 5 7
7.5 1.000 1.000 1.000 3 * 3 5 7
8.0 1.000 1.000 1.000 3 * 3 5 7
8.5 1.000 1.000 1.000 3 * 3 5 7
9.0 1.000 1.000 1.000 3 * 3 5 7
9.5 1.000 1.000 1.000 3 * 3 5 7
10.0 1.000 1.000 1.000 3 * 3 5 7
0.5 1.000 1.000 1.000 3 * 3 5 7
1.0 1.000 1.000 1.000 3 * 3 5 7
1.5 1.000 1.000 1.000 3 * 3 5 7
2.0 1.000 1.000 1.000 3 * 3 5 7
2.5 1.000 1.000 1.000 3 * 3 5 7
3.0 1.000 1.000 1.000 3 * 3 5 7
3.5 1.000 1.000 1.000 3 * 3 5 7
4.0 1.000 1.000 1.000 3 * 3 5 7
4.5 1.000 1.000 1.000 3 * 3 5 7
5.0 1.000 1.000 1.000 3 * 3 5 7
5.5 1.000 1.000 1.000 3 * 3 5 7
6.0 1.000 1.000 1.000 3 * 3 5 7
6.5 1.000 1.000 1.000 3 * 3 5 7
7.0 1.000 1.000 1.000 3 * 3 5 7
7.5 1.000 1.000 1.000 3 * 3 5 7
8.0 1.000 1.000 1.000 3 * 3 5 7
8.5 1.000 1.000 1.000 3 * 3 5 7
9.0 1.000 1.000 1.000 3 * 3 5 7
9.5 1.000 1.000 1.000 3 * 3 5 7
10.0 1.000 1.000 1.000 3 * 3 5 7
0.5 1.000 0.963 1.000 2 * 3 7
1.0 1.000 1.000 1.000 3 * 3 5 7
1.5 1.000 1.000 1.000 3 * 3 5 7
2.0 1.000 1.000 1.000 3 * 3 5 7
2.5 1.000 1.000 1.000 3 * 3 5 7
3.0 1.000 1.000 1.000 3 * 3 5 7
3.5 1.000 1.000 1.000 3 * 3 5 7
4.0 1.000 1.000 1.000 3 * 3 5 7
4.5 1.000 1.000 1.000 3 * 3 5 7
5.0 1.000 1.000 1.000 3 * 3 5 7
5.5 1.000 1.000 1.000 3 * 3 5 7
6.0 1.000 1.000 1.000 3 * 3 5 7
6.5 1.000 1.000 1.000 3 * 3 5 7
7.0 1.000 1.000 1.000 3 * 3 5 7
7.5 1.000 1.000 1.000 3 * 3 5 7
8.0 1.000 1.000 1.000 3 * 3 5 7
8.5 1.000 1.000 1.000 3 * 3 5 7
9.0 1.000 1.000 1.000 3 * 3 5 7
9.5 1.000 1.000 1.000 3 * 3 5 7
10.0 1.000 1.000 1.000 3 * 3 5 7
0.5 1.000 1.000 1.000 3 * 3 5 7
1.0 1.000 0.963 1.000 2 * 3 7
1.5 1.000 1.000 1.000 3 * 3 5 7
2.0 1.000 1.000 1.000 3 * 3 5 7
2.5 1.000 0.963 1.000 2 * 3 7
3.0 1.000 1.000 1.000 3 * 3 5 7
3.5 1.000 1.000 1.000 3 * 3 5 7
4.0 1.000 1.000 1.000 3 * 3 5 7
4.5 1.000 1.000 1.000 3 * 3 5 7
5.0 1.000 1.000 1.000 3 * 3 5 7
5.5 1.000 1.000 1.000 3 * 3 5 7
6.0 1.000 1.000 1.000 3 * 3 5 7
6.5 1.000 1.000 1.000 3 * 3 5 7
7.0 1.000 1.000 1.000 3 * 3 5 7
7.5 1.000 1.000 1.000 3 * 3 5 7
8.0 1.000 1.000 1.000 3 * 3 5 7
8.5 1.000 1.000 1.000 3 * 3 5 7
9.0 1.000 1.000 1.000 3 * 3 5 7
9.5 1.000 1.000 1.000 3 * 3 5 7
10.0 1.000 1.000 1.000 3 * 3 5 7
