0.5 0.000 0.000 0.000 1 * 1
1.0 0.000 0.000 0.000 1 * 1
1.5 0.522 0.374 0.300 1 * 3
2.0 0.724 0.542 0.452 1 * 3
2.5 0.636 0.588 0.493 2 * 3 5
3.0 0.761 0.716 0.627 2 * 3 5
3.5 0.893 0.853 0.773 2 * 3 5
4.0 0.519 0.531 0.555 2 * 2 7
4.5 0.864 0.864 0.847 3 * 3 5 7
5.0 0.972 0.972 0.966 3 * 3 5 7
5.5 0.981 0.981 0.977 3 * 3 5 7
6.0 0.987 0.987 0.985 3 * 3 5 7
6.5 0.991 0.991 0.989 3 * 3 5 7
7.0 0.994 0.994 0.993 3 * 3 5 7
7.5 0.996 0.996 0.995 3 * 3 5 7
8.0 0.997 0.997 0.997 3 * 3 5 7
8.5 0.998 0.998 0.998 3 * 3 5 7
9.0 0.999 0.999 0.999 3 * 3 5 7
9.5 0.999 0.999 0.999 3 * 3 5 7
10.0 1.000 1.000 1.000 3 * 3 5 7
0.5 0.000 0.000 0.000 1 * 1
1.0 0.000 0.000 0.000 1 * 1
1.5 0.556 0.404 0.328 1 * 3
2.0 0.714 0.536 0.448 1 * 3
2.5 0.552 0.518 0.458 1 * 4
3.0 0.771 0.730 0.646 2 * 3 5
3.5 0.876 0.837 0.757 2 * 3 5
4.0 0.725 0.667 0.552 2 * 3 7
4.5 0.686 0.796 0.639 3 * 2 5 7
5.0 0.960 0.960 0.952 3 * 3 5 7
5.5 0.982 0.982 0.978 3 * 3 5 7
6.0 0.989 0.989 0.987 3 * 3 5 7
6.5 0.992 0.992 0.991 3 * 3 5 7
7.0 0.995 0.995 0.994 3 * 3 5 7
7.5 0.996 0.996 0.995 3 * 3 5 7
8.0 0.997 0.997 0.997 3 * 3 5 7
8.5 0.998 0.998 0.998 3 * 3 5 7
9.0 0.999 0.999 0.999 3 * 3 5 7
9.5 0.999 0.999 0.999 3 * 3 5 7
10.0 0.999 0.999 0.999 3 * 3 5 7
0.5 0.000 0.000 0.000 1 * 1
1.0 0.000 0.000 0.000 1 * 1
1.5 0.545 0.391 0.314 1 * 3
2.0 0.729 0.548 0.457 1 * 3
2.5 0.651 0.604 0.511 2 * 3 5
3.0 0.776 0.733 0.647 2 * 3 5
3.5 0.859 0.818 0.736 2 * 3 5
4.0 0.772 0.895 0.347 3 * 3 5 7
4.5 0.822 0.884 0.612 3 * 3 5 7
5.0 0.972 0.972 0.965 3 * 3 5 7
5.5 0.980 0.980 0.976 3 * 3 5 7
6.0 0.988 0.988 0.986 3 * 3 5 7
6.5 0.991 0.991 0.989 3 * 3 5 7
7.0 0.995 0.995 0.994 3 * 3 5 7
7.5 0.997 0.997 0.996 3 * 3 5 7
8.0 0.997 0.997 0.996 3 * 3 5 7
8.5 0.998 0.998 0.998 3 * 3 5 7
9.0 0.998 0.998 0.998 3 * 3 5 7
9.5 0.999 0.999 0.999 3 * 3 5 7
10.0 1.000 1.000 0.999 3 * 3 5 7
0.5 0.000 0.000 0.000 1 * 1
1.0 0.000 0.000 0.000 1 * 1
1.5 0.552 0.396 0.317 1 * 3
2.0 0.731 0.552 0.462 1 * 3
2.5 0.618 0.572 0.479 2 * 3 5
3.0 0.769 0.727 0.642 2 * 3 5
3.5 0.889 0.849 0.770 2 * 3 5
4.0 0.611 0.690 0.766 2 * 2 6
4.5 0.815 0.872 0.620 3 * 3 5 7
5.0 0.957 0.957 0.950 3 * 3 5 7
5.5 0.980 0.980 0.976 3 * 3 5 7
6.0 0.988 0.988 0.985 3 * 3 5 7
6.5 0.991 0.991 0.990 3 * 3 5 7
7.0 0.995 0.995 0.995 3 * 3 5 7
7.5 0.997 0.997 0.996 3 * 3 5 7
8.0 0.997 0.997 0.996 3 * 3 5 7
8.5 0.998 0.998 0.998 3 * 3 5 7
9.0 0.999 0.999 0.999 3 * 3 5 7
9.5 0.999 0.999 0.999 3 * 3 5 7
10.0 0.999 0.999 0.999 3 * 3 5 7
0.5 0.000 0.000 0.000 1 * 1
1.0 0.000 0.000 0.000 1 * 1
1.5 0.550 0.396 0.317 1 * 3
2.0 0.715 0.536 0.446 1 * 3
2.5 0.628 0.581 0.487 2 * 3 5
3.0 0.782 0.739 0.654 2 * 3 5
3.5 0.891 0.852 0.774 2 * 3 5
4.0 0.824 0.806 0.770 2 * 3 6
4.5 0.804 0.791 0.862 2 * 4 7
5.0 0.948 0.948 0.941 3 * 3 5 7
5.5 0.979 0.979 0.974 3 * 3 5 7
6.0 0.988 0.988 0.986 3 * 3 5 7
6.5 0.993 0.993 0.991 3 * 3 5 7
7.0 0.993 0.993 0.992 3 * 3 5 7
7.5 0.996 0.996 0.995 3 * 3 5 7
8.0 0.997 0.997 0.997 3 * 3 5 7
8.5 0.998 0.961 0.998 2 * 3 7
9.0 0.999 0.999 0.999 3 * 3 5 7
9.5 0.999 0.999 0.999 3 * 3 5 7
10.0 1.000 1.000 0.999 3 * 3 5 7
0.5 0.000 0.000 0.000 1 * 1
1.0 0.000 0.000 0.000 1 * 1
1.5 0.556 0.401 0.323 1 * 3
2.0 0.383 0.339 0.275 2 * 2 4
2.5 0.630 0.583 0.489 2 * 3 5
3.0 0.787 0.745 0.661 2 * 3 5
3.5 0.668 0.673 0.689 2 * 4 6
4.0 0.777 0.736 0.741 2 * 3 7
4.5 0.842 0.899 0.643 3 * 3 5 7
5.0 0.972 0.972 0.966 3 * 3 5 7
5.5 0.979 0.979 0.976 3 * 3 5 7
6.0 0.988 0.988 0.986 3 * 3 5 7
6.5 0.993 0.993 0.991 3 * 3 5 7
7.0 0.994 0.994 0.993 3 * 3 5 7
7.5 0.996 0.996 0.995 3 * 3 5 7
8.0 0.996 0.996 0.996 3 * 3 5 7
8.5 0.998 0.998 0.998 3 * 3 5 7
9.0 0.999 0.999 0.999 3 * 3 5 7
9.5 0.999 0.999 0.999 3 * 3 5 7
10.0 1.000 1.000 1.000 3 * 3 5 7
0.5 0.000 0.000 0.000 1 * 1
1.0 0.000 0.000 0.000 1 * 1
1.5 0.549 0.395 0.319 1 * 3
2.0 0.720 0.543 0.455 1 * 3
2.5 0.611 0.563 0.468 2 * 3 5
3.0 0.771 0.727 0.638 2 * 3 5
3.5 0.880 0.841 0.763 2 * 3 5
4.0 0.726 0.666 0.546 2 * 3 7
4.5 0.826 0.884 0.619 3 * 3 5 7
5.0 0.971 0.971 0.964 3 * 3 5 7
5.5 0.979 0.979 0.975 3 * 3 5 7
6.0 0.987 0.987 0.985 3 * 3 5 7
6.5 0.992 0.992 0.990 3 * 3 5 7
7.0 0.995 0.995 0.994 3 * 3 5 7
7.5 0.996 0.996 0.995 3 * 3 5 7
8.0 0.997 0.997 0.997 3 * 3 5 7
8.5 0.998 0.998 0.997 3 * 3 5 7
9.0 0.999 0.999 0.998 3 * 3 5 7
9.5 0.999 0.999 0.999 3 * 3 5 7
10.0 1.000 1.000 1.000 3 * 3 5 7
0.5 0.000 0.000 0.000 1 * 1
1.0 0.000 0.000 0.000 1 * 1
1.5 0.547 0.393 0.316 1 * 3
2.0 0.739 0.555 0.463 1 * 3
2.5 0.648 0.601 0.508 2 * 3 5
3.0 0.778 0.735 0.650 2 * 3 5
3.5 0.787 0.725 0.556 2 * 3 6
4.0 0.788 0.842 0.584 3 * 3 5 7
4.5 0.951 0.951 0.940 3 * 3 5 7
5.0 0.972 0.972 0.966 3 * 3 5 7
5.5 0.980 0.980 0.976 3 * 3 5 7
6.0 0.987 0.987 0.985 3 * 3 5 7
6.5 0.989 0.989 0.987 3 * 3 5 7
7.0 0.994 0.994 0.993 3 * 3 5 7
7.5 0.996 0.996 0.995 3 * 3 5 7
8.0 0.998 0.998 0.997 3 * 3 5 7
8.5 0.998 0.998 0.998 3 * 3 5 7
9.0 0.999 0.999 0.999 3 * 3 5 7
9.5 0.999 0.999 0.999 3 * 3 5 7
10.0 0.999 0.999 0.999 3 * 3 5 7
0.5 0.000 0.000 0.000 1 * 1
1.0 0.000 0.000 0.000 1 * 1
1.5 0.545 0.390 0.313 1 * 3
2.0 0.725 0.545 0.455 1 * 3
2.5 0.628 0.578 0.480 2 * 3 5
3.0 0.787 0.746 0.663 2 * 3 5
3.5 0.894 0.855 0.777 2 * 3 5
4.0 0.817 0.798 0.760 2 * 3 6
4.5 0.837 0.895 0.634 3 * 3 5 7
5.0 0.969 0.969 0.963 3 * 3 5 7
5.5 0.980 0.980 0.976 3 * 3 5 7
6.0 0.985 0.985 0.983 3 * 3 5 7
6.5 0.991 0.991 0.988 3 * 3 5 7
7.0 0.994 0.957 0.993 2 * 3 7
7.5 0.997 0.997 0.996 3 * 3 5 7
8.0 0.998 0.998 0.997 3 * 3 5 7
8.5 0.998 0.998 0.998 3 * 3 5 7
9.0 0.999 0.999 0.999 3 * 3 5 7
9.5 0.999 0.999 0.998 3 * 3 5 7
10.0 0.999 0.999 0.999 3 * 3 5 7
0.5 0.000 0.000 0.000 1 * 1
1.0 0.152 0.152 0.152 1 * 2
1.5 0.537 0.388 0.313 1 * 3
2.0 0.726 0.545 0.455 1 * 3
2.5 0.549 0.538 0.525 1 * 4
3.0 0.781 0.739 0.654 2 * 3 5
3.5 0.881 0.840 0.760 2 * 3 5
4.0 0.851 0.832 0.803 2 * 3 6
4.5 0.861 0.918 0.663 3 * 3 5 7
5.0 0.972 0.972 0.966 3 * 3 5 7
5.5 0.980 0.980 0.977 3 * 3 5 7
6.0 0.987 0.987 0.984 3 * 3 5 7
6.5 0.992 0.992 0.990 3 * 3 5 7
7.0 0.994 0.994 0.993 3 * 3 5 7
7.5 0.996 0.996 0.995 3 * 3 5 7
8.0 0.997 0.997 0.997 3 * 3 5 7
8.5 0.999 0.999 0.998 3 * 3 5 7
9.0 0.998 0.998 0.998 3 * 3 5 7
9.5 0.999 0.999 0.999 3 * 3 5 7
10.0 0.999 0.999 0.999 3 * 3 5 7
0.5 0.000 0.000 0.000 1 * 1
1.0 0.000 0.000 0.000 1 * 1
1.5 0.527 0.383 0.311 1 * 3
2.0 0.722 0.543 0.454 1 * 3
2.5 0.625 0.576 0.478 2 * 3 5
3.0 0.785 0.742 0.656 2 * 3 5
3.5 0.782 0.720 0.553 2 * 3 6
4.0 0.817 0.797 0.759 2 * 3 6
4.5 0.712 0.773 0.633 2 * 4 7
5.0 0.971 0.971 0.964 3 * 3 5 7
5.5 0.979 0.979 0.976 3 * 3 5 7
6.0 0.986 0.986 0.984 3 * 3 5 7
6.5 0.991 0.991 0.990 3 * 3 5 7
7.0 0.995 0.995 0.994 3 * 3 5 7
7.5 0.996 0.996 0.995 3 * 3 5 7
8.0 0.997 0.997 0.997 3 * 3 5 7
8.5 0.998 0.998 0.998 3 * 3 5 7
9.0 0.999 0.999 0.998 3 * 3 5 7
9.5 0.999 0.999 0.999 3 * 3 5 7
10.0 0.999 0.999 0.999 3 * 3 5 7
0.5 0.000 0.000 0.000 1 * 1
1.0 0.000 0.000 0.000 1 * 1
1.5 0.549 0.398 0.321 1 * 3
2.0 0.471 0.389 0.345 1 * 4
2.5 0.637 0.591 0.500 2 * 3 5
3.0 0.771 0.729 0.647 2 * 3 5
3.5 0.883 0.843 0.763 2 * 3 5
4.0 0.821 0.803 0.769 2 * 3 6
4.5 0.822 0.879 0.622 3 * 3 5 7
5.0 0.967 0.967 0.960 3 * 3 5 7
5.5 0.981 0.981 0.978 3 * 3 5 7
6.0 0.986 0.986 0.984 3 * 3 5 7
6.5 0.992 0.992 0.990 3 * 3 5 7
7.0 0.994 0.994 0.993 3 * 3 5 7
7.5 0.996 0.996 0.995 3 * 3 5 7
8.0 0.997 0.997 0.996 3 * 3 5 7
8.5 0.997 0.997 0.997 3 * 3 5 7
9.0 0.999 0.999 0.998 3 * 3 5 7
9.5 0.999 0.999 0.999 3 * 3 5 7
10.0 0.999 0.999 0.999 3 * 3 5 7
0.5 0.000 0.000 0.000 1 * 1
1.0 0.000 0.000 0.000 1 * 1
1.5 0.541 0.386 0.309 1 * 3
2.0 0.724 0.545 0.454 1 * 3
2.5 0.553 0.546 0.533 1 * 4
3.0 0.774 0.730 0.642 2 * 3 5
3.5 0.901 0.862 0.784 2 * 3 5
4.0 0.784 0.840 0.582 3 * 3 5 7
4.5 0.715 0.773 0.638 2 * 4 7
5.0 0.939 0.901 0.926 2 * 3 7
5.5 0.980 0.980 0.976 3 * 3 5 7
6.0 0.989 0.989 0.986 3 * 3 5 7
6.5 0.991 0.991 0.989 3 * 3 5 7
7.0 0.994 0.994 0.992 3 * 3 5 7
7.5 0.996 0.996 0.995 3 * 3 5 7
8.0 0.998 0.998 0.997 3 * 3 5 7
8.5 0.998 0.998 0.998 3 * 3 5 7
9.0 0.999 0.999 0.999 3 * 3 5 7
9.5 0.999 0.999 0.999 3 * 3 5 7
10.0 1.000 1.000 1.000 3 * 3 5 7
0.5 0.000 0.000 0.000 1 * 1
1.0 0.000 0.000 0.000 1 * 1
1.5 0.554 0.398 0.320 1 * 3
2.0 0.712 0.535 0.446 1 * 3
2.5 0.626 0.580 0.488 2 * 3 5
3.0 0.768 0.725 0.639 2 * 3 5
3.5 0.884 0.844 0.765 2 * 3 5
4.0 0.620 0.704 0.782 2 * 2 6
4.5 0.824 0.881 0.624 3 * 3 5 7
5.0 0.973 0.973 0.967 3 * 3 5 7
5.5 0.979 0.979 0.975 3 * 3 5 7
6.0 0.987 0.987 0.985 3 * 3 5 7
6.5 0.992 0.992 0.990 3 * 3 5 7
7.0 0.994 0.994 0.993 3 * 3 5 7
7.5 0.996 0.996 0.996 3 * 3 5 7
8.0 0.997 0.997 0.997 3 * 3 5 7
8.5 0.998 0.998 0.998 3 * 3 5 7
9.0 0.998 0.998 0.998 3 * 3 5 7
9.5 0.999 0.999 0.999 3 * 3 5 7
10.0 0.999 0.999 0.999 3 * 3 5 7
0.5 0.000 0.000 0.000 1 * 1
1.0 0.000 0.000 0.000 1 * 1
1.5 0.567 0.410 0.328 1 * 3
2.0 0.717 0.541 0.453 1 * 3
2.5 0.554 0.539 0.515 1 * 4
3.0 0.785 0.744 0.663 2 * 3 5
3.5 0.883 0.844 0.766 2 * 3 5
4.0 0.820 0.797 0.771 2 * 3 6
4.5 0.831 0.891 0.626 3 * 3 5 7
5.0 0.972 0.972 0.966 3 * 3 5 7
5.5 0.601 0.668 0.751 2 * 2 7
6.0 0.986 0.986 0.983 3 * 3 5 7
6.5 0.991 0.991 0.990 3 * 3 5 7
7.0 0.994 0.994 0.993 3 * 3 5 7
7.5 0.996 0.996 0.995 3 * 3 5 7
8.0 0.998 0.998 0.997 3 * 3 5 7
8.5 0.998 0.998 0.998 3 * 3 5 7
9.0 0.999 0.999 0.999 3 * 3 5 7
9.5 0.999 0.999 0.999 3 * 3 5 7
10.0 0.999 0.999 0.999 3 * 3 5 7
0.5 0.000 0.000 0.000 1 * 1
1.0 0.000 0.000 0.000 1 * 1
1.5 0.554 0.398 0.319 1 * 3
2.0 0.714 0.534 0.444 1 * 3
2.5 0.545 0.542 0.545 1 * 4
3.0 0.783 0.740 0.654 2 * 3 5
3.5 0.883 0.843 0.764 2 * 3 5
4.0 0.816 0.752 0.579 2 * 3 6
4.5 0.883 0.883 0.867 3 * 3 5 7
5.0 0.970 0.970 0.963 3 * 3 5 7
5.5 0.979 0.979 0.975 3 * 3 5 7
6.0 0.888 0.950 0.687 3 * 3 5 7
6.5 0.992 0.992 0.990 3 * 3 5 7
7.0 0.995 0.995 0.993 3 * 3 5 7
7.5 0.996 0.996 0.995 3 * 3 5 7
8.0 0.997 0.997 0.996 3 * 3 5 7
8.5 0.998 0.998 0.998 3 * 3 5 7
9.0 0.999 0.999 0.999 3 * 3 5 7
9.5 0.999 0.999 0.999 3 * 3 5 7
10.0 1.000 1.000 1.000 3 * 3 5 7
0.5 0.000 0.000 0.000 1 * 1
1.0 0.000 0.000 0.000 1 * 1
1.5 0.527 0.377 0.301 1 * 3
2.0 0.718 0.539 0.447 1 * 3
2.5 0.647 0.599 0.503 2 * 3 5
3.0 0.776 0.734 0.649 2 * 3 5
3.5 0.872 0.831 0.750 2 * 3 5
4.0 0.601 0.672 0.745 2 * 2 6
4.5 0.931 0.931 0.919 3 * 3 5 7
5.0 0.972 0.972 0.966 3 * 3 5 7
5.5 0.981 0.981 0.977 3 * 3 5 7
6.0 0.984 0.984 0.982 3 * 3 5 7
6.5 0.991 0.991 0.990 3 * 3 5 7
7.0 0.994 0.994 0.993 3 * 3 5 7
7.5 0.995 0.995 0.994 3 * 3 5 7
8.0 0.997 0.997 0.997 3 * 3 5 7
8.5 0.998 0.998 0.998 3 * 3 5 7
9.0 0.999 0.999 0.999 3 * 3 5 7
9.5 0.999 0.999 0.998 3 * 3 5 7
10.0 0.999 0.999 0.999 3 * 3 5 7
0.5 0.000 0.000 0.000 1 * 1
1.0 0.131 0.053 0.014 1 * 2
1.5 0.546 0.393 0.316 1 * 3
2.0 0.717 0.537 0.447 1 * 3
2.5 0.651 0.606 0.516 2 * 3 5
3.0 0.785 0.744 0.660 2 * 3 5
3.5 0.774 0.835 0.493 3 * 3 5 7
4.0 0.831 0.815 0.785 2 * 3 6
4.5 0.783 0.785 0.642 2 * 5 7
5.0 0.972 0.972 0.966 3 * 3 5 7
5.5 0.979 0.979 0.975 3 * 3 5 7
6.0 0.988 0.988 0.986 3 * 3 5 7
6.5 0.991 0.991 0.989 3 * 3 5 7
7.0 0.995 0.995 0.994 3 * 3 5 7
7.5 0.996 0.996 0.995 3 * 3 5 7
8.0 0.998 0.998 0.997 3 * 3 5 7
8.5 0.998 0.998 0.998 3 * 3 5 7
9.0 0.999 0.999 0.999 3 * 3 5 7
9.5 0.999 0.999 0.999 3 * 3 5 7
10.0 1.000 1.000 0.999 3 * 3 5 7
0.5 0.000 0.000 0.000 1 * 1
1.0 0.106 0.089 0.080 1 * 2
1.5 0.555 0.398 0.320 1 * 3
2.0 0.725 0.542 0.450 1 * 3
2.5 0.607 0.559 0.465 2 * 3 5
3.0 0.776 0.734 0.649 2 * 3 5
3.5 0.877 0.838 0.758 2 * 3 5
4.0 0.800 0.800 0.776 3 * 3 5 7
4.5 0.901 0.901 0.884 3 * 3 5 7
5.0 0.874 0.932 0.676 3 * 3 5 7
5.5 0.982 0.982 0.979 3 * 3 5 7
6.0 0.988 0.988 0.985 3 * 3 5 7
6.5 0.992 0.992 0.990 3 * 3 5 7
7.0 0.993 0.993 0.992 3 * 3 5 7
7.5 0.996 0.996 0.996 3 * 3 5 7
8.0 0.998 0.998 0.997 3 * 3 5 7
8.5 0.999 0.999 0.999 3 * 3 5 7
9.0 0.999 0.999 0.998 3 * 3 5 7
9.5 0.999 0.999 0.999 3 * 3 5 7
10.0 0.999 0.999 0.999 3 * 3 5 7
0.5 0.000 0.000 0.000 1 * 1
1.0 0.000 0.000 0.000 1 * 1
1.5 0.519 0.373 0.301 1 * 3
2.0 0.709 0.533 0.446 1 * 3
2.5 0.623 0.574 0.475 2 * 3 5
3.0 0.770 0.727 0.640 2 * 3 5
3.5 0.883 0.843 0.763 2 * 3 5
4.0 0.728 0.670 0.544 2 * 3 7
4.5 0.836 0.895 0.634 3 * 3 5 7
5.0 0.969 0.969 0.962 3 * 3 5 7
5.5 0.979 0.979 0.975 3 * 3 5 7
6.0 0.988 0.988 0.986 3 * 3 5 7
6.5 0.992 0.992 0.990 3 * 3 5 7
7.0 0.993 0.993 0.992 3 * 3 5 7
7.5 0.996 0.996 0.995 3 * 3 5 7
8.0 0.997 0.997 0.997 3 * 3 5 7
8.5 0.998 0.998 0.998 3 * 3 5 7
9.0 0.999 0.999 0.998 3 * 3 5 7
9.5 0.999 0.999 0.999 3 * 3 5 7
10.0 0.999 0.999 0.999 3 * 3 5 7
0.5 0.000 0.000 0.000 1 * 1
1.0 0.000 0.000 0.000 1 * 1
1.5 0.531 0.381 0.305 1 * 3
2.0 0.714 0.538 0.450 1 * 3
2.5 0.655 0.608 0.515 2 * 3 5
3.0 0.778 0.736 0.653 2 * 3 5
3.5 0.879 0.838 0.757 2 * 3 5
4.0 0.611 0.691 0.768 2 * 2 6
4.5 0.742 0.785 0.871 3 * 2 5 7
5.0 0.959 0.922 0.948 2 * 3 7
5.5 0.979 0.979 0.975 3 * 3 5 7
6.0 0.988 0.988 0.986 3 * 3 5 7
6.5 0.992 0.992 0.990 3 * 3 5 7
7.0 0.862 0.818 0.729 2 * 3 7
7.5 0.996 0.996 0.995 3 * 3 5 7
8.0 0.997 0.997 0.996 3 * 3 5 7
8.5 0.998 0.998 0.998 3 * 3 5 7
9.0 0.999 0.999 0.999 3 * 3 5 7
9.5 0.999 0.999 0.999 3 * 3 5 7
10.0 0.999 0.999 0.999 3 * 3 5 7
0.5 0.000 0.000 0.000 1 * 1
1.0 0.000 0.000 0.000 1 * 1
1.5 0.546 0.391 0.313 1 * 3
2.0 0.731 0.550 0.460 1 * 3
2.5 0.551 0.537 0.529 1 * 4
3.0 0.779 0.738 0.654 2 * 3 5
3.5 0.887 0.848 0.769 2 * 3 5
4.0 0.824 0.807 0.773 2 * 3 6
4.5 0.826 0.881 0.634 3 * 3 5 7
5.0 0.971 0.971 0.966 3 * 3 5 7
5.5 0.982 0.945 0.977 2 * 3 7
6.0 0.987 0.987 0.984 3 * 3 5 7
6.5 0.991 0.991 0.989 3 * 3 5 7
7.0 0.994 0.994 0.993 3 * 3 5 7
7.5 0.995 0.995 0.995 3 * 3 5 7
8.0 0.997 0.997 0.997 3 * 3 5 7
8.5 0.998 0.998 0.998 3 * 3 5 7
9.0 0.999 0.999 0.999 3 * 3 5 7
9.5 0.999 0.999 0.999 3 * 3 5 7
10.0 0.999 0.999 0.999 3 * 3 5 7
0.5 0.000 0.000 0.000 1 * 1
1.0 0.000 0.000 0.000 1 * 1
1.5 0.563 0.411 0.334 1 * 3
2.0 0.732 0.547 0.454 1 * 3
2.5 0.625 0.577 0.480 2 * 3 5
3.0 0.767 0.725 0.643 2 * 3 5
3.5 0.892 0.852 0.772 2 * 3 5
4.0 0.775 0.896 0.358 3 * 3 5 7
4.5 0.774 0.721 0.615 2 * 3 7
5.0 0.969 0.969 0.963 3 * 3 5 7
5.5 0.983 0.983 0.979 3 * 3 5 7
6.0 0.987 0.987 0.985 3 * 3 5 7
6.5 0.992 0.992 0.990 3 * 3 5 7
7.0 0.994 0.994 0.993 3 * 3 5 7
7.5 0.995 0.995 0.994 3 * 3 5 7
8.0 0.998 0.998 0.997 3 * 3 5 7
8.5 0.998 0.998 0.997 3 * 3 5 7
9.0 0.999 0.999 0.998 3 * 3 5 7
9.5 0.999 0.999 0.999 3 * 3 5 7
10.0 0.999 0.999 0.999 3 * 3 5 7
0.5 0.000 0.000 0.000 1 * 1
1.0 0.000 0.000 0.000 1 * 1
1.5 0.560 0.408 0.332 1 * 3
2.0 0.716 0.535 0.444 1 * 3
2.5 0.620 0.572 0.478 2 * 3 5
3.0 0.778 0.734 0.645 2 * 3 5
3.5 0.570 0.578 0.593 2 * 2 6
4.0 0.737 0.682 0.570 2 * 3 7
4.5 0.837 0.894 0.640 3 * 3 5 7
5.0 0.971 0.971 0.966 3 * 3 5 7
5.5 0.980 0.980 0.976 3 * 3 5 7
6.0 0.986 0.986 0.984 3 * 3 5 7
6.5 0.992 0.992 0.990 3 * 3 5 7
7.0 0.994 0.994 0.993 3 * 3 5 7
7.5 0.996 0.996 0.995 3 * 3 5 7
8.0 0.998 0.998 0.997 3 * 3 5 7
8.5 0.998 0.998 0.998 3 * 3 5 7
9.0 0.999 0.999 0.999 3 * 3 5 7
9.5 0.999 0.999 0.999 3 * 3 5 7
10.0 1.000 1.000 1.000 3 * 3 5 7
0.5 0.000 0.000 0.000 1 * 1
1.0 0.000 0.000 0.000 1 * 1
1.5 0.537 0.379 0.301 1 * 3
2.0 0.720 0.540 0.450 1 * 3
2.5 0.566 0.561 0.566 1 * 4
3.0 0.780 0.738 0.654 2 * 3 5
3.5 0.887 0.848 0.770 2 * 3 5
4.0 0.625 0.725 0.736 3 * 2 4 6
4.5 0.836 0.897 0.632 3 * 3 5 7
5.0 0.952 0.952 0.944 3 * 3 5 7
5.5 0.981 0.981 0.978 3 * 3 5 7
6.0 0.988 0.988 0.985 3 * 3 5 7
6.5 0.991 0.991 0.989 3 * 3 5 7
7.0 0.994 0.994 0.993 3 * 3 5 7
7.5 0.995 0.995 0.995 3 * 3 5 7
8.0 0.998 0.998 0.998 3 * 3 5 7
8.5 0.998 0.998 0.997 3 * 3 5 7
9.0 0.998 0.998 0.998 3 * 3 5 7
9.5 0.999 0.999 0.998 3 * 3 5 7
10.0 0.999 0.999 0.999 3 * 3 5 7
0.5 0.000 0.000 0.000 1 * 1
1.0 0.000 0.000 0.000 1 * 1
1.5 0.547 0.394 0.317 1 * 3
2.0 0.714 0.536 0.447 1 * 3
2.5 0.404 0.386 0.384 1 * 5
3.0 0.773 0.731 0.646 2 * 3 5
3.5 0.783 0.721 0.553 2 * 3 6
4.0 0.934 0.896 0.819 2 * 3 5
4.5 0.556 0.582 0.633 2 * 2 7
5.0 0.970 0.970 0.964 3 * 3 5 7
5.5 0.982 0.982 0.978 3 * 3 5 7
6.0 0.987 0.950 0.985 2 * 3 7
6.5 0.989 0.989 0.988 3 * 3 5 7
7.0 0.994 0.994 0.994 3 * 3 5 7
7.5 0.996 0.996 0.995 3 * 3 5 7
8.0 0.998 0.998 0.997 3 * 3 5 7
8.5 0.999 0.999 0.998 3 * 3 5 7
9.0 0.998 0.998 0.998 3 * 3 5 7
9.5 0.999 0.999 0.999 3 * 3 5 7
10.0 0.999 0.999 0.999 3 * 3 5 7
0.5 0.000 0.000 0.000 1 * 1
1.0 0.164 0.126 0.106 1 * 2
1.5 0.525 0.374 0.299 1 * 3
2.0 0.725 0.547 0.458 1 * 3
2.5 0.626 0.579 0.483 2 * 3 5
3.0 0.762 0.719 0.635 2 * 3 5
3.5 0.871 0.831 0.751 2 * 3 5
4.0 0.856 0.837 0.809 2 * 3 6
4.5 0.866 0.866 0.850 3 * 3 5 7
5.0 0.969 0.969 0.963 3 * 3 5 7
5.5 0.979 0.979 0.975 3 * 3 5 7
6.0 0.989 0.989 0.987 3 * 3 5 7
6.5 0.990 0.990 0.988 3 * 3 5 7
7.0 0.994 0.994 0.993 3 * 3 5 7
7.5 0.996 0.996 0.996 3 * 3 5 7
8.0 0.997 0.997 0.996 3 * 3 5 7
8.5 0.997 0.997 0.997 3 * 3 5 7
9.0 0.999 0.999 0.998 3 * 3 5 7
9.5 0.999 0.999 0.999 3 * 3 5 7
10.0 0.999 0.999 0.999 3 * 3 5 7
0.5 0.000 0.000 0.000 1 * 1
1.0 0.146 0.086 0.056 1 * 2
1.5 0.530 0.380 0.306 1 * 3
2.0 0.717 0.538 0.449 1 * 3
2.5 0.602 0.558 0.470 2 * 3 5
3.0 0.792 0.750 0.666 2 * 3 5
3.5 0.886 0.846 0.766 2 * 3 5
4.0 0.821 0.892 0.501 3 * 3 5 7
4.5 0.932 0.896 0.916 2 * 3 7
5.0 0.970 0.970 0.964 3 * 3 5 7
5.5 0.982 0.982 0.977 3 * 3 5 7
6.0 0.987 0.987 0.985 3 * 3 5 7
6.5 0.992 0.992 0.991 3 * 3 5 7
7.0 0.994 0.994 0.993 3 * 3 5 7
7.5 0.996 0.996 0.995 3 * 3 5 7
8.0 0.998 0.998 0.997 3 * 3 5 7
8.5 0.998 0.998 0.997 3 * 3 5 7
9.0 0.999 0.999 0.999 3 * 3 5 7
9.5 0.999 0.999 0.999 3 * 3 5 7
10.0 1.000 1.000 1.000 3 * 3 5 7
0.5 0.005 0.003 0.002 1 * 2
1.0 0.000 0.000 0.000 1 * 1
1.5 0.553 0.397 0.315 1 * 3
2.0 0.717 0.538 0.448 1 * 3
2.5 0.639 0.591 0.496 2 * 3 5
3.0 0.789 0.746 0.660 2 * 3 5
3.5 0.895 0.855 0.775 2 * 3 5
4.0 0.616 0.704 0.785 2 * 2 6
4.5 0.788 0.739 0.641 2 * 3 7
5.0 0.967 0.931 0.959 2 * 3 7
5.5 0.982 0.982 0.979 3 * 3 5 7
6.0 0.987 0.987 0.984 3 * 3 5 7
6.5 0.861 0.844 0.813 2 * 3 7
7.0 0.994 0.994 0.994 3 * 3 5 7
7.5 0.996 0.996 0.995 3 * 3 5 7
8.0 0.998 0.998 0.997 3 * 3 5 7
8.5 0.998 0.998 0.998 3 * 3 5 7
9.0 0.999 0.999 0.999 3 * 3 5 7
9.5 0.999 0.999 0.998 3 * 3 5 7
10.0 0.999 0.999 0.999 3 * 3 5 7
0.5 0.000 0.000 0.000 1 * 1
1.0 0.000 0.000 0.000 1 * 1
1.5 0.529 0.380 0.306 1 * 3
2.0 0.461 0.363 0.300 1 * 4
2.5 0.640 0.591 0.493 2 * 3 5
3.0 0.787 0.744 0.660 2 * 3 5
3.5 0.777 0.715 0.548 2 * 3 6
4.0 0.519 0.518 0.517 2 * 2 7
4.5 0.792 0.740 0.637 2 * 3 7
5.0 0.970 0.970 0.964 3 * 3 5 7
5.5 0.979 0.979 0.974 3 * 3 5 7
6.0 0.988 0.988 0.985 3 * 3 5 7
6.5 0.990 0.990 0.988 3 * 3 5 7
7.0 0.994 0.994 0.994 3 * 3 5 7
7.5 0.996 0.996 0.995 3 * 3 5 7
8.0 0.997 0.997 0.997 3 * 3 5 7
8.5 0.998 0.998 0.998 3 * 3 5 7
9.0 0.999 0.999 0.999 3 * 3 5 7
9.5 0.999 0.999 0.999 3 * 3 5 7
10.0 0.999 0.999 0.999 3 * 3 5 7
0.5 0.000 0.000 0.000 1 * 1
1.0 0.000 0.000 0.000 1 * 1
1.5 0.550 0.400 0.325 1 * 3
2.0 0.724 0.542 0.451 1 * 3
2.5 0.628 0.578 0.479 2 * 3 5
3.0 0.770 0.728 0.642 2 * 3 5
3.5 0.885 0.845 0.766 2 * 3 5
4.0 0.729 0.670 0.547 2 * 3 7
4.5 0.699 0.766 0.614 2 * 4 7
5.0 0.957 0.957 0.949 3 * 3 5 7
5.5 0.981 0.981 0.977 3 * 3 5 7
6.0 0.986 0.986 0.983 3 * 3 5 7
6.5 0.989 0.989 0.988 3 * 3 5 7
7.0 0.994 0.994 0.993 3 * 3 5 7
7.5 0.996 0.996 0.996 3 * 3 5 7
8.0 0.997 0.997 0.996 3 * 3 5 7
8.5 0.998 0.998 0.997 3 * 3 5 7
9.0 0.999 0.999 0.998 3 * 3 5 7
9.5 0.999 0.999 0.999 3 * 3 5 7
10.0 1.000 1.000 1.000 3 * 3 5 7
0.5 0.000 0.000 0.000 1 * 1
1.0 0.000 0.000 0.000 1 * 1
1.5 0.532 0.383 0.308 1 * 3
2.0 0.721 0.539 0.447 1 * 3
2.5 0.546 0.529 0.512 1 * 4
3.0 0.782 0.739 0.655 2 * 3 5
3.5 0.858 0.818 0.737 2 * 3 5
4.0 0.818 0.800 0.765 2 * 3 6
4.5 0.826 0.879 0.637 3 * 3 5 7
5.0 0.972 0.972 0.966 3 * 3 5 7
5.5 0.981 0.981 0.978 3 * 3 5 7
6.0 0.988 0.988 0.985 3 * 3 5 7
6.5 0.991 0.991 0.989 3 * 3 5 7
7.0 0.995 0.995 0.994 3 * 3 5 7
7.5 0.996 0.996 0.995 3 * 3 5 7
8.0 0.997 0.997 0.996 3 * 3 5 7
8.5 0.999 0.999 0.999 3 * 3 5 7
9.0 0.999 0.999 0.999 3 * 3 5 7
9.5 0.914 0.961 0.745 3 * 3 5 7
10.0 0.999 0.999 0.999 3 * 3 5 7
0.5 0.000 0.000 0.000 1 * 1
1.0 0.000 0.000 0.000 1 * 1
1.5 0.543 0.389 0.308 1 * 3
2.0 0.727 0.547 0.457 1 * 3
2.5 0.616 0.566 0.467 2 * 3 5
3.0 0.767 0.724 0.638 2 * 3 5
3.5 0.878 0.837 0.755 2 * 3 5
4.0 0.823 0.757 0.593 2 * 3 6
4.5 0.840 0.897 0.644 3 * 3 5 7
5.0 0.972 0.972 0.965 3 * 3 5 7
5.5 0.981 0.981 0.977 3 * 3 5 7
6.0 0.986 0.986 0.984 3 * 3 5 7
6.5 0.990 0.990 0.989 3 * 3 5 7
7.0 0.995 0.995 0.994 3 * 3 5 7
7.5 0.995 0.995 0.994 3 * 3 5 7
8.0 0.997 0.997 0.997 3 * 3 5 7
8.5 0.998 0.998 0.998 3 * 3 5 7
9.0 0.999 0.999 0.998 3 * 3 5 7
9.5 1.000 1.000 1.000 3 * 3 5 7
10.0 1.000 1.000 1.000 3 * 3 5 7
0.5 0.000 0.000 0.000 1 * 1
1.0 0.000 0.000 0.000 1 * 1
1.5 0.558 0.403 0.325 1 * 3
2.0 0.716 0.537 0.447 1 * 3
2.5 0.562 0.556 0.562 1 * 4
3.0 0.774 0.733 0.649 2 * 3 5
3.5 0.894 0.855 0.776 2 * 3 5
4.0 0.822 0.805 0.773 2 * 3 6
4.5 0.831 0.888 0.633 3 * 3 5 7
5.0 0.970 0.970 0.963 3 * 3 5 7
5.5 0.982 0.982 0.977 3 * 3 5 7
6.0 0.987 0.987 0.985 3 * 3 5 7
6.5 0.990 0.990 0.989 3 * 3 5 7
7.0 0.993 0.993 0.992 3 * 3 5 7
7.5 0.995 0.995 0.995 3 * 3 5 7
8.0 0.997 0.997 0.997 3 * 3 5 7
8.5 0.998 0.998 0.997 3 * 3 5 7
9.0 0.999 0.999 0.999 3 * 3 5 7
9.5 0.999 0.999 0.999 3 * 3 5 7
10.0 1.000 1.000 1.000 3 * 3 5 7
0.5 0.000 0.000 0.000 1 * 1
1.0 0.000 0.000 0.000 1 * 1
1.5 0.564 0.410 0.330 1 * 3
2.0 0.726 0.544 0.453 1 * 3
2.5 0.644 0.596 0.500 2 * 3 5
3.0 0.777 0.734 0.649 2 * 3 5
3.5 0.561 0.619 0.681 2 * 2 6
4.0 0.768 0.820 0.554 3 * 3 5 7
4.5 0.764 0.711 0.607 2 * 3 7
5.0 0.970 0.970 0.964 3 * 3 5 7
5.5 0.971 0.971 0.966 3 * 3 5 7
6.0 0.988 0.988 0.986 3 * 3 5 7
6.5 0.992 0.992 0.991 3 * 3 5 7
7.0 0.995 0.995 0.994 3 * 3 5 7
7.5 0.995 0.995 0.995 3 * 3 5 7
8.0 0.998 0.998 0.997 3 * 3 5 7
8.5 0.998 0.998 0.997 3 * 3 5 7
9.0 0.999 0.999 0.999 3 * 3 5 7
9.5 0.999 0.999 0.999 3 * 3 5 7
10.0 0.999 0.999 0.999 3 * 3 5 7
0.5 0.000 0.000 0.000 1 * 1
1.0 0.118 0.092 0.079 1 * 2
1.5 0.554 0.399 0.320 1 * 3
2.0 0.721 0.543 0.453 1 * 3
2.5 0.551 0.533 0.516 1 * 4
3.0 0.777 0.734 0.648 2 * 3 5
3.5 0.564 0.569 0.578 2 * 2 6
4.0 0.778 0.835 0.571 3 * 3 5 7
4.5 0.823 0.881 0.621 3 * 3 5 7
5.0 0.970 0.970 0.964 3 * 3 5 7
5.5 0.983 0.983 0.980 3 * 3 5 7
6.0 0.848 0.800 0.705 2 * 3 7
6.5 0.992 0.992 0.991 3 * 3 5 7
7.0 0.993 0.993 0.992 3 * 3 5 7
7.5 0.995 0.995 0.995 3 * 3 5 7
8.0 0.998 0.998 0.997 3 * 3 5 7
8.5 0.998 0.998 0.998 3 * 3 5 7
9.0 0.999 0.999 0.998 3 * 3 5 7
9.5 0.999 0.999 0.999 3 * 3 5 7
10.0 1.000 1.000 0.999 3 * 3 5 7
0.5 0.000 0.000 0.000 1 * 1
1.0 0.152 0.057 0.009 1 * 2
1.5 0.506 0.357 0.281 1 * 3
2.0 0.712 0.535 0.445 1 * 3
2.5 0.608 0.558 0.457 2 * 3 5
3.0 0.768 0.724 0.636 2 * 3 5
3.5 0.892 0.852 0.773 2 * 3 5
4.0 0.816 0.751 0.583 2 * 3 6
4.5 0.835 0.891 0.636 3 * 3 5 7
5.0 0.973 0.973 0.967 3 * 3 5 7
5.5 0.979 0.979 0.975 3 * 3 5 7
6.0 0.987 0.987 0.984 3 * 3 5 7
6.5 0.992 0.992 0.990 3 * 3 5 7
7.0 0.993 0.993 0.992 3 * 3 5 7
7.5 0.995 0.995 0.995 3 * 3 5 7
8.0 0.998 0.998 0.997 3 * 3 5 7
8.5 0.998 0.998 0.998 3 * 3 5 7
9.0 0.999 0.999 0.999 3 * 3 5 7
9.5 0.999 0.999 0.999 3 * 3 5 7
10.0 1.000 1.000 1.000 3 * 3 5 7
0.5 0.000 0.000 0.000 1 * 1
1.0 0.000 0.000 0.000 1 * 1
1.5 0.530 0.377 0.301 1 * 3
2.0 0.722 0.543 0.454 1 * 3
2.5 0.610 0.560 0.458 2 * 3 5
3.0 0.795 0.753 0.670 2 * 3 5
3.5 0.885 0.845 0.765 2 * 3 5
4.0 0.788 0.844 0.575 3 * 3 5 7
4.5 0.831 0.890 0.622 3 * 3 5 7
5.0 0.969 0.969 0.962 3 * 3 5 7
5.5 0.981 0.981 0.977 3 * 3 5 7
6.0 0.988 0.988 0.985 3 * 3 5 7
6.5 0.811 0.954 0.449 3 * 3 5 8
7.0 0.994 0.994 0.993 3 * 3 5 7
7.5 0.996 0.996 0.995 3 * 3 5 7
8.0 0.998 0.998 0.997 3 * 3 5 7
8.5 0.998 0.998 0.998 3 * 3 5 7
9.0 0.999 0.999 0.998 3 * 3 5 7
9.5 0.999 0.999 0.999 3 * 3 5 7
10.0 0.999 0.999 0.999 3 * 3 5 7
0.5 0.003 0.003 0.003 1 * 2
1.0 0.000 0.000 0.000 1 * 1
1.5 0.552 0.398 0.321 1 * 3
2.0 0.726 0.545 0.454 1 * 3
2.5 0.635 0.589 0.496 2 * 3 5
3.0 0.769 0.727 0.642 2 * 3 5
3.5 0.879 0.838 0.758 2 * 3 5
4.0 0.786 0.841 0.580 3 * 3 5 7
4.5 0.699 0.764 0.619 2 * 4 7
5.0 0.969 0.969 0.962 3 * 3 5 7
5.5 0.980 0.980 0.976 3 * 3 5 7
6.0 0.986 0.986 0.984 3 * 3 5 7
6.5 0.992 0.992 0.991 3 * 3 5 7
7.0 0.994 0.994 0.993 3 * 3 5 7
7.5 0.995 0.995 0.994 3 * 3 5 7
8.0 0.997 0.997 0.997 3 * 3 5 7
8.5 0.998 0.998 0.998 3 * 3 5 7
9.0 0.999 0.999 0.999 3 * 3 5 7
9.5 0.999 0.999 0.999 3 * 3 5 7
10.0 0.999 0.999 0.999 3 * 3 5 7
0.5 0.000 0.000 0.000 1 * 1
1.0 0.065 0.034 0.019 1 * 2
1.5 0.555 0.400 0.322 1 * 3
2.0 0.717 0.538 0.449 1 * 3
2.5 0.560 0.555 0.554 1 * 4
3.0 0.762 0.719 0.633 2 * 3 5
3.5 0.887 0.848 0.769 2 * 3 5
4.0 0.788 0.843 0.578 3 * 3 5 7
4.5 0.678 0.751 0.887 2 * 2 7
5.0 0.971 0.971 0.964 3 * 3 5 7
5.5 0.983 0.983 0.979 3 * 3 5 7
6.0 0.986 0.986 0.983 3 * 3 5 7
6.5 0.992 0.992 0.990 3 * 3 5 7
7.0 0.995 0.995 0.994 3 * 3 5 7
7.5 0.996 0.996 0.996 3 * 3 5 7
8.0 0.998 0.998 0.997 3 * 3 5 7
8.5 0.998 0.998 0.998 3 * 3 5 7
9.0 0.998 0.998 0.998 3 * 3 5 7
9.5 0.999 0.999 0.999 3 * 3 5 7
10.0 0.999 0.999 0.999 3 * 3 5 7
0.5 0.000 0.000 0.000 1 * 1
1.0 0.000 0.000 0.000 1 * 1
1.5 0.535 0.388 0.314 1 * 3
2.0 0.714 0.536 0.447 1 * 3
2.5 0.639 0.593 0.501 2 * 3 5
3.0 0.769 0.727 0.642 2 * 3 5
3.5 0.898 0.859 0.780 2 * 3 5
4.0 0.517 0.533 0.565 2 * 2 7
4.5 0.957 0.957 0.949 3 * 3 5 7
5.0 0.871 0.935 0.665 3 * 3 5 7
5.5 0.979 0.979 0.974 3 * 3 5 7
6.0 0.988 0.988 0.985 3 * 3 5 7
6.5 0.992 0.992 0.990 3 * 3 5 7
7.0 0.994 0.994 0.993 3 * 3 5 7
7.5 0.996 0.996 0.996 3 * 3 5 7
8.0 0.997 0.997 0.997 3 * 3 5 7
8.5 0.998 0.998 0.998 3 * 3 5 7
9.0 0.999 0.999 0.998 3 * 3 5 7
9.5 0.999 0.999 0.999 3 * 3 5 7
10.0 0.999 0.999 0.999 3 * 3 5 7
0.5 0.000 0.000 0.000 1 * 1
1.0 0.000 0.000 0.000 1 * 1
1.5 0.552 0.398 0.320 1 * 3
2.0 0.728 0.546 0.456 1 * 3
2.5 0.636 0.590 0.497 2 * 3 5
3.0 0.760 0.718 0.634 2 * 3 5
3.5 0.885 0.845 0.765 2 * 3 5
4.0 0.782 0.839 0.573 3 * 3 5 7
4.5 0.953 0.916 0.938 2 * 3 7
5.0 0.970 0.970 0.964 3 * 3 5 7
5.5 0.981 0.981 0.976 3 * 3 5 7
6.0 0.987 0.987 0.985 3 * 3 5 7
6.5 0.991 0.991 0.990 3 * 3 5 7
7.0 0.994 0.994 0.993 3 * 3 5 7
7.5 0.996 0.996 0.995 3 * 3 5 7
8.0 0.997 0.997 0.997 3 * 3 5 7
8.5 0.999 0.999 0.999 3 * 3 5 7
9.0 0.999 0.999 0.998 3 * 3 5 7
9.5 1.000 1.000 1.000 3 * 3 5 7
10.0 0.999 0.999 0.999 3 * 3 5 7
0.5 0.000 0.000 0.000 1 * 1
1.0 0.000 0.000 0.000 1 * 1
1.5 0.538 0.387 0.311 1 * 3
2.0 0.714 0.533 0.442 1 * 3
2.5 0.568 0.537 0.488 1 * 4
3.0 0.772 0.729 0.644 2 * 3 5
3.5 0.884 0.845 0.766 2 * 3 5
4.0 0.691 0.822 0.324 3 * 3 6 8
4.5 0.830 0.884 0.636 3 * 3 5 7
5.0 0.971 0.971 0.966 3 * 3 5 7
5.5 0.982 0.982 0.978 3 * 3 5 7
6.0 0.987 0.987 0.984 3 * 3 5 7
6.5 0.991 0.991 0.990 3 * 3 5 7
7.0 0.994 0.994 0.992 3 * 3 5 7
7.5 0.996 0.996 0.996 3 * 3 5 7
8.0 0.998 0.998 0.998 3 * 3 5 7
8.5 0.998 0.998 0.998 3 * 3 5 7
9.0 0.999 0.999 0.998 3 * 3 5 7
9.5 0.999 0.999 0.999 3 * 3 5 7
10.0 1.000 1.000 1.000 3 * 3 5 7
0.5 0.000 0.000 0.000 1 * 1
1.0 0.000 0.000 0.000 1 * 1
1.5 0.540 0.389 0.313 1 * 3
2.0 0.720 0.544 0.456 1 * 3
2.5 0.642 0.593 0.495 2 * 3 5
3.0 0.769 0.727 0.643 2 * 3 5
3.5 0.883 0.843 0.761 2 * 3 5
4.0 0.814 0.750 0.579 2 * 3 6
4.5 0.799 0.749 0.649 2 * 3 7
5.0 0.970 0.970 0.964 3 * 3 5 7
5.5 0.980 0.980 0.976 3 * 3 5 7
6.0 0.984 0.984 0.982 3 * 3 5 7
6.5 0.990 0.990 0.988 3 * 3 5 7
7.0 0.995 0.995 0.994 3 * 3 5 7
7.5 0.995 0.995 0.994 3 * 3 5 7
8.0 0.998 0.998 0.997 3 * 3 5 7
8.5 0.998 0.998 0.998 3 * 3 5 7
9.0 0.999 0.999 0.999 3 * 3 5 7
9.5 0.999 0.999 0.999 3 * 3 5 7
10.0 0.999 0.999 0.999 3 * 3 5 7
0.5 0.000 0.000 0.000 1 * 1
1.0 0.000 0.000 0.000 1 * 1
1.5 0.570 0.413 0.333 1 * 3
2.0 0.730 0.549 0.458 1 * 3
2.5 0.649 0.604 0.514 2 * 3 5
3.0 0.769 0.726 0.640 2 * 3 5
3.5 0.886 0.846 0.768 2 * 3 5
4.0 0.812 0.749 0.575 2 * 3 6
4.5 0.706 0.770 0.628 2 * 4 7
5.0 0.969 0.969 0.963 3 * 3 5 7
5.5 0.981 0.981 0.977 3 * 3 5 7
6.0 0.987 0.987 0.984 3 * 3 5 7
6.5 0.991 0.991 0.990 3 * 3 5 7
7.0 0.992 0.992 0.991 3 * 3 5 7
7.5 0.996 0.996 0.995 3 * 3 5 7
8.0 0.997 0.997 0.997 3 * 3 5 7
8.5 0.998 0.998 0.998 3 * 3 5 7
9.0 0.998 0.998 0.998 3 * 3 5 7
9.5 0.999 0.999 0.999 3 * 3 5 7
10.0 0.999 0.999 0.999 3 * 3 5 7
0.5 0.000 0.000 0.000 1 * 1
1.0 0.000 0.000 0.000 1 * 1
1.5 0.551 0.398 0.322 1 * 3
2.0 0.726 0.546 0.455 1 * 3
2.5 0.570 0.538 0.498 1 * 4
3.0 0.779 0.736 0.651 2 * 3 5
3.5 0.873 0.833 0.755 2 * 3 5
4.0 0.818 0.800 0.767 2 * 3 6
4.5 0.830 0.884 0.638 3 * 3 5 7
5.0 0.971 0.971 0.965 3 * 3 5 7
5.5 0.980 0.980 0.976 3 * 3 5 7
6.0 0.887 0.950 0.680 3 * 3 5 7
6.5 0.992 0.992 0.990 3 * 3 5 7
7.0 0.993 0.993 0.991 3 * 3 5 7
7.5 0.996 0.996 0.995 3 * 3 5 7
8.0 0.997 0.997 0.996 3 * 3 5 7
8.5 0.998 0.998 0.998 3 * 3 5 7
9.0 0.999 0.999 0.999 3 * 3 5 7
9.5 0.999 0.999 0.999 3 * 3 5 7
10.0 0.999 0.999 0.999 3 * 3 5 7
0.5 0.000 0.000 0.000 1 * 1
1.0 0.000 0.000 0.000 1 * 1
1.5 0.555 0.398 0.319 1 * 3
2.0 0.718 0.539 0.449 1 * 3
2.5 0.548 0.542 0.548 1 * 4
3.0 0.772 0.729 0.644 2 * 3 5
3.5 0.882 0.843 0.766 2 * 3 5
4.0 0.721 0.665 0.544 2 * 3 7
4.5 0.918 0.918 0.904 3 * 3 5 7
5.0 0.971 0.971 0.964 3 * 3 5 7
5.5 0.981 0.981 0.976 3 * 3 5 7
6.0 0.988 0.988 0.986 3 * 3 5 7
6.5 0.992 0.992 0.990 3 * 3 5 7
7.0 0.995 0.995 0.994 3 * 3 5 7
7.5 0.996 0.996 0.995 3 * 3 5 7
8.0 0.997 0.997 0.996 3 * 3 5 7
8.5 0.999 0.999 0.999 3 * 3 5 7
9.0 0.999 0.999 0.998 3 * 3 5 7
9.5 0.999 0.999 0.999 3 * 3 5 7
10.0 0.999 0.999 0.999 3 * 3 5 7
0.5 0.000 0.000 0.000 1 * 1
1.0 0.000 0.000 0.000 1 * 1
1.5 0.561 0.402 0.323 1 * 3
2.0 0.727 0.548 0.458 1 * 3
2.5 0.565 0.548 0.523 1 * 4
3.0 0.785 0.744 0.662 2 * 3 5
3.5 0.862 0.822 0.743 2 * 3 5
4.0 0.527 0.544 0.579 2 * 2 7
4.5 0.775 0.723 0.617 2 * 3 7
5.0 0.969 0.932 0.961 2 * 3 7
5.5 0.981 0.981 0.978 3 * 3 5 7
6.0 0.987 0.987 0.984 3 * 3 5 7
6.5 0.992 0.992 0.991 3 * 3 5 7
7.0 0.994 0.994 0.993 3 * 3 5 7
7.5 0.996 0.996 0.995 3 * 3 5 7
8.0 0.997 0.997 0.997 3 * 3 5 7
8.5 0.998 0.998 0.998 3 * 3 5 7
9.0 0.999 0.999 0.999 3 * 3 5 7
9.5 0.999 0.999 0.999 3 * 3 5 7
10.0 1.000 1.000 1.000 3 * 3 5 7
0.5 0.000 0.000 0.000 1 * 1
1.0 0.128 0.044 0.002 1 * 2
1.5 0.554 0.396 0.318 1 * 3
2.0 0.721 0.545 0.457 1 * 3
2.5 0.384 0.382 0.354 2 * 2 5
3.0 0.769 0.727 0.643 2 * 3 5
3.5 0.880 0.840 0.760 2 * 3 5
4.0 0.736 0.737 0.583 2 * 5 7
4.5 0.931 0.931 0.918 3 * 3 5 7
5.0 0.972 0.972 0.966 3 * 3 5 7
5.5 0.981 0.981 0.978 3 * 3 5 7
6.0 0.984 0.984 0.981 3 * 3 5 7
6.5 0.991 0.991 0.989 3 * 3 5 7
7.0 0.995 0.995 0.993 3 * 3 5 7
7.5 0.996 0.996 0.995 3 * 3 5 7
8.0 0.998 0.998 0.997 3 * 3 5 7
8.5 0.999 0.999 0.999 3 * 3 5 7
9.0 0.999 0.999 0.999 3 * 3 5 7
9.5 0.999 0.999 0.999 3 * 3 5 7
10.0 0.999 0.999 0.999 3 * 3 5 7
0.5 0.000 0.000 0.000 1 * 1
1.0 0.000 0.000 0.000 1 * 1
1.5 0.540 0.391 0.316 1 * 3
2.0 0.729 0.549 0.459 1 * 3
2.5 0.542 0.511 0.456 1 * 4
3.0 0.782 0.739 0.653 2 * 3 5
3.5 0.899 0.859 0.779 2 * 3 5
4.0 0.801 0.858 0.602 3 * 3 5 7
4.5 0.838 0.894 0.643 3 * 3 5 7
5.0 0.972 0.972 0.966 3 * 3 5 7
5.5 0.981 0.981 0.978 3 * 3 5 7
6.0 0.989 0.989 0.986 3 * 3 5 7
6.5 0.991 0.991 0.989 3 * 3 5 7
7.0 0.993 0.993 0.992 3 * 3 5 7
7.5 0.995 0.995 0.995 3 * 3 5 7
8.0 0.997 0.997 0.997 3 * 3 5 7
8.5 0.998 0.998 0.998 3 * 3 5 7
9.0 0.999 0.999 0.999 3 * 3 5 7
9.5 0.999 0.999 0.999 3 * 3 5 7
10.0 1.000 1.000 1.000 3 * 3 5 7
