0.5 0.000 0.000 0.000 1 * 1
1.0 0.000 0.000 0.000 1 * 1
1.5 0.563 0.406 0.328 1 * 3
2.0 0.728 0.545 0.453 1 * 3
2.5 0.579 0.575 0.579 1 * 4
3.0 0.780 0.738 0.654 2 * 3 5
3.5 0.887 0.847 0.769 2 * 3 5
4.0 0.788 0.842 0.591 3 * 3 5 7
4.5 0.785 0.731 0.624 2 * 3 7
5.0 0.971 0.971 0.966 3 * 3 5 7
5.5 0.978 0.978 0.974 3 * 3 5 7
6.0 0.987 0.987 0.985 3 * 3 5 7
6.5 0.992 0.992 0.990 3 * 3 5 7
7.0 0.993 0.993 0.992 3 * 3 5 7
7.5 0.996 0.996 0.995 3 * 3 5 7
8.0 0.997 0.997 0.997 3 * 3 5 7
8.5 0.998 0.998 0.998 3 * 3 5 7
9.0 0.999 0.999 0.999 3 * 3 5 7
9.5 0.999 0.999 0.999 3 * 3 5 7
10.0 1.000 1.000 0.999 3 * 3 5 7
0.5 0.000 0.000 0.000 1 * 1
1.0 0.000 0.000 0.000 1 * 1
1.5 0.539 0.391 0.316 1 * 3
2.0 0.699 0.523 0.435 1 * 3
2.5 0.542 0.530 0.513 1 * 4
3.0 0.755 0.713 0.628 2 * 3 5
3.5 0.893 0.854 0.774 2 * 3 5
4.0 0.734 0.674 0.555 2 * 3 7
4.5 0.822 0.883 0.620 3 * 3 5 7
5.0 0.971 0.971 0.965 3 * 3 5 7
5.5 0.979 0.979 0.975 3 * 3 5 7
6.0 0.987 0.987 0.984 3 * 3 5 7
6.5 0.624 0.701 0.787 2 * 2 7
7.0 0.994 0.994 0.993 3 * 3 5 7
7.5 0.997 0.997 0.996 3 * 3 5 7
8.0 0.997 0.997 0.997 3 * 3 5 7
8.5 0.998 0.998 0.998 3 * 3 5 7
9.0 0.999 0.999 0.999 3 * 3 5 7
9.5 0.999 0.999 0.999 3 * 3 5 7
10.0 1.000 1.000 0.999 3 * 3 5 7
0.5 0.000 0.000 0.000 1 * 1
1.0 0.127 0.057 0.023 1 * 2
1.5 0.536 0.382 0.304 1 * 3
2.0 0.734 0.553 0.463 1 * 3
2.5 0.625 0.576 0.477 2 * 3 5
3.0 0.788 0.746 0.661 2 * 3 5
3.5 0.698 0.604 0.665 1 * 6
4.0 0.781 0.836 0.570 3 * 3 5 7
4.5 0.934 0.934 0.922 3 * 3 5 7
5.0 0.957 0.920 0.949 2 * 3 7
5.5 0.981 0.981 0.977 3 * 3 5 7
6.0 0.988 0.988 0.986 3 * 3 5 7
6.5 0.992 0.992 0.991 3 * 3 5 7
7.0 0.994 0.994 0.993 3 * 3 5 7
7.5 0.996 0.996 0.996 3 * 3 5 7
8.0 0.997 0.997 0.997 3 * 3 5 7
8.5 0.998 0.998 0.997 3 * 3 5 7
9.0 0.999 0.999 0.999 3 * 3 5 7
9.5 0.999 0.999 0.999 3 * 3 5 7
10.0 0.999 0.999 0.999 3 * 3 5 7
0.5 0.000 0.000 0.000 1 * 1
1.0 0.000 0.000 0.000 1 * 1
1.5 0.520 0.369 0.293 1 * 3
2.0 0.728 0.547 0.454 1 * 3
2.5 0.636 0.588 0.491 2 * 3 5
3.0 0.773 0.729 0.641 2 * 3 5
3.5 0.891 0.852 0.773 2 * 3 5
4.0 0.786 0.837 0.568 3 * 3 5 7
4.5 0.708 0.767 0.633 2 * 4 7
5.0 0.591 0.651 0.732 2 * 2 7
5.5 0.982 0.982 0.978 3 * 3 5 7
6.0 0.987 0.987 0.984 3 * 3 5 7
6.5 0.991 0.991 0.989 3 * 3 5 7
7.0 0.994 0.994 0.993 3 * 3 5 7
7.5 0.997 0.997 0.996 3 * 3 5 7
8.0 0.998 0.998 0.998 3 * 3 5 7
8.5 0.998 0.998 0.998 3 * 3 5 7
9.0 0.999 0.999 0.999 3 * 3 5 7
9.5 0.999 0.999 0.999 3 * 3 5 7
10.0 0.999 0.999 0.999 3 * 3 5 7
0.5 0.000 0.000 0.000 1 * 1
1.0 0.000 0.000 0.000 1 * 1
1.5 0.559 0.404 0.327 1 * 3
2.0 0.727 0.545 0.454 1 * 3
2.5 0.615 0.569 0.475 2 * 3 5
3.0 0.757 0.714 0.628 2 * 3 5
3.5 0.890 0.850 0.769 2 * 3 5
4.0 0.845 0.824 0.796 2 * 3 6
4.5 0.914 0.914 0.901 3 * 3 5 7
5.0 0.974 0.974 0.969 3 * 3 5 7
5.5 0.981 0.981 0.978 3 * 3 5 7
6.0 0.986 0.986 0.984 3 * 3 5 7
6.5 0.991 0.991 0.989 3 * 3 5 7
7.0 0.995 0.995 0.993 3 * 3 5 7
7.5 0.996 0.996 0.995 3 * 3 5 7
8.0 0.997 0.997 0.997 3 * 3 5 7
8.5 0.998 0.998 0.998 3 * 3 5 7
9.0 0.998 0.998 0.998 3 * 3 5 7
9.5 0.999 0.999 0.999 3 * 3 5 7
10.0 1.000 1.000 1.000 3 * 3 5 7
0.5 0.000 0.000 0.000 1 * 1
1.0 0.140 0.093 0.069 1 * 2
1.5 0.556 0.403 0.327 1 * 3
2.0 0.718 0.541 0.453 1 * 3
2.5 0.636 0.586 0.486 2 * 3 5
3.0 0.782 0.739 0.652 2 * 3 5
3.5 0.883 0.844 0.765 2 * 3 5
4.0 0.522 0.537 0.566 2 * 2 7
4.5 0.828 0.886 0.632 3 * 3 5 7
5.0 0.967 0.967 0.960 3 * 3 5 7
5.5 0.983 0.983 0.980 3 * 3 5 7
6.0 0.988 0.988 0.985 3 * 3 5 7
6.5 0.991 0.991 0.990 3 * 3 5 7
7.0 0.994 0.994 0.993 3 * 3 5 7
7.5 0.996 0.996 0.995 3 * 3 5 7
8.0 0.997 0.997 0.996 3 * 3 5 7
8.5 0.998 0.998 0.997 3 * 3 5 7
9.0 0.999 0.999 0.999 3 * 3 5 7
9.5 0.999 0.999 0.999 3 * 3 5 7
10.0 0.999 0.999 0.999 3 * 3 5 7
0.5 0.000 0.000 0.000 1 * 1
1.0 0.000 0.000 0.000 1 * 1
1.5 0.538 0.388 0.313 1 * 3
2.0 0.721 0.540 0.449 1 * 3
2.5 0.628 0.580 0.485 2 * 3 5
3.0 0.798 0.756 0.673 2 * 3 5
3.5 0.885 0.845 0.765 2 * 3 5
4.0 0.779 0.826 0.576 3 * 3 5 7
4.5 0.793 0.741 0.636 2 * 3 7
5.0 0.970 0.970 0.962 3 * 3 5 7
5.5 0.981 0.981 0.977 3 * 3 5 7
6.0 0.987 0.987 0.985 3 * 3 5 7
6.5 0.993 0.993 0.992 3 * 3 5 7
7.0 0.994 0.994 0.993 3 * 3 5 7
7.5 0.996 0.996 0.995 3 * 3 5 7
8.0 0.998 0.998 0.997 3 * 3 5 7
8.5 0.998 0.998 0.998 3 * 3 5 7
9.0 0.999 0.999 0.998 3 * 3 5 7
9.5 0.999 0.999 0.999 3 * 3 5 7
10.0 1.000 1.000 0.999 3 * 3 5 7
0.5 0.000 0.000 0.000 1 * 1
1.0 0.000 0.000 0.000 1 * 1
1.5 0.558 0.406 0.329 1 * 3
2.0 0.728 0.548 0.458 1 * 3
2.5 0.631 0.585 0.493 2 * 3 5
3.0 0.776 0.734 0.650 2 * 3 5
3.5 0.888 0.850 0.772 2 * 3 5
4.0 0.792 0.847 0.588 3 * 3 5 7
4.5 0.889 0.889 0.871 3 * 3 5 7
5.0 0.957 0.957 0.947 3 * 3 5 7
5.5 0.981 0.981 0.977 3 * 3 5 7
6.0 0.986 0.986 0.983 3 * 3 5 7
6.5 0.991 0.991 0.989 3 * 3 5 7
7.0 0.995 0.995 0.994 3 * 3 5 7
7.5 0.997 0.997 0.996 3 * 3 5 7
8.0 0.998 0.998 0.997 3 * 3 5 7
8.5 0.915 0.961 0.746 3 * 3 5 7
9.0 0.999 0.999 0.999 3 * 3 5 7
9.5 0.999 0.999 0.999 3 * 3 5 7
10.0 1.000 1.000 1.000 3 * 3 5 7
0.5 0.000 0.000 0.000 1 * 1
1.0 0.000 0.000 0.000 1 * 1
1.5 0.550 0.395 0.316 1 * 3
2.0 0.715 0.536 0.447 1 * 3
2.5 0.614 0.563 0.462 2 * 3 5
3.0 0.776 0.733 0.647 2 * 3 5
3.5 0.562 0.621 0.691 2 * 2 6
4.0 0.801 0.854 0.607 3 * 3 5 7
4.5 0.781 0.730 0.627 2 * 3 7
5.0 0.970 0.970 0.964 3 * 3 5 7
5.5 0.979 0.979 0.975 3 * 3 5 7
6.0 0.987 0.987 0.984 3 * 3 5 7
6.5 0.994 0.994 0.992 3 * 3 5 7
7.0 0.993 0.993 0.992 3 * 3 5 7
7.5 0.996 0.996 0.995 3 * 3 5 7
8.0 0.997 0.997 0.997 3 * 3 5 7
8.5 0.998 0.998 0.997 3 * 3 5 7
9.0 0.999 0.999 0.998 3 * 3 5 7
9.5 0.999 0.999 0.999 3 * 3 5 7
10.0 1.000 1.000 1.000 3 * 3 5 7
0.5 0.001 0.001 0.001 1 * 2
1.0 0.108 0.096 0.090 1 * 2
1.5 0.526 0.374 0.297 1 * 3
2.0 0.721 0.543 0.454 1 * 3
2.5 0.646 0.599 0.506 2 * 3 5
3.0 0.780 0.738 0.653 2 * 3 5
3.5 0.785 0.722 0.555 2 * 3 6
4.0 0.782 0.836 0.567 3 * 3 5 7
4.5 0.925 0.925 0.913 3 * 3 5 7
5.0 0.875 0.936 0.673 3 * 3 5 7
5.5 0.982 0.945 0.977 2 * 3 7
6.0 0.988 0.988 0.986 3 * 3 5 7
6.5 0.992 0.992 0.991 3 * 3 5 7
7.0 0.994 0.994 0.993 3 * 3 5 7
7.5 0.995 0.995 0.994 3 * 3 5 7
8.0 0.997 0.997 0.996 3 * 3 5 7
8.5 0.998 0.998 0.998 3 * 3 5 7
9.0 0.999 0.999 0.999 3 * 3 5 7
9.5 0.999 0.999 0.999 3 * 3 5 7
10.0 0.999 0.999 0.999 3 * 3 5 7
0.5 0.000 0.000 0.000 1 * 1
1.0 0.123 0.065 0.035 1 * 2
1.5 0.547 0.393 0.316 1 * 3
2.0 0.717 0.537 0.447 1 * 3
2.5 0.646 0.598 0.502 2 * 3 5
3.0 0.777 0.735 0.650 2 * 3 5
3.5 0.563 0.576 0.604 2 * 2 6
4.0 0.793 0.850 0.589 3 * 3 5 7
4.5 0.887 0.887 0.873 3 * 3 5 7
5.0 0.970 0.970 0.964 3 * 3 5 7
5.5 0.980 0.980 0.976 3 * 3 5 7
6.0 0.986 0.986 0.984 3 * 3 5 7
6.5 0.992 0.992 0.990 3 * 3 5 7
7.0 0.993 0.993 0.992 3 * 3 5 7
7.5 0.997 0.997 0.996 3 * 3 5 7
8.0 0.997 0.997 0.997 3 * 3 5 7
8.5 0.999 0.999 0.998 3 * 3 5 7
9.0 0.999 0.999 0.998 3 * 3 5 7
9.5 0.999 0.999 0.999 3 * 3 5 7
10.0 0.999 0.999 0.999 3 * 3 5 7
0.5 0.000 0.000 0.000 1 * 1
1.0 0.000 0.000 0.000 1 * 1
1.5 0.557 0.401 0.322 1 * 3
2.0 0.723 0.546 0.457 1 * 3
2.5 0.629 0.580 0.482 2 * 3 5
3.0 0.769 0.726 0.639 2 * 3 5
3.5 0.781 0.719 0.554 2 * 3 6
4.0 0.830 0.812 0.776 2 * 3 6
4.5 0.835 0.892 0.638 3 * 3 5 7
5.0 0.970 0.970 0.964 3 * 3 5 7
5.5 0.979 0.979 0.975 3 * 3 5 7
6.0 0.987 0.987 0.985 3 * 3 5 7
6.5 0.991 0.991 0.990 3 * 3 5 7
7.0 0.994 0.994 0.993 3 * 3 5 7
7.5 0.995 0.995 0.995 3 * 3 5 7
8.0 0.997 0.997 0.997 3 * 3 5 7
8.5 0.998 0.998 0.998 3 * 3 5 7
9.0 0.999 0.999 0.999 3 * 3 5 7
9.5 0.999 0.999 0.999 3 * 3 5 7
10.0 0.999 0.999 0.999 3 * 3 5 7
0.5 0.000 0.000 0.000 1 * 1
1.0 0.000 0.000 0.000 1 * 1
1.5 0.552 0.399 0.322 1 * 3
2.0 0.717 0.539 0.450 1 * 3
2.5 0.547 0.467 0.479 1 * 5
3.0 0.792 0.750 0.665 2 * 3 5
3.5 0.874 0.833 0.753 2 * 3 5
4.0 0.783 0.839 0.577 3 * 3 5 7
4.5 0.914 0.876 0.896 2 * 3 7
5.0 0.967 0.967 0.961 3 * 3 5 7
5.5 0.982 0.982 0.978 3 * 3 5 7
6.0 0.860 0.841 0.807 2 * 3 7
6.5 0.992 0.992 0.991 3 * 3 5 7
7.0 0.994 0.994 0.994 3 * 3 5 7
7.5 0.995 0.995 0.995 3 * 3 5 7
8.0 0.998 0.998 0.997 3 * 3 5 7
8.5 0.998 0.998 0.998 3 * 3 5 7
9.0 0.999 0.999 0.998 3 * 3 5 7
9.5 0.999 0.999 0.999 3 * 3 5 7
10.0 1.000 1.000 1.000 3 * 3 5 7
0.5 0.000 0.000 0.000 1 * 1
1.0 0.086 0.086 0.086 1 * 2
1.5 0.550 0.399 0.323 1 * 3
2.0 0.717 0.542 0.455 1 * 3
2.5 0.551 0.525 0.489 1 * 4
3.0 0.779 0.736 0.649 2 * 3 5
3.5 0.778 0.716 0.542 2 * 3 6
4.0 0.775 0.831 0.570 3 * 3 5 7
4.5 0.551 0.575 0.622 2 * 2 7
5.0 0.959 0.959 0.952 3 * 3 5 7
5.5 0.981 0.981 0.978 3 * 3 5 7
6.0 0.987 0.987 0.984 3 * 3 5 7
6.5 0.993 0.993 0.991 3 * 3 5 7
7.0 0.994 0.994 0.992 3 * 3 5 7
7.5 0.996 0.996 0.995 3 * 3 5 7
8.0 0.998 0.998 0.998 3 * 3 5 7
8.5 0.998 0.998 0.998 3 * 3 5 7
9.0 0.999 0.999 0.999 3 * 3 5 7
9.5 0.999 0.999 0.999 3 * 3 5 7
10.0 0.999 0.999 0.999 3 * 3 5 7
0.5 0.000 0.000 0.000 1 * 1
1.0 0.000 0.000 0.000 1 * 1
1.5 0.575 0.418 0.340 1 * 3
2.0 0.730 0.550 0.460 1 * 3
2.5 0.550 0.541 0.537 1 * 4
3.0 0.779 0.736 0.651 2 * 3 5
3.5 0.774 0.712 0.545 2 * 3 6
4.0 0.606 0.680 0.756 2 * 2 6
4.5 0.872 0.872 0.856 3 * 3 5 7
5.0 0.970 0.970 0.962 3 * 3 5 7
5.5 0.979 0.979 0.974 3 * 3 5 7
6.0 0.986 0.949 0.983 2 * 3 7
6.5 0.993 0.993 0.992 3 * 3 5 7
7.0 0.994 0.994 0.993 3 * 3 5 7
7.5 0.996 0.996 0.995 3 * 3 5 7
8.0 0.997 0.997 0.997 3 * 3 5 7
8.5 0.914 0.961 0.744 3 * 3 5 7
9.0 0.998 0.998 0.998 3 * 3 5 7
9.5 0.999 0.999 0.999 3 * 3 5 7
10.0 0.999 0.999 0.999 3 * 3 5 7
0.5 0.000 0.000 0.000 1 * 1
1.0 0.000 0.000 0.000 1 * 1
1.5 0.550 0.398 0.322 1 * 3
2.0 0.717 0.537 0.445 1 * 3
2.5 0.657 0.612 0.522 2 * 3 5
3.0 0.774 0.732 0.649 2 * 3 5
3.5 0.883 0.843 0.763 2 * 3 5
4.0 0.511 0.527 0.559 2 * 2 7
4.5 0.828 0.884 0.629 3 * 3 5 7
5.0 0.969 0.969 0.962 3 * 3 5 7
5.5 0.980 0.943 0.975 2 * 3 7
6.0 0.988 0.988 0.986 3 * 3 5 7
6.5 0.991 0.991 0.990 3 * 3 5 7
7.0 0.994 0.994 0.993 3 * 3 5 7
7.5 0.997 0.997 0.996 3 * 3 5 7
8.0 0.997 0.997 0.997 3 * 3 5 7
8.5 0.998 0.961 0.998 2 * 3 7
9.0 0.999 0.999 0.998 3 * 3 5 7
9.5 0.999 0.999 0.999 3 * 3 5 7
10.0 0.999 0.999 0.999 3 * 3 5 7
0.5 0.000 0.000 0.000 1 * 1
1.0 0.000 0.000 0.000 1 * 1
1.5 0.549 0.393 0.315 1 * 3
2.0 0.719 0.540 0.451 1 * 3
2.5 0.641 0.595 0.502 2 * 3 5
3.0 0.765 0.721 0.634 2 * 3 5
3.5 0.892 0.853 0.775 2 * 3 5
4.0 0.595 0.671 0.743 2 * 2 6
4.5 0.708 0.769 0.631 2 * 4 7
5.0 0.972 0.972 0.966 3 * 3 5 7
5.5 0.981 0.981 0.977 3 * 3 5 7
6.0 0.985 0.985 0.982 3 * 3 5 7
6.5 0.991 0.991 0.988 3 * 3 5 7
7.0 0.994 0.994 0.993 3 * 3 5 7
7.5 0.996 0.996 0.996 3 * 3 5 7
8.0 0.998 0.998 0.997 3 * 3 5 7
8.5 0.998 0.998 0.998 3 * 3 5 7
9.0 0.999 0.999 0.999 3 * 3 5 7
9.5 0.999 0.999 0.999 3 * 3 5 7
10.0 0.999 0.999 0.999 3 * 3 5 7
0.5 0.000 0.000 0.000 1 * 1
1.0 0.000 0.000 0.000 1 * 1
1.5 0.300 0.208 0.161 1 * 4
2.0 0.721 0.544 0.455 1 * 3
2.5 0.545 0.539 0.537 1 * 4
3.0 0.781 0.738 0.651 2 * 3 5
3.5 0.898 0.859 0.781 2 * 3 5
4.0 0.526 0.542 0.575 2 * 2 7
4.5 0.843 0.904 0.639 3 * 3 5 7
5.0 0.971 0.971 0.964 3 * 3 5 7
5.5 0.981 0.981 0.977 3 * 3 5 7
6.0 0.987 0.987 0.985 3 * 3 5 7
6.5 0.992 0.992 0.990 3 * 3 5 7
7.0 0.994 0.994 0.993 3 * 3 5 7
7.5 0.996 0.996 0.996 3 * 3 5 7
8.0 0.998 0.998 0.998 3 * 3 5 7
8.5 0.998 0.998 0.998 3 * 3 5 7
9.0 0.998 0.998 0.998 3 * 3 5 7
9.5 0.999 0.999 0.999 3 * 3 5 7
10.0 0.999 0.999 0.999 3 * 3 5 7
0.5 0.000 0.000 0.000 1 * 1
1.0 0.000 0.000 0.000 1 * 1
1.5 0.548 0.393 0.315 1 * 3
2.0 0.732 0.555 0.466 1 * 3
2.5 0.623 0.577 0.483 2 * 3 5
3.0 0.755 0.713 0.628 2 * 3 5
3.5 0.777 0.714 0.549 2 * 3 6
4.0 0.772 0.892 0.356 3 * 3 5 7
4.5 0.837 0.891 0.650 3 * 3 5 7
5.0 0.969 0.969 0.963 3 * 3 5 7
5.5 0.981 0.981 0.977 3 * 3 5 7
6.0 0.988 0.988 0.986 3 * 3 5 7
6.5 0.992 0.992 0.990 3 * 3 5 7
7.0 0.995 0.995 0.994 3 * 3 5 7
7.5 0.996 0.996 0.996 3 * 3 5 7
8.0 0.997 0.997 0.997 3 * 3 5 7
8.5 0.999 0.999 0.998 3 * 3 5 7
9.0 0.999 0.999 0.999 3 * 3 5 7
9.5 0.999 0.999 0.999 3 * 3 5 7
10.0 0.999 0.999 0.999 3 * 3 5 7
0.5 0.000 0.000 0.000 1 * 1
1.0 0.169 0.121 0.098 1 * 2
1.5 0.572 0.415 0.336 1 * 3
2.0 0.719 0.539 0.449 1 * 3
2.5 0.389 0.394 0.367 2 * 2 5
3.0 0.786 0.743 0.657 2 * 3 5
3.5 0.879 0.840 0.761 2 * 3 5
4.0 0.836 0.818 0.783 2 * 3 6
4.5 0.941 0.941 0.929 3 * 3 5 7
5.0 0.972 0.972 0.966 3 * 3 5 7
5.5 0.982 0.982 0.979 3 * 3 5 7
6.0 0.988 0.988 0.984 3 * 3 5 7
6.5 0.992 0.992 0.990 3 * 3 5 7
7.0 0.995 0.995 0.993 3 * 3 5 7
7.5 0.995 0.995 0.994 3 * 3 5 7
8.0 0.997 0.997 0.996 3 * 3 5 7
8.5 0.998 0.998 0.997 3 * 3 5 7
9.0 0.998 0.998 0.998 3 * 3 5 7
9.5 0.999 0.999 0.998 3 * 3 5 7
10.0 0.999 0.999 0.999 3 * 3 5 7
0.5 0.000 0.000 0.000 1 * 1
1.0 0.000 0.000 0.000 1 * 1
1.5 0.558 0.402 0.323 1 * 3
2.0 0.722 0.542 0.452 1 * 3
2.5 0.558 0.478 0.491 1 * 5
3.0 0.779 0.736 0.651 2 * 3 5
3.5 0.657 0.655 0.660 2 * 4 6
4.0 0.759 0.768 0.786 2 * 4 6
4.5 0.824 0.879 0.629 3 * 3 5 7
5.0 0.970 0.970 0.964 3 * 3 5 7
5.5 0.608 0.674 0.757 2 * 2 7
6.0 0.988 0.988 0.985 3 * 3 5 7
6.5 0.991 0.991 0.990 3 * 3 5 7
7.0 0.994 0.994 0.992 3 * 3 5 7
7.5 0.995 0.995 0.995 3 * 3 5 7
8.0 0.997 0.997 0.997 3 * 3 5 7
8.5 0.998 0.998 0.997 3 * 3 5 7
9.0 0.999 0.999 0.999 3 * 3 5 7
9.5 0.999 0.999 0.999 3 * 3 5 7
10.0 1.000 1.000 1.000 3 * 3 5 7
0.5 0.000 0.000 0.000 1 * 1
1.0 0.000 0.000 0.000 1 * 1
1.5 0.569 0.411 0.331 1 * 3
2.0 0.717 0.537 0.443 1 * 3
2.5 0.556 0.553 0.549 1 * 4
3.0 0.778 0.736 0.652 2 * 3 5
3.5 0.885 0.846 0.768 2 * 3 5
4.0 0.735 0.678 0.565 2 * 3 7
4.5 0.834 0.894 0.631 3 * 3 5 7
5.0 0.972 0.972 0.965 3 * 3 5 7
5.5 0.981 0.981 0.978 3 * 3 5 7
6.0 0.988 0.988 0.985 3 * 3 5 7
6.5 0.992 0.992 0.990 3 * 3 5 7
7.0 0.993 0.993 0.992 3 * 3 5 7
7.5 0.997 0.997 0.996 3 * 3 5 7
8.0 0.997 0.997 0.996 3 * 3 5 7
8.5 0.998 0.998 0.997 3 * 3 5 7
9.0 0.999 0.999 0.998 3 * 3 5 7
9.5 0.999 0.999 0.999 3 * 3 5 7
10.0 0.999 0.999 0.999 3 * 3 5 7
0.5 0.000 0.000 0.000 1 * 1
1.0 0.000 0.000 0.000 1 * 1
1.5 0.544 0.389 0.311 1 * 3
2.0 0.724 0.543 0.453 1 * 3
2.5 0.443 0.362 0.377 1 * 6
3.0 0.769 0.726 0.641 2 * 3 5
3.5 0.891 0.852 0.774 2 * 3 5
4.0 0.938 0.899 0.822 2 * 3 5
4.5 0.863 0.823 0.841 2 * 3 7
5.0 0.969 0.969 0.963 3 * 3 5 7
5.5 0.980 0.980 0.976 3 * 3 5 7
6.0 0.988 0.988 0.985 3 * 3 5 7
6.5 0.992 0.992 0.990 3 * 3 5 7
7.0 0.994 0.994 0.993 3 * 3 5 7
7.5 0.910 0.958 0.736 3 * 3 5 7
8.0 0.998 0.998 0.997 3 * 3 5 7
8.5 0.999 0.999 0.998 3 * 3 5 7
9.0 0.998 0.998 0.998 3 * 3 5 7
9.5 0.999 0.999 0.999 3 * 3 5 7
10.0 0.999 0.999 0.999 3 * 3 5 7
0.5 0.000 0.000 0.000 1 * 1
1.0 0.000 0.000 0.000 1 * 1
1.5 0.552 0.401 0.326 1 * 3
2.0 0.722 0.543 0.454 1 * 3
2.5 0.559 0.554 0.552 1 * 4
3.0 0.780 0.737 0.650 2 * 3 5
3.5 0.781 0.721 0.547 2 * 3 6
4.0 0.784 0.838 0.581 3 * 3 5 7
4.5 0.777 0.724 0.617 2 * 3 7
5.0 0.969 0.969 0.963 3 * 3 5 7
5.5 0.981 0.981 0.977 3 * 3 5 7
6.0 0.987 0.987 0.984 3 * 3 5 7
6.5 0.992 0.992 0.990 3 * 3 5 7
7.0 0.994 0.994 0.993 3 * 3 5 7
7.5 0.995 0.995 0.995 3 * 3 5 7
8.0 0.998 0.998 0.997 3 * 3 5 7
8.5 0.999 0.999 0.998 3 * 3 5 7
9.0 0.998 0.998 0.998 3 * 3 5 7
9.5 0.999 0.999 0.999 3 * 3 5 7
10.0 1.000 1.000 1.000 3 * 3 5 7
0.5 0.000 0.000 0.000 1 * 1
1.0 0.000 0.000 0.000 1 * 1
1.5 0.540 0.385 0.307 1 * 3
2.0 0.716 0.536 0.447 1 * 3
2.5 0.628 0.580 0.484 2 * 3 5
3.0 0.791 0.749 0.666 2 * 3 5
3.5 0.889 0.850 0.772 2 * 3 5
4.0 0.782 0.837 0.577 3 * 3 5 7
4.5 0.933 0.895 0.919 2 * 3 7
5.0 0.971 0.971 0.965 3 * 3 5 7
5.5 0.981 0.981 0.978 3 * 3 5 7
6.0 0.986 0.986 0.984 3 * 3 5 7
6.5 0.991 0.991 0.990 3 * 3 5 7
7.0 0.994 0.994 0.992 3 * 3 5 7
7.5 0.996 0.996 0.995 3 * 3 5 7
8.0 0.997 0.997 0.997 3 * 3 5 7
8.5 0.998 0.998 0.998 3 * 3 5 7
9.0 0.999 0.999 0.999 3 * 3 5 7
9.5 0.999 0.999 0.999 3 * 3 5 7
10.0 0.999 0.999 0.999 3 * 3 5 7
0.5 0.000 0.000 0.000 1 * 1
1.0 0.000 0.000 0.000 1 * 1
1.5 0.535 0.387 0.313 1 * 3
2.0 0.719 0.540 0.448 1 * 3
2.5 0.607 0.557 0.458 2 * 3 5
3.0 0.788 0.744 0.656 2 * 3 5
3.5 0.886 0.846 0.767 2 * 3 5
4.0 0.733 0.676 0.561 2 * 3 7
4.5 0.836 0.896 0.633 3 * 3 5 7
5.0 0.969 0.969 0.963 3 * 3 5 7
5.5 0.978 0.978 0.974 3 * 3 5 7
6.0 0.987 0.987 0.985 3 * 3 5 7
6.5 0.991 0.991 0.989 3 * 3 5 7
7.0 0.994 0.994 0.993 3 * 3 5 7
7.5 0.996 0.996 0.995 3 * 3 5 7
8.0 0.998 0.998 0.997 3 * 3 5 7
8.5 0.998 0.998 0.998 3 * 3 5 7
9.0 0.999 0.999 0.999 3 * 3 5 7
9.5 0.999 0.999 0.999 3 * 3 5 7
10.0 0.999 0.999 0.999 3 * 3 5 7
0.5 0.000 0.000 0.000 1 * 1
1.0 0.000 0.000 0.000 1 * 1
1.5 0.545 0.392 0.315 1 * 3
2.0 0.735 0.554 0.463 1 * 3
2.5 0.561 0.559 0.561 1 * 4
3.0 0.788 0.746 0.662 2 * 3 5
3.5 0.793 0.728 0.575 2 * 3 6
4.0 0.734 0.676 0.557 2 * 3 7
4.5 0.841 0.897 0.647 3 * 3 5 7
5.0 0.970 0.970 0.965 3 * 3 5 7
5.5 0.980 0.980 0.976 3 * 3 5 7
6.0 0.988 0.988 0.986 3 * 3 5 7
6.5 0.992 0.992 0.991 3 * 3 5 7
7.0 0.994 0.994 0.993 3 * 3 5 7
7.5 0.996 0.996 0.995 3 * 3 5 7
8.0 0.998 0.998 0.997 3 * 3 5 7
8.5 0.998 0.998 0.998 3 * 3 5 7
9.0 0.999 0.999 0.999 3 * 3 5 7
9.5 0.999 0.999 0.999 3 * 3 5 7
10.0 0.999 0.999 0.999 3 * 3 5 7
0.5 0.000 0.000 0.000 1 * 1
1.0 0.000 0.000 0.000 1 * 1
1.5 0.537 0.390 0.317 1 * 3
2.0 0.721 0.540 0.449 1 * 3
2.5 0.639 0.591 0.496 2 * 3 5
3.0 0.764 0.720 0.634 2 * 3 5
3.5 0.893 0.854 0.775 2 * 3 5
4.0 0.834 0.816 0.782 2 * 3 6
4.5 0.839 0.898 0.636 3 * 3 5 7
5.0 0.970 0.970 0.964 3 * 3 5 7
5.5 0.980 0.980 0.976 3 * 3 5 7
6.0 0.988 0.988 0.985 3 * 3 5 7
6.5 0.856 0.811 0.719 2 * 3 7
7.0 0.995 0.995 0.994 3 * 3 5 7
7.5 0.996 0.996 0.995 3 * 3 5 7
8.0 0.997 0.997 0.996 3 * 3 5 7
8.5 0.998 0.998 0.998 3 * 3 5 7
9.0 0.999 0.999 0.998 3 * 3 5 7
9.5 0.999 0.999 0.999 3 * 3 5 7
10.0 1.000 1.000 1.000 3 * 3 5 7
0.5 0.000 0.000 0.000 1 * 1
1.0 0.000 0.000 0.000 1 * 1
1.5 0.554 0.399 0.322 1 * 3
2.0 0.721 0.541 0.447 1 * 3
2.5 0.634 0.589 0.497 2 * 3 5
3.0 0.774 0.731 0.645 2 * 3 5
3.5 0.882 0.842 0.763 2 * 3 5
4.0 0.798 0.798 0.775 3 * 3 5 7
4.5 0.934 0.934 0.922 3 * 3 5 7
5.0 0.826 0.774 0.671 2 * 3 7
5.5 0.981 0.981 0.977 3 * 3 5 7
6.0 0.986 0.986 0.984 3 * 3 5 7
6.5 0.992 0.992 0.991 3 * 3 5 7
7.0 0.994 0.994 0.994 3 * 3 5 7
7.5 0.996 0.996 0.995 3 * 3 5 7
8.0 0.996 0.996 0.996 3 * 3 5 7
8.5 0.998 0.998 0.997 3 * 3 5 7
9.0 0.999 0.999 0.998 3 * 3 5 7
9.5 0.999 0.999 0.999 3 * 3 5 7
10.0 1.000 1.000 1.000 3 * 3 5 7
0.5 0.000 0.000 0.000 1 * 1
1.0 0.000 0.000 0.000 1 * 1
1.5 0.562 0.410 0.333 1 * 3
2.0 0.710 0.532 0.443 1 * 3
2.5 0.632 0.586 0.493 2 * 3 5
3.0 0.792 0.750 0.665 2 * 3 5
3.5 0.878 0.838 0.760 2 * 3 5
4.0 0.515 0.532 0.565 2 * 2 7
4.5 0.839 0.894 0.646 3 * 3 5 7
5.0 0.970 0.970 0.964 3 * 3 5 7
5.5 0.981 0.981 0.977 3 * 3 5 7
6.0 0.986 0.986 0.983 3 * 3 5 7
6.5 0.990 0.990 0.988 3 * 3 5 7
7.0 0.995 0.995 0.994 3 * 3 5 7
7.5 0.996 0.996 0.995 3 * 3 5 7
8.0 0.997 0.997 0.997 3 * 3 5 7
8.5 0.998 0.998 0.997 3 * 3 5 7
9.0 0.999 0.999 0.998 3 * 3 5 7
9.5 0.999 0.999 0.999 3 * 3 5 7
10.0 0.999 0.999 0.999 3 * 3 5 7
0.5 0.000 0.000 0.000 1 * 1
1.0 0.000 0.000 0.000 1 * 1
1.5 0.552 0.399 0.322 1 * 3
2.0 0.706 0.532 0.444 1 * 3
2.5 0.626 0.580 0.487 2 * 3 5
3.0 0.770 0.728 0.644 2 * 3 5
3.5 0.877 0.838 0.759 2 * 3 5
4.0 0.819 0.753 0.589 2 * 3 6
4.5 0.819 0.876 0.622 3 * 3 5 7
5.0 0.971 0.971 0.965 3 * 3 5 7
5.5 0.980 0.980 0.976 3 * 3 5 7
6.0 0.988 0.988 0.986 3 * 3 5 7
6.5 0.991 0.991 0.990 3 * 3 5 7
7.0 0.995 0.995 0.994 3 * 3 5 7
7.5 0.997 0.997 0.996 3 * 3 5 7
8.0 0.998 0.998 0.998 3 * 3 5 7
8.5 0.998 0.998 0.998 3 * 3 5 7
9.0 0.999 0.999 0.999 3 * 3 5 7
9.5 0.999 0.999 0.999 3 * 3 5 7
10.0 0.999 0.999 0.999 3 * 3 5 7
0.5 0.000 0.000 0.000 1 * 1
1.0 0.000 0.000 0.000 1 * 1
1.5 0.554 0.401 0.324 1 * 3
2.0 0.717 0.538 0.448 1 * 3
2.5 0.648 0.600 0.506 2 * 3 5
3.0 0.773 0.730 0.644 2 * 3 5
3.5 0.879 0.840 0.762 2 * 3 5
4.0 0.775 0.893 0.365 3 * 3 5 7
4.5 0.833 0.890 0.633 3 * 3 5 7
5.0 0.973 0.973 0.967 3 * 3 5 7
5.5 0.981 0.981 0.977 3 * 3 5 7
6.0 0.988 0.988 0.986 3 * 3 5 7
6.5 0.992 0.992 0.990 3 * 3 5 7
7.0 0.994 0.994 0.992 3 * 3 5 7
7.5 0.996 0.996 0.996 3 * 3 5 7
8.0 0.997 0.997 0.997 3 * 3 5 7
8.5 0.998 0.998 0.998 3 * 3 5 7
9.0 0.999 0.999 0.999 3 * 3 5 7
9.5 0.999 0.999 0.999 3 * 3 5 7
10.0 0.999 0.999 0.999 3 * 3 5 7
0.5 0.000 0.000 0.000 1 * 1
1.0 0.000 0.000 0.000 1 * 1
1.5 0.516 0.367 0.293 1 * 3
2.0 0.714 0.534 0.444 1 * 3
2.5 0.555 0.550 0.547 1 * 4
3.0 0.775 0.732 0.648 2 * 3 5
3.5 0.890 0.850 0.771 2 * 3 5
4.0 0.768 0.823 0.558 3 * 3 5 7
4.5 0.873 0.873 0.857 3 * 3 5 7
5.0 0.971 0.971 0.965 3 * 3 5 7
5.5 0.981 0.981 0.978 3 * 3 5 7
6.0 0.987 0.987 0.984 3 * 3 5 7
6.5 0.991 0.991 0.990 3 * 3 5 7
7.0 0.994 0.994 0.992 3 * 3 5 7
7.5 0.996 0.996 0.996 3 * 3 5 7
8.0 0.998 0.998 0.998 3 * 3 5 7
8.5 0.998 0.998 0.998 3 * 3 5 7
9.0 0.998 0.998 0.998 3 * 3 5 7
9.5 0.999 0.999 0.999 3 * 3 5 7
10.0 0.800 0.962 0.456 3 * 3 6 8
0.5 0.000 0.000 0.000 1 * 1
1.0 0.129 0.086 0.065 1 * 2
1.5 0.548 0.395 0.318 1 * 3
2.0 0.724 0.545 0.456 1 * 3
2.5 0.561 0.530 0.472 1 * 4
3.0 0.770 0.728 0.643 2 * 3 5
3.5 0.887 0.847 0.768 2 * 3 5
4.0 0.816 0.751 0.585 2 * 3 6
4.5 0.876 0.876 0.861 3 * 3 5 7
5.0 0.969 0.969 0.963 3 * 3 5 7
5.5 0.980 0.980 0.976 3 * 3 5 7
6.0 0.987 0.987 0.985 3 * 3 5 7
6.5 0.992 0.992 0.990 3 * 3 5 7
7.0 0.995 0.995 0.994 3 * 3 5 7
7.5 0.996 0.996 0.996 3 * 3 5 7
8.0 0.998 0.998 0.997 3 * 3 5 7
8.5 0.998 0.998 0.998 3 * 3 5 7
9.0 0.999 0.999 0.998 3 * 3 5 7
9.5 0.999 0.999 0.999 3 * 3 5 7
10.0 0.999 0.999 0.999 3 * 3 5 7
0.5 0.000 0.000 0.000 1 * 1
1.0 0.000 0.000 0.000 1 * 1
1.5 0.509 0.359 0.284 1 * 3
2.0 0.713 0.534 0.444 1 * 3
2.5 0.657 0.611 0.518 2 * 3 5
3.0 0.779 0.738 0.655 2 * 3 5
3.5 0.885 0.845 0.766 2 * 3 5
4.0 0.763 0.709 0.600 2 * 3 7
4.5 0.829 0.880 0.638 3 * 3 5 7
5.0 0.971 0.971 0.966 3 * 3 5 7
5.5 0.980 0.980 0.977 3 * 3 5 7
6.0 0.987 0.987 0.985 3 * 3 5 7
6.5 0.990 0.990 0.989 3 * 3 5 7
7.0 0.995 0.995 0.993 3 * 3 5 7
7.5 0.997 0.997 0.997 3 * 3 5 7
8.0 0.998 0.998 0.997 3 * 3 5 7
8.5 0.997 0.997 0.997 3 * 3 5 7
9.0 0.999 0.999 0.998 3 * 3 5 7
9.5 0.999 0.999 0.999 3 * 3 5 7
10.0 0.999 0.999 0.999 3 * 3 5 7
0.5 0.000 0.000 0.000 1 * 1
1.0 0.000 0.000 0.000 1 * 1
1.5 0.571 0.414 0.335 1 * 3
2.0 0.471 0.349 0.287 1 * 4
2.5 0.538 0.521 0.497 1 * 4
3.0 0.774 0.732 0.648 2 * 3 5
3.5 0.892 0.853 0.775 2 * 3 5
4.0 0.784 0.839 0.577 3 * 3 5 7
4.5 0.795 0.740 0.632 2 * 3 7
5.0 0.962 0.962 0.955 3 * 3 5 7
5.5 0.981 0.981 0.977 3 * 3 5 7
6.0 0.988 0.988 0.986 3 * 3 5 7
6.5 0.992 0.992 0.990 3 * 3 5 7
7.0 0.994 0.994 0.992 3 * 3 5 7
7.5 0.997 0.997 0.997 3 * 3 5 7
8.0 0.997 0.997 0.996 3 * 3 5 7
8.5 0.998 0.998 0.998 3 * 3 5 7
9.0 0.999 0.999 0.998 3 * 3 5 7
9.5 0.999 0.999 0.999 3 * 3 5 7
10.0 1.000 1.000 0.999 3 * 3 5 7
0.5 0.000 0.000 0.000 1 * 1
1.0 0.000 0.000 0.000 1 * 1
1.5 0.544 0.392 0.316 1 * 3
2.0 0.718 0.539 0.450 1 * 3
2.5 0.626 0.578 0.482 2 * 3 5
3.0 0.766 0.723 0.635 2 * 3 5
3.5 0.879 0.839 0.759 2 * 3 5
4.0 0.769 0.894 0.340 3 * 3 5 7
4.5 0.785 0.731 0.624 2 * 3 7
5.0 0.879 0.936 0.681 3 * 3 5 7
5.5 0.982 0.982 0.978 3 * 3 5 7
6.0 0.986 0.986 0.983 3 * 3 5 7
6.5 0.992 0.992 0.990 3 * 3 5 7
7.0 0.995 0.995 0.994 3 * 3 5 7
7.5 0.914 0.959 0.748 3 * 3 5 7
8.0 0.998 0.998 0.997 3 * 3 5 7
8.5 0.998 0.998 0.997 3 * 3 5 7
9.0 0.999 0.999 0.999 3 * 3 5 7
9.5 0.999 0.999 0.999 3 * 3 5 7
10.0 0.999 0.999 0.999 3 * 3 5 7
0.5 0.000 0.000 0.000 1 * 1
1.0 0.000 0.000 0.000 1 * 1
1.5 0.556 0.405 0.328 1 * 3
2.0 0.719 0.541 0.451 1 * 3
2.5 0.634 0.586 0.489 2 * 3 5
3.0 0.767 0.725 0.641 2 * 3 5
3.5 0.889 0.850 0.772 2 * 3 5
4.0 0.784 0.835 0.575 3 * 3 5 7
4.5 0.767 0.821 0.907 3 * 2 5 7
5.0 0.970 0.970 0.964 3 * 3 5 7
5.5 0.979 0.979 0.976 3 * 3 5 7
6.0 0.986 0.986 0.984 3 * 3 5 7
6.5 0.990 0.990 0.988 3 * 3 5 7
7.0 0.994 0.994 0.993 3 * 3 5 7
7.5 0.996 0.996 0.995 3 * 3 5 7
8.0 0.997 0.997 0.997 3 * 3 5 7
8.5 0.998 0.998 0.998 3 * 3 5 7
9.0 0.999 0.999 0.999 3 * 3 5 7
9.5 0.999 0.999 0.999 3 * 3 5 7
10.0 0.999 0.999 0.999 3 * 3 5 7
0.5 0.000 0.000 0.000 1 * 1
1.0 0.000 0.000 0.000 1 * 1
1.5 0.535 0.382 0.306 1 * 3
2.0 0.722 0.542 0.452 1 * 3
2.5 0.661 0.616 0.525 2 * 3 5
3.0 0.769 0.726 0.641 2 * 3 5
3.5 0.874 0.835 0.757 2 * 3 5
4.0 0.740 0.745 0.756 2 * 4 6
4.5 0.829 0.887 0.634 3 * 3 5 7
5.0 0.969 0.969 0.963 3 * 3 5 7
5.5 0.979 0.979 0.975 3 * 3 5 7
6.0 0.987 0.987 0.985 3 * 3 5 7
6.5 0.993 0.993 0.991 3 * 3 5 7
7.0 0.994 0.994 0.993 3 * 3 5 7
7.5 0.995 0.995 0.995 3 * 3 5 7
8.0 0.997 0.997 0.996 3 * 3 5 7
8.5 0.998 0.998 0.998 3 * 3 5 7
9.0 0.998 0.998 0.998 3 * 3 5 7
9.5 0.999 0.999 0.999 3 * 3 5 7
10.0 0.999 0.999 0.999 3 * 3 5 7
0.5 0.000 0.000 0.000 1 * 1
1.0 0.102 0.088 0.081 1 * 2
1.5 0.543 0.391 0.312 1 * 3
2.0 0.723 0.547 0.459 1 * 3
2.5 0.633 0.586 0.492 2 * 3 5
3.0 0.782 0.739 0.653 2 * 3 5
3.5 0.886 0.847 0.767 2 * 3 5
4.0 0.780 0.833 0.575 3 * 3 5 7
4.5 0.909 0.909 0.896 3 * 3 5 7
5.0 0.968 0.968 0.960 3 * 3 5 7
5.5 0.980 0.980 0.977 3 * 3 5 7
6.0 0.987 0.987 0.985 3 * 3 5 7
6.5 0.990 0.990 0.988 3 * 3 5 7
7.0 0.994 0.994 0.994 3 * 3 5 7
7.5 0.996 0.996 0.996 3 * 3 5 7
8.0 0.997 0.997 0.997 3 * 3 5 7
8.5 0.998 0.998 0.998 3 * 3 5 7
9.0 0.998 0.998 0.998 3 * 3 5 7
9.5 0.999 0.999 0.999 3 * 3 5 7
10.0 1.000 1.000 1.000 3 * 3 5 7
0.5 0.000 0.000 0.000 1 * 1
1.0 0.000 0.000 0.000 1 * 1
1.5 0.563 0.407 0.329 1 * 3
2.0 0.716 0.534 0.443 1 * 3
2.5 0.611 0.564 0.472 2 * 3 5
3.0 0.768 0.725 0.639 2 * 3 5
3.5 0.875 0.835 0.756 2 * 3 5
4.0 0.769 0.821 0.563 3 * 3 5 7
4.5 0.832 0.891 0.627 3 * 3 5 7
5.0 0.970 0.970 0.964 3 * 3 5 7
5.5 0.980 0.980 0.977 3 * 3 5 7
6.0 0.987 0.987 0.984 3 * 3 5 7
6.5 0.990 0.990 0.988 3 * 3 5 7
7.0 0.994 0.994 0.993 3 * 3 5 7
7.5 0.996 0.996 0.995 3 * 3 5 7
8.0 0.997 0.997 0.997 3 * 3 5 7
8.5 0.998 0.998 0.998 3 * 3 5 7
9.0 0.999 0.999 0.999 3 * 3 5 7
9.5 0.999 0.999 0.999 3 * 3 5 7
10.0 1.000 1.000 1.000 3 * 3 5 7
0.5 0.000 0.000 0.000 1 * 1
1.0 0.000 0.000 0.000 1 * 1
1.5 0.555 0.400 0.323 1 * 3
2.0 0.721 0.542 0.450 1 * 3
2.5 0.630 0.581 0.483 2 * 3 5
3.0 0.766 0.723 0.637 2 * 3 5
3.5 0.893 0.853 0.774 2 * 3 5
4.0 0.797 0.859 0.585 3 * 3 5 7
4.5 0.831 0.891 0.626 3 * 3 5 7
5.0 0.784 0.763 0.725 2 * 3 7
5.5 0.981 0.981 0.978 3 * 3 5 7
6.0 0.989 0.989 0.987 3 * 3 5 7
6.5 0.992 0.992 0.990 3 * 3 5 7
7.0 0.994 0.994 0.993 3 * 3 5 7
7.5 0.996 0.996 0.995 3 * 3 5 7
8.0 0.996 0.996 0.996 3 * 3 5 7
8.5 0.997 0.997 0.997 3 * 3 5 7
9.0 0.998 0.998 0.998 3 * 3 5 7
9.5 0.999 0.999 0.999 3 * 3 5 7
10.0 0.999 0.999 0.999 3 * 3 5 7
0.5 0.000 0.000 0.000 1 * 1
1.0 0.000 0.000 0.000 1 * 1
1.5 0.550 0.401 0.327 1 * 3
2.0 0.731 0.548 0.457 1 * 3
2.5 0.520 0.500 0.459 1 * 4
3.0 0.776 0.735 0.653 2 * 3 5
3.5 0.881 0.841 0.761 2 * 3 5
4.0 0.739 0.682 0.570 2 * 3 7
4.5 0.818 0.874 0.618 3 * 3 5 7
5.0 0.958 0.958 0.950 3 * 3 5 7
5.5 0.981 0.981 0.977 3 * 3 5 7
6.0 0.985 0.985 0.983 3 * 3 5 7
6.5 0.991 0.991 0.989 3 * 3 5 7
7.0 0.994 0.957 0.993 2 * 3 7
7.5 0.997 0.997 0.996 3 * 3 5 7
8.0 0.997 0.997 0.997 3 * 3 5 7
8.5 0.998 0.998 0.997 3 * 3 5 7
9.0 0.999 0.999 0.998 3 * 3 5 7
9.5 0.999 0.999 0.998 3 * 3 5 7
10.0 1.000 1.000 1.000 3 * 3 5 7
0.5 0.000 0.000 0.000 1 * 1
1.0 0.000 0.000 0.000 1 * 1
1.5 0.544 0.392 0.316 1 * 3
2.0 0.722 0.541 0.450 1 * 3
2.5 0.561 0.529 0.488 1 * 4
3.0 0.786 0.744 0.659 2 * 3 5
3.5 0.544 0.593 0.655 2 * 2 6
4.0 0.786 0.840 0.581 3 * 3 5 7
4.5 0.797 0.743 0.636 2 * 3 7
5.0 0.875 0.936 0.672 3 * 3 5 7
5.5 0.982 0.982 0.978 3 * 3 5 7
6.0 0.986 0.986 0.982 3 * 3 5 7
6.5 0.993 0.993 0.992 3 * 3 5 7
7.0 0.994 0.994 0.993 3 * 3 5 7
7.5 0.996 0.996 0.996 3 * 3 5 7
8.0 0.996 0.996 0.996 3 * 3 5 7
8.5 0.999 0.999 0.999 3 * 3 5 7
9.0 0.998 0.998 0.998 3 * 3 5 7
9.5 0.999 0.999 0.999 3 * 3 5 7
10.0 0.999 0.999 0.999 3 * 3 5 7
0.5 0.000 0.000 0.000 1 * 1
1.0 0.094 0.042 0.015 1 * 2
1.5 0.539 0.383 0.305 1 * 3
2.0 0.713 0.535 0.446 1 * 3
2.5 0.638 0.590 0.493 2 * 3 5
3.0 0.770 0.727 0.641 2 * 3 5
3.5 0.884 0.845 0.767 2 * 3 5
4.0 0.783 0.837 0.576 3 * 3 5 7
4.5 0.868 0.868 0.853 3 * 3 5 7
5.0 0.967 0.967 0.959 3 * 3 5 7
5.5 0.980 0.980 0.976 3 * 3 5 7
6.0 0.986 0.986 0.982 3 * 3 5 7
6.5 0.992 0.992 0.990 3 * 3 5 7
7.0 0.994 0.994 0.993 3 * 3 5 7
7.5 0.996 0.996 0.996 3 * 3 5 7
8.0 0.997 0.997 0.997 3 * 3 5 7
8.5 0.998 0.998 0.998 3 * 3 5 7
9.0 0.999 0.999 0.998 3 * 3 5 7
9.5 0.999 0.999 0.999 3 * 3 5 7
10.0 0.999 0.999 0.999 3 * 3 5 7
0.5 0.005 0.004 0.004 1 * 2
1.0 0.000 0.000 0.000 1 * 1
1.5 0.526 0.374 0.296 1 * 3
2.0 0.735 0.553 0.462 1 * 3
2.5 0.627 0.578 0.479 2 * 3 5
3.0 0.767 0.724 0.638 2 * 3 5
3.5 0.879 0.839 0.758 2 * 3 5
4.0 0.611 0.690 0.770 2 * 2 6
4.5 0.832 0.891 0.632 3 * 3 5 7
5.0 0.969 0.969 0.963 3 * 3 5 7
5.5 0.980 0.980 0.975 3 * 3 5 7
6.0 0.832 0.951 0.409 3 * 3 5 7
6.5 0.992 0.992 0.990 3 * 3 5 7
7.0 0.995 0.995 0.994 3 * 3 5 7
7.5 0.996 0.996 0.995 3 * 3 5 7
8.0 0.997 0.997 0.997 3 * 3 5 7
8.5 0.998 0.998 0.998 3 * 3 5 7
9.0 0.999 0.999 0.998 3 * 3 5 7
9.5 0.999 0.999 0.999 3 * 3 5 7
10.0 1.000 1.000 0.999 3 * 3 5 7
0.5 0.000 0.000 0.000 1 * 1
1.0 0.000 0.000 0.000 1 * 1
1.5 0.540 0.386 0.306 1 * 3
2.0 0.707 0.531 0.443 1 * 3
2.5 0.489 0.431 0.409 1 * 5
3.0 0.796 0.755 0.674 2 * 3 5
3.5 0.890 0.850 0.771 2 * 3 5
4.0 0.538 0.560 0.603 2 * 2 7
4.5 0.818 0.876 0.617 3 * 3 5 7
5.0 0.967 0.967 0.961 3 * 3 5 7
5.5 0.981 0.981 0.977 3 * 3 5 7
6.0 0.989 0.989 0.986 3 * 3 5 7
6.5 0.991 0.991 0.989 3 * 3 5 7
7.0 0.994 0.994 0.993 3 * 3 5 7
7.5 0.997 0.997 0.996 3 * 3 5 7
8.0 0.997 0.997 0.997 3 * 3 5 7
8.5 0.998 0.998 0.997 3 * 3 5 7
9.0 0.999 0.999 0.999 3 * 3 5 7
9.5 1.000 1.000 0.999 3 * 3 5 7
10.0 0.999 0.999 0.999 3 * 3 5 7
0.5 0.000 0.000 0.000 1 * 1
1.0 0.000 0.000 0.000 1 * 1
1.5 0.550 0.395 0.318 1 * 3
2.0 0.717 0.538 0.447 1 * 3
2.5 0.553 0.518 0.462 1 * 4
3.0 0.767 0.725 0.642 2 * 3 5
3.5 0.786 0.726 0.552 2 * 3 6
4.0 0.740 0.685 0.575 2 * 3 7
4.5 0.899 0.899 0.884 3 * 3 5 7
5.0 0.971 0.971 0.966 3 * 3 5 7
5.5 0.982 0.982 0.978 3 * 3 5 7
6.0 0.988 0.988 0.986 3 * 3 5 7
6.5 0.992 0.992 0.991 3 * 3 5 7
7.0 0.995 0.995 0.993 3 * 3 5 7
7.5 0.996 0.996 0.996 3 * 3 5 7
8.0 0.998 0.998 0.997 3 * 3 5 7
8.5 0.998 0.961 0.998 2 * 3 7
9.0 0.998 0.998 0.998 3 * 3 5 7
9.5 0.999 0.999 0.999 3 * 3 5 7
10.0 0.999 0.999 0.999 3 * 3 5 7
0.5 0.000 0.000 0.000 1 * 1
1.0 0.120 0.044 0.005 1 * 2
1.5 0.559 0.403 0.325 1 * 3
2.0 0.732 0.553 0.464 1 * 3
2.5 0.636 0.586 0.487 2 * 3 5
3.0 0.776 0.734 0.649 2 * 3 5
3.5 0.879 0.839 0.760 2 * 3 5
4.0 0.506 0.502 0.493 2 * 2 7
4.5 0.858 0.858 0.843 3 * 3 5 7
5.0 0.970 0.970 0.963 3 * 3 5 7
5.5 0.980 0.980 0.976 3 * 3 5 7
6.0 0.889 0.948 0.696 3 * 3 5 7
6.5 0.991 0.991 0.989 3 * 3 5 7
7.0 0.995 0.995 0.994 3 * 3 5 7
7.5 0.997 0.997 0.996 3 * 3 5 7
8.0 0.997 0.997 0.996 3 * 3 5 7
8.5 0.998 0.998 0.998 3 * 3 5 7
9.0 0.999 0.999 0.999 3 * 3 5 7
9.5 0.999 0.999 0.999 3 * 3 5 7
10.0 0.999 0.999 0.999 3 * 3 5 7
0.5 0.000 0.000 0.000 1 * 1
1.0 0.000 0.000 0.000 1 * 1
1.5 0.537 0.386 0.311 1 * 3
2.0 0.731 0.551 0.462 1 * 3
2.5 0.550 0.522 0.476 1 * 4
3.0 0.775 0.732 0.646 2 * 3 5
3.5 0.885 0.844 0.762 2 * 3 5
4.0 0.786 0.837 0.577 3 * 3 5 7
4.5 0.887 0.887 0.870 3 * 3 5 7
5.0 0.970 0.970 0.964 3 * 3 5 7
5.5 0.980 0.980 0.977 3 * 3 5 7
6.0 0.988 0.988 0.986 3 * 3 5 7
6.5 0.990 0.990 0.989 3 * 3 5 7
7.0 0.906 0.956 0.732 3 * 3 5 7
7.5 0.996 0.996 0.995 3 * 3 5 7
8.0 0.997 0.997 0.997 3 * 3 5 7
8.5 0.998 0.998 0.997 3 * 3 5 7
9.0 0.999 0.999 0.999 3 * 3 5 7
9.5 0.999 0.999 0.999 3 * 3 5 7
10.0 0.999 0.999 0.999 3 * 3 5 7
