0.5 0.003 0.003 0.000 3 * 0.008 0.000 0.000
1.0 0.018 0.027 0.000 3 * 0.055 0.000 0.000
1.5 0.166 0.174 0.000 3 * 0.354 0.087 0.000
2.0 0.250 0.302 0.078 3 * 0.410 0.131 0.078
2.5 0.538 0.637 0.188 3 * 0.739 0.621 0.188
3.0 0.678 0.783 0.303 3 * 0.853 0.792 0.303
3.5 0.741 0.858 0.335 3 * 0.913 0.880 0.335
4.0 0.824 0.896 0.501 3 * 0.949 0.922 0.501
4.5 0.921 0.921 0.908 3 * 0.939 0.917 0.908
5.0 0.967 0.967 0.961 3 * 0.975 0.965 0.961
5.5 0.978 0.978 0.975 3 * 0.982 0.978 0.975
6.0 0.986 0.986 0.984 3 * 0.990 0.985 0.984
6.5 0.992 0.992 0.990 3 * 0.994 0.991 0.990
7.0 0.994 0.994 0.993 3 * 0.995 0.993 0.993
7.5 0.996 0.996 0.995 3 * 0.997 0.996 0.995
8.0 0.997 0.997 0.997 3 * 0.997 0.997 0.997
8.5 0.999 0.999 0.999 3 * 0.999 0.999 0.999
9.0 0.999 0.999 0.998 3 * 0.999 0.998 0.998
9.5 0.999 0.999 0.999 3 * 0.999 0.999 0.999
10.0 1.000 1.000 0.999 3 * 1.000 1.000 0.999
0.5 0.006 0.006 0.000 3 * 0.018 0.000 0.000
1.0 0.034 0.034 0.000 3 * 0.102 0.000 0.000
1.5 0.164 0.242 0.000 3 * 0.360 0.064 0.000
2.0 0.277 0.282 0.071 3 * 0.467 0.194 0.071
2.5 0.548 0.653 0.186 3 * 0.751 0.639 0.186
3.0 0.681 0.795 0.300 3 * 0.862 0.803 0.300
3.5 0.733 0.853 0.323 3 * 0.911 0.872 0.323
4.0 0.781 0.836 0.571 3 * 0.892 0.861 0.571
4.5 0.906 0.906 0.890 3 * 0.930 0.898 0.890
5.0 0.972 0.972 0.967 3 * 0.980 0.970 0.967
5.5 0.982 0.982 0.978 3 * 0.987 0.981 0.978
6.0 0.988 0.988 0.985 3 * 0.990 0.988 0.985
6.5 0.991 0.991 0.989 3 * 0.993 0.990 0.989
7.0 0.993 0.993 0.992 3 * 0.995 0.993 0.992
7.5 0.996 0.996 0.995 3 * 0.996 0.995 0.995
8.0 0.997 0.997 0.997 3 * 0.998 0.997 0.997
8.5 0.998 0.998 0.998 3 * 0.999 0.998 0.998
9.0 0.999 0.999 0.999 3 * 0.999 0.999 0.999
9.5 0.999 0.999 0.999 3 * 0.999 0.999 0.999
10.0 0.999 0.999 0.999 3 * 0.999 0.999 0.999
0.5 0.007 0.007 0.000 3 * 0.020 0.000 0.000
1.0 0.016 0.016 0.000 3 * 0.047 0.000 0.000
1.5 0.111 0.121 0.000 3 * 0.159 0.105 0.000
2.0 0.306 0.378 0.059 3 * 0.521 0.275 0.059
2.5 0.569 0.674 0.209 3 * 0.774 0.659 0.209
3.0 0.696 0.767 0.399 3 * 0.829 0.778 0.399
3.5 0.731 0.852 0.316 3 * 0.908 0.873 0.316
4.0 0.772 0.823 0.570 3 * 0.883 0.847 0.570
4.5 0.838 0.897 0.634 3 * 0.948 0.925 0.634
5.0 0.953 0.953 0.943 3 * 0.966 0.950 0.943
5.5 0.980 0.980 0.976 3 * 0.985 0.980 0.976
6.0 0.988 0.988 0.986 3 * 0.991 0.987 0.986
6.5 0.992 0.992 0.991 3 * 0.995 0.992 0.991
7.0 0.994 0.994 0.993 3 * 0.995 0.994 0.993
7.5 0.996 0.996 0.995 3 * 0.997 0.996 0.995
8.0 0.997 0.997 0.996 3 * 0.998 0.997 0.996
8.5 0.998 0.998 0.998 3 * 0.998 0.998 0.998
9.0 0.998 0.998 0.998 3 * 0.999 0.998 0.998
9.5 0.999 0.999 0.999 3 * 0.999 0.999 0.999
10.0 1.000 1.000 1.000 3 * 1.000 1.000 1.000
0.5 0.007 0.007 0.000 3 * 0.020 0.000 0.000
1.0 0.021 0.025 0.000 3 * 0.064 0.000 0.000
1.5 0.146 0.230 0.000 3 * 0.306 0.086 0.000
2.0 0.258 0.253 0.113 3 * 0.439 0.191 0.113
2.5 0.558 0.666 0.192 3 * 0.759 0.656 0.192
3.0 0.672 0.784 0.291 3 * 0.851 0.793 0.291
3.5 0.737 0.851 0.339 3 * 0.907 0.871 0.339
4.0 0.770 0.891 0.351 3 * 0.940 0.918 0.351
4.5 0.832 0.894 0.627 3 * 0.943 0.923 0.627
5.0 0.961 0.961 0.953 3 * 0.972 0.959 0.953
5.5 0.982 0.982 0.979 3 * 0.987 0.980 0.979
6.0 0.986 0.986 0.984 3 * 0.989 0.986 0.984
6.5 0.991 0.991 0.990 3 * 0.993 0.991 0.990
7.0 0.994 0.994 0.993 3 * 0.996 0.994 0.993
7.5 0.997 0.997 0.996 3 * 0.997 0.997 0.996
8.0 0.997 0.997 0.996 3 * 0.998 0.997 0.996
8.5 0.998 0.998 0.998 3 * 0.998 0.998 0.998
9.0 0.999 0.999 0.999 3 * 0.999 0.999 0.999
9.5 0.999 0.999 0.999 3 * 0.999 0.999 0.999
10.0 1.000 1.000 0.999 3 * 1.000 1.000 0.999
0.5 0.001 0.001 0.000 3 * 0.004 0.000 0.000
1.0 0.022 0.022 0.000 3 * 0.066 0.000 0.000
1.5 0.115 0.220 0.000 3 * 0.298 0.000 0.000
2.0 0.239 0.324 0.062 3 * 0.409 0.095 0.062
2.5 0.545 0.647 0.190 3 * 0.748 0.631 0.190
3.0 0.680 0.751 0.390 3 * 0.815 0.760 0.390
3.5 0.739 0.861 0.328 3 * 0.918 0.880 0.328
4.0 0.769 0.895 0.340 3 * 0.946 0.921 0.340
4.5 0.893 0.893 0.875 3 * 0.921 0.884 0.875
5.0 0.970 0.970 0.964 3 * 0.978 0.969 0.964
5.5 0.980 0.980 0.976 3 * 0.985 0.979 0.976
6.0 0.988 0.988 0.985 3 * 0.991 0.987 0.985
6.5 0.991 0.991 0.989 3 * 0.992 0.990 0.989
7.0 0.994 0.994 0.993 3 * 0.996 0.994 0.993
7.5 0.996 0.996 0.995 3 * 0.997 0.996 0.995
8.0 0.997 0.997 0.997 3 * 0.998 0.997 0.997
8.5 0.998 0.998 0.998 3 * 0.999 0.998 0.998
9.0 0.999 0.999 0.999 3 * 0.999 0.999 0.999
9.5 0.999 0.999 0.999 3 * 0.999 0.999 0.999
10.0 1.000 1.000 0.999 3 * 1.000 1.000 0.999
0.5 0.003 0.003 0.000 3 * 0.009 0.000 0.000
1.0 0.020 0.023 0.000 3 * 0.061 0.000 0.000
1.5 0.125 0.183 0.000 3 * 0.282 0.059 0.000
2.0 0.246 0.222 0.083 3 * 0.423 0.126 0.083
2.5 0.547 0.651 0.186 3 * 0.772 0.622 0.186
3.0 0.678 0.795 0.282 3 * 0.865 0.804 0.282
3.5 0.728 0.848 0.323 3 * 0.904 0.866 0.323
4.0 0.767 0.820 0.560 3 * 0.881 0.843 0.560
4.5 0.883 0.883 0.867 3 * 0.904 0.878 0.867
5.0 0.971 0.971 0.966 3 * 0.978 0.970 0.966
5.5 0.981 0.981 0.978 3 * 0.987 0.980 0.978
6.0 0.988 0.988 0.986 3 * 0.990 0.987 0.986
6.5 0.992 0.992 0.990 3 * 0.993 0.991 0.990
7.0 0.993 0.993 0.992 3 * 0.995 0.993 0.992
7.5 0.996 0.996 0.995 3 * 0.997 0.996 0.995
8.0 0.996 0.996 0.996 3 * 0.997 0.996 0.996
8.5 0.998 0.998 0.997 3 * 0.999 0.998 0.997
9.0 0.999 0.999 0.998 3 * 0.999 0.999 0.998
9.5 0.999 0.999 0.999 3 * 0.999 0.999 0.999
10.0 0.999 0.999 0.999 3 * 1.000 0.999 0.999
0.5 0.010 0.010 0.000 3 * 0.029 0.000 0.000
1.0 0.024 0.024 0.000 3 * 0.071 0.000 0.000
1.5 0.137 0.249 0.000 3 * 0.328 0.035 0.000
2.0 0.180 0.186 0.064 3 * 0.282 0.137 0.064
2.5 0.553 0.655 0.194 3 * 0.759 0.639 0.194
3.0 0.673 0.783 0.292 3 * 0.852 0.792 0.292
3.5 0.733 0.850 0.330 3 * 0.908 0.870 0.330
4.0 0.775 0.829 0.565 3 * 0.887 0.854 0.565
4.5 0.828 0.885 0.631 3 * 0.935 0.914 0.631
5.0 0.971 0.971 0.966 3 * 0.978 0.970 0.966
5.5 0.980 0.980 0.976 3 * 0.985 0.979 0.976
6.0 0.987 0.987 0.984 3 * 0.991 0.986 0.984
6.5 0.990 0.990 0.988 3 * 0.992 0.990 0.988
7.0 0.994 0.994 0.993 3 * 0.995 0.993 0.993
7.5 0.995 0.995 0.994 3 * 0.996 0.995 0.994
8.0 0.997 0.997 0.996 3 * 0.998 0.996 0.996
8.5 0.998 0.998 0.998 3 * 0.998 0.998 0.998
9.0 0.999 0.999 0.999 3 * 1.000 0.999 0.999
9.5 0.999 0.999 0.999 3 * 1.000 0.999 0.999
10.0 0.999 0.999 0.999 3 * 0.999 0.999 0.999
0.5 0.004 0.004 0.000 3 * 0.013 0.000 0.000
1.0 0.039 0.069 0.000 3 * 0.116 0.000 0.000
1.5 0.144 0.156 0.000 3 * 0.324 0.074 0.000
2.0 0.242 0.268 0.041 3 * 0.308 0.212 0.041
2.5 0.554 0.659 0.193 3 * 0.753 0.648 0.193
3.0 0.675 0.746 0.377 3 * 0.811 0.756 0.377
3.5 0.735 0.854 0.326 3 * 0.910 0.873 0.326
4.0 0.787 0.846 0.579 3 * 0.904 0.869 0.579
4.5 0.929 0.929 0.915 3 * 0.948 0.923 0.915
5.0 0.969 0.969 0.963 3 * 0.978 0.967 0.963
5.5 0.979 0.979 0.975 3 * 0.985 0.978 0.975
6.0 0.898 0.949 0.717 3 * 0.988 0.984 0.717
6.5 0.993 0.993 0.991 3 * 0.996 0.993 0.991
7.0 0.904 0.957 0.723 3 * 0.995 0.993 0.723
7.5 0.996 0.996 0.996 3 * 0.997 0.996 0.996
8.0 0.998 0.998 0.997 3 * 0.998 0.998 0.997
8.5 0.998 0.998 0.997 3 * 0.998 0.997 0.997
9.0 0.998 0.998 0.998 3 * 0.999 0.998 0.998
9.5 0.999 0.999 0.999 3 * 0.999 0.999 0.999
10.0 0.999 0.999 0.999 3 * 0.999 0.999 0.999
0.5 0.007 0.007 0.000 3 * 0.022 0.000 0.000
1.0 0.052 0.063 0.000 3 * 0.155 0.000 0.000
1.5 0.123 0.118 0.000 3 * 0.284 0.040 0.000
2.0 0.297 0.297 0.095 3 * 0.478 0.213 0.095
2.5 0.557 0.662 0.193 3 * 0.760 0.650 0.193
3.0 0.665 0.783 0.271 3 * 0.852 0.792 0.271
3.5 0.732 0.855 0.317 3 * 0.910 0.874 0.317
4.0 0.824 0.893 0.506 3 * 0.945 0.919 0.506
4.5 0.824 0.881 0.628 3 * 0.930 0.909 0.628
5.0 0.969 0.969 0.963 3 * 0.977 0.967 0.963
5.5 0.981 0.981 0.977 3 * 0.986 0.980 0.977
6.0 0.986 0.986 0.983 3 * 0.990 0.985 0.983
6.5 0.990 0.990 0.988 3 * 0.992 0.990 0.988
7.0 0.995 0.995 0.994 3 * 0.996 0.995 0.994
7.5 0.996 0.996 0.995 3 * 0.997 0.996 0.995
8.0 0.998 0.998 0.998 3 * 0.999 0.998 0.998
8.5 0.998 0.998 0.997 3 * 0.998 0.997 0.997
9.0 0.999 0.999 0.999 3 * 1.000 0.999 0.999
9.5 0.999 0.999 0.999 3 * 0.999 0.999 0.999
10.0 0.999 0.999 0.999 3 * 0.999 0.999 0.999
0.5 0.002 0.002 0.000 3 * 0.007 0.000 0.000
1.0 0.020 0.020 0.000 3 * 0.060 0.000 0.000
1.5 0.097 0.147 0.000 3 * 0.171 0.017 0.000
2.0 0.279 0.391 0.000 3 * 0.480 0.202 0.000
2.5 0.483 0.542 0.240 3 * 0.732 0.372 0.240
3.0 0.683 0.758 0.377 3 * 0.827 0.765 0.377
3.5 0.740 0.861 0.331 3 * 0.915 0.881 0.331
4.0 0.767 0.814 0.565 3 * 0.874 0.838 0.565
4.5 0.817 0.876 0.615 3 * 0.928 0.904 0.615
5.0 0.969 0.969 0.963 3 * 0.977 0.967 0.963
5.5 0.982 0.982 0.978 3 * 0.987 0.981 0.978
6.0 0.988 0.988 0.986 3 * 0.991 0.987 0.986
6.5 0.992 0.992 0.991 3 * 0.994 0.992 0.991
7.0 0.994 0.994 0.993 3 * 0.996 0.994 0.993
7.5 0.995 0.995 0.995 3 * 0.996 0.995 0.995
8.0 0.997 0.997 0.997 3 * 0.997 0.997 0.997
8.5 0.910 0.960 0.736 3 * 0.998 0.997 0.736
9.0 0.998 0.998 0.998 3 * 0.999 0.998 0.998
9.5 0.999 0.999 0.999 3 * 1.000 0.999 0.999
10.0 0.999 0.999 0.999 3 * 0.999 0.999 0.999
0.5 0.004 0.004 0.000 3 * 0.012 0.000 0.000
1.0 0.027 0.027 0.000 3 * 0.082 0.000 0.000
1.5 0.085 0.095 0.000 3 * 0.175 0.024 0.000
2.0 0.216 0.206 0.018 3 * 0.255 0.177 0.018
2.5 0.562 0.655 0.223 3 * 0.753 0.643 0.223
3.0 0.673 0.786 0.290 3 * 0.852 0.796 0.290
3.5 0.753 0.817 0.462 3 * 0.869 0.837 0.462
4.0 0.774 0.897 0.350 3 * 0.947 0.924 0.350
4.5 0.871 0.871 0.854 3 * 0.894 0.864 0.854
5.0 0.959 0.959 0.952 3 * 0.967 0.957 0.952
5.5 0.980 0.980 0.977 3 * 0.985 0.979 0.977
6.0 0.987 0.987 0.986 3 * 0.990 0.987 0.986
6.5 0.991 0.991 0.990 3 * 0.994 0.991 0.990
7.0 0.992 0.992 0.991 3 * 0.994 0.992 0.991
7.5 0.996 0.996 0.996 3 * 0.997 0.996 0.996
8.0 0.996 0.996 0.995 3 * 0.997 0.996 0.995
8.5 0.998 0.998 0.998 3 * 0.999 0.998 0.998
9.0 0.999 0.999 0.998 3 * 0.999 0.999 0.998
9.5 0.999 0.999 0.998 3 * 0.999 0.999 0.998
10.0 0.999 0.999 0.999 3 * 0.999 0.999 0.999
0.5 0.007 0.007 0.000 3 * 0.021 0.000 0.000
1.0 0.024 0.024 0.000 3 * 0.073 0.000 0.000
1.5 0.141 0.242 0.000 3 * 0.322 0.025 0.000
2.0 0.277 0.381 0.057 3 * 0.509 0.226 0.057
2.5 0.513 0.564 0.262 3 * 0.667 0.547 0.262
3.0 0.661 0.783 0.264 3 * 0.852 0.789 0.264
3.5 0.776 0.842 0.483 3 * 0.895 0.862 0.483
4.0 0.790 0.848 0.579 3 * 0.910 0.872 0.579
4.5 0.872 0.872 0.856 3 * 0.893 0.865 0.856
5.0 0.948 0.948 0.938 3 * 0.963 0.944 0.938
5.5 0.979 0.979 0.974 3 * 0.984 0.977 0.974
6.0 0.986 0.986 0.983 3 * 0.990 0.985 0.983
6.5 0.991 0.991 0.990 3 * 0.993 0.991 0.990
7.0 0.995 0.995 0.994 3 * 0.996 0.994 0.994
7.5 0.996 0.996 0.995 3 * 0.997 0.996 0.995
8.0 0.997 0.997 0.997 3 * 0.997 0.997 0.997
8.5 0.998 0.998 0.997 3 * 0.998 0.997 0.997
9.0 0.999 0.999 0.999 3 * 0.999 0.999 0.999
9.5 0.999 0.999 0.999 3 * 1.000 0.999 0.999
10.0 1.000 1.000 0.999 3 * 1.000 1.000 0.999
0.5 0.002 0.002 0.000 3 * 0.007 0.000 0.000
1.0 0.017 0.017 0.000 3 * 0.050 0.000 0.000
1.5 0.209 0.265 0.000 3 * 0.386 0.143 0.000
2.0 0.280 0.305 0.057 3 * 0.487 0.224 0.057
2.5 0.543 0.657 0.175 3 * 0.761 0.635 0.175
3.0 0.682 0.785 0.326 3 * 0.847 0.795 0.326
3.5 0.734 0.853 0.328 3 * 0.910 0.872 0.328
4.0 0.780 0.830 0.583 3 * 0.887 0.853 0.583
4.5 0.824 0.881 0.625 3 * 0.932 0.909 0.625
5.0 0.972 0.972 0.966 3 * 0.980 0.970 0.966
5.5 0.978 0.978 0.974 3 * 0.983 0.977 0.974
6.0 0.987 0.987 0.985 3 * 0.990 0.987 0.985
6.5 0.992 0.992 0.991 3 * 0.994 0.992 0.991
7.0 0.994 0.994 0.992 3 * 0.996 0.994 0.992
7.5 0.997 0.997 0.996 3 * 0.998 0.996 0.996
8.0 0.997 0.997 0.997 3 * 0.998 0.997 0.997
8.5 0.998 0.998 0.998 3 * 0.999 0.998 0.998
9.0 0.999 0.999 0.999 3 * 0.999 0.999 0.999
9.5 0.999 0.999 0.999 3 * 0.999 0.999 0.999
10.0 0.999 0.999 0.999 3 * 0.999 0.999 0.999
0.5 0.002 0.002 0.000 3 * 0.006 0.000 0.000
1.0 0.026 0.026 0.000 3 * 0.077 0.000 0.000
1.5 0.121 0.109 0.000 3 * 0.290 0.007 0.000
2.0 0.285 0.311 0.091 3 * 0.439 0.181 0.091
2.5 0.553 0.647 0.225 3 * 0.740 0.633 0.225
3.0 0.674 0.742 0.388 3 * 0.806 0.751 0.388
3.5 0.724 0.847 0.311 3 * 0.906 0.865 0.311
4.0 0.780 0.840 0.525 3 * 0.880 0.864 0.525
4.5 0.829 0.888 0.621 3 * 0.940 0.917 0.621
5.0 0.971 0.971 0.965 3 * 0.978 0.970 0.965
5.5 0.981 0.981 0.977 3 * 0.985 0.980 0.977
6.0 0.986 0.986 0.984 3 * 0.989 0.986 0.984
6.5 0.991 0.991 0.990 3 * 0.994 0.991 0.990
7.0 0.995 0.995 0.994 3 * 0.996 0.995 0.994
7.5 0.996 0.996 0.995 3 * 0.997 0.995 0.995
8.0 0.998 0.998 0.997 3 * 0.998 0.997 0.997
8.5 0.998 0.998 0.998 3 * 0.999 0.998 0.998
9.0 0.999 0.999 0.999 3 * 0.999 0.999 0.999
9.5 0.999 0.999 0.999 3 * 0.999 0.999 0.999
10.0 0.999 0.999 0.999 3 * 1.000 0.999 0.999
0.5 0.005 0.005 0.000 3 * 0.014 0.000 0.000
1.0 0.013 0.013 0.000 3 * 0.038 0.000 0.000
1.5 0.134 0.146 0.000 3 * 0.313 0.065 0.000
2.0 0.290 0.332 0.055 3 * 0.504 0.272 0.055
2.5 0.416 0.400 0.292 3 * 0.525 0.372 0.292
3.0 0.680 0.748 0.386 3 * 0.817 0.756 0.386
3.5 0.736 0.858 0.318 3 * 0.918 0.877 0.318
4.0 0.773 0.892 0.356 3 * 0.943 0.918 0.356
4.5 0.885 0.885 0.870 3 * 0.907 0.879 0.870
5.0 0.955 0.955 0.946 3 * 0.966 0.952 0.946
5.5 0.984 0.984 0.981 3 * 0.987 0.983 0.981
6.0 0.987 0.987 0.985 3 * 0.989 0.987 0.985
6.5 0.990 0.990 0.988 3 * 0.992 0.990 0.988
7.0 0.993 0.993 0.992 3 * 0.994 0.992 0.992
7.5 0.996 0.996 0.995 3 * 0.997 0.996 0.995
8.0 0.998 0.998 0.997 3 * 0.998 0.997 0.997
8.5 0.998 0.998 0.997 3 * 0.998 0.998 0.997
9.0 0.999 0.999 0.998 3 * 0.999 0.999 0.998
9.5 1.000 1.000 0.999 3 * 1.000 0.999 0.999
10.0 0.916 0.962 0.748 3 * 0.999 0.999 0.748
0.5 0.002 0.002 0.000 3 * 0.007 0.000 0.000
1.0 0.032 0.032 0.000 3 * 0.097 0.000 0.000
1.5 0.145 0.253 0.000 3 * 0.320 0.059 0.000
2.0 0.220 0.199 0.062 3 * 0.401 0.106 0.062
2.5 0.549 0.655 0.181 3 * 0.761 0.638 0.181
3.0 0.671 0.739 0.387 3 * 0.805 0.747 0.387
3.5 0.778 0.850 0.460 3 * 0.909 0.869 0.460
4.0 0.778 0.832 0.572 3 * 0.891 0.856 0.572
4.5 0.856 0.918 0.645 3 * 0.966 0.948 0.645
5.0 0.969 0.969 0.962 3 * 0.979 0.968 0.962
5.5 0.980 0.980 0.976 3 * 0.985 0.979 0.976
6.0 0.987 0.987 0.984 3 * 0.990 0.987 0.984
6.5 0.991 0.991 0.989 3 * 0.992 0.990 0.989
7.0 0.994 0.994 0.993 3 * 0.995 0.993 0.993
7.5 0.996 0.996 0.996 3 * 0.997 0.996 0.996
8.0 0.997 0.997 0.997 3 * 0.998 0.997 0.997
8.5 0.999 0.999 0.998 3 * 0.999 0.998 0.998
9.0 0.999 0.999 0.999 3 * 0.999 0.999 0.999
9.5 0.999 0.999 0.999 3 * 0.999 0.999 0.999
10.0 0.999 0.999 0.999 3 * 1.000 0.999 0.999
0.5 0.005 0.005 0.000 3 * 0.015 0.000 0.000
1.0 0.029 0.042 0.000 3 * 0.088 0.000 0.000
1.5 0.102 0.102 0.000 3 * 0.298 0.008 0.000
2.0 0.278 0.315 0.057 3 * 0.446 0.176 0.057
2.5 0.564 0.667 0.207 3 * 0.766 0.653 0.207
3.0 0.655 0.751 0.315 3 * 0.818 0.758 0.315
3.5 0.733 0.851 0.329 3 * 0.907 0.870 0.329
4.0 0.799 0.848 0.613 3 * 0.906 0.872 0.613
4.5 0.860 0.914 0.669 3 * 0.960 0.943 0.669
5.0 0.967 0.967 0.961 3 * 0.976 0.965 0.961
5.5 0.981 0.981 0.977 3 * 0.986 0.980 0.977
6.0 0.987 0.987 0.985 3 * 0.991 0.987 0.985
6.5 0.990 0.990 0.989 3 * 0.993 0.989 0.989
7.0 0.994 0.994 0.992 3 * 0.995 0.993 0.992
7.5 0.996 0.996 0.995 3 * 0.997 0.996 0.995
8.0 0.997 0.997 0.996 3 * 0.997 0.997 0.996
8.5 0.998 0.998 0.998 3 * 0.999 0.998 0.998
9.0 0.998 0.998 0.998 3 * 0.999 0.998 0.998
9.5 0.999 0.999 0.999 3 * 0.999 0.999 0.999
10.0 0.999 0.999 0.999 3 * 1.000 1.000 0.999
0.5 0.006 0.006 0.000 3 * 0.017 0.000 0.000
1.0 0.016 0.016 0.000 3 * 0.047 0.000 0.000
1.5 0.170 0.254 0.000 3 * 0.331 0.113 0.000
2.0 0.249 0.313 0.021 3 * 0.454 0.163 0.021
2.5 0.494 0.537 0.277 3 * 0.630 0.521 0.277
3.0 0.672 0.782 0.291 3 * 0.851 0.791 0.291
3.5 0.792 0.859 0.486 3 * 0.915 0.879 0.486
4.0 0.766 0.812 0.554 3 * 0.869 0.836 0.554
4.5 0.856 0.856 0.840 3 * 0.880 0.848 0.840
5.0 0.972 0.972 0.965 3 * 0.980 0.969 0.965
5.5 0.982 0.982 0.979 3 * 0.986 0.980 0.979
6.0 0.987 0.987 0.985 3 * 0.990 0.987 0.985
6.5 0.992 0.992 0.991 3 * 0.994 0.992 0.991
7.0 0.994 0.994 0.993 3 * 0.995 0.994 0.993
7.5 0.997 0.997 0.996 3 * 0.997 0.996 0.996
8.0 0.997 0.997 0.996 3 * 0.997 0.997 0.996
8.5 0.998 0.998 0.998 3 * 0.998 0.998 0.998
9.0 0.999 0.999 0.999 3 * 0.999 0.999 0.999
9.5 0.999 0.999 0.999 3 * 0.999 0.999 0.999
10.0 0.999 0.999 0.999 3 * 1.000 0.999 0.999
0.5 0.001 0.001 0.000 3 * 0.004 0.000 0.000
1.0 0.025 0.029 0.000 3 * 0.076 0.000 0.000
1.5 0.150 0.191 0.000 3 * 0.298 0.072 0.000
2.0 0.216 0.208 0.073 3 * 0.404 0.129 0.073
2.5 0.550 0.649 0.194 3 * 0.754 0.633 0.194
3.0 0.664 0.736 0.381 3 * 0.795 0.745 0.381
3.5 0.761 0.833 0.452 3 * 0.887 0.854 0.452
4.0 0.795 0.851 0.591 3 * 0.909 0.876 0.591
4.5 0.812 0.866 0.613 3 * 0.917 0.893 0.613
5.0 0.970 0.970 0.964 3 * 0.977 0.969 0.964
5.5 0.982 0.982 0.979 3 * 0.986 0.981 0.979
6.0 0.987 0.987 0.985 3 * 0.991 0.986 0.985
6.5 0.991 0.991 0.989 3 * 0.993 0.991 0.989
7.0 0.995 0.995 0.994 3 * 0.997 0.995 0.994
7.5 0.996 0.996 0.995 3 * 0.997 0.996 0.995
8.0 0.997 0.997 0.997 3 * 0.998 0.997 0.997
8.5 0.998 0.998 0.997 3 * 0.998 0.998 0.997
9.0 0.999 0.999 0.999 3 * 0.999 0.999 0.999
9.5 0.999 0.999 0.999 3 * 0.999 0.999 0.999
10.0 0.999 0.999 0.999 3 * 1.000 1.000 0.999
0.5 0.005 0.005 0.000 3 * 0.016 0.000 0.000
1.0 0.025 0.025 0.000 3 * 0.075 0.000 0.000
1.5 0.137 0.213 0.000 3 * 0.323 0.000 0.000
2.0 0.279 0.362 0.018 3 * 0.459 0.190 0.018
2.5 0.573 0.666 0.227 3 * 0.763 0.656 0.227
3.0 0.675 0.792 0.273 3 * 0.863 0.801 0.273
3.5 0.741 0.864 0.322 3 * 0.921 0.884 0.322
4.0 0.785 0.843 0.572 3 * 0.903 0.866 0.572
4.5 0.821 0.881 0.617 3 * 0.931 0.910 0.617
5.0 0.971 0.971 0.966 3 * 0.977 0.969 0.966
5.5 0.979 0.979 0.975 3 * 0.984 0.977 0.975
6.0 0.986 0.986 0.983 3 * 0.989 0.986 0.983
6.5 0.992 0.992 0.990 3 * 0.994 0.991 0.990
7.0 0.993 0.993 0.992 3 * 0.994 0.992 0.992
7.5 0.995 0.995 0.995 3 * 0.996 0.995 0.995
8.0 0.998 0.998 0.997 3 * 0.998 0.997 0.997
8.5 0.997 0.997 0.997 3 * 0.998 0.997 0.997
9.0 0.998 0.998 0.998 3 * 0.998 0.998 0.998
9.5 0.998 0.998 0.998 3 * 0.999 0.998 0.998
10.0 0.999 0.999 0.999 3 * 0.999 0.999 0.999
0.5 0.006 0.006 0.000 3 * 0.017 0.000 0.000
1.0 0.011 0.011 0.000 3 * 0.034 0.000 0.000
1.5 0.094 0.096 0.000 3 * 0.174 0.065 0.000
2.0 0.236 0.327 0.036 3 * 0.416 0.079 0.036
2.5 0.464 0.457 0.282 3 * 0.634 0.381 0.282
3.0 0.669 0.777 0.290 3 * 0.847 0.786 0.290
3.5 0.733 0.855 0.323 3 * 0.911 0.875 0.323
4.0 0.770 0.891 0.352 3 * 0.941 0.916 0.352
4.5 0.874 0.874 0.859 3 * 0.895 0.867 0.859
5.0 0.969 0.969 0.962 3 * 0.978 0.967 0.962
5.5 0.980 0.980 0.976 3 * 0.985 0.979 0.976
6.0 0.985 0.985 0.982 3 * 0.989 0.984 0.982
6.5 0.990 0.990 0.988 3 * 0.993 0.989 0.988
7.0 0.994 0.994 0.993 3 * 0.996 0.994 0.993
7.5 0.996 0.996 0.995 3 * 0.997 0.996 0.995
8.0 0.997 0.997 0.996 3 * 0.998 0.997 0.996
8.5 0.998 0.998 0.998 3 * 0.998 0.998 0.998
9.0 0.998 0.998 0.998 3 * 0.999 0.998 0.998
9.5 0.999 0.999 0.999 3 * 0.999 0.999 0.999
10.0 0.999 0.999 0.999 3 * 0.999 0.999 0.999
0.5 0.004 0.004 0.000 3 * 0.011 0.000 0.000
1.0 0.012 0.012 0.000 3 * 0.035 0.000 0.000
1.5 0.120 0.185 0.000 3 * 0.322 0.002 0.000
2.0 0.227 0.307 0.068 3 * 0.380 0.170 0.068
2.5 0.550 0.652 0.188 3 * 0.753 0.638 0.188
3.0 0.672 0.789 0.284 3 * 0.857 0.797 0.284
3.5 0.737 0.792 0.541 3 * 0.863 0.808 0.541
4.0 0.792 0.845 0.594 3 * 0.903 0.870 0.594
4.5 0.820 0.878 0.619 3 * 0.928 0.907 0.619
5.0 0.946 0.946 0.937 3 * 0.957 0.943 0.937
5.5 0.980 0.980 0.976 3 * 0.984 0.979 0.976
6.0 0.989 0.989 0.986 3 * 0.992 0.988 0.986
6.5 0.991 0.991 0.990 3 * 0.993 0.991 0.990
7.0 0.994 0.994 0.993 3 * 0.995 0.993 0.993
7.5 0.997 0.997 0.996 3 * 0.997 0.997 0.996
8.0 0.998 0.998 0.997 3 * 0.998 0.998 0.997
8.5 0.998 0.998 0.997 3 * 0.998 0.997 0.997
9.0 0.999 0.999 0.999 3 * 0.999 0.999 0.999
9.5 0.999 0.999 0.999 3 * 0.999 0.999 0.999
10.0 1.000 1.000 1.000 3 * 1.000 1.000 1.000
0.5 0.008 0.008 0.000 3 * 0.025 0.000 0.000
1.0 0.029 0.056 0.000 3 * 0.087 0.000 0.000
1.5 0.189 0.214 0.000 3 * 0.365 0.054 0.000
2.0 0.217 0.186 0.047 3 * 0.391 0.092 0.047
2.5 0.559 0.669 0.189 3 * 0.770 0.654 0.189
3.0 0.675 0.790 0.287 3 * 0.856 0.799 0.287
3.5 0.725 0.848 0.307 3 * 0.905 0.868 0.307
4.0 0.773 0.896 0.348 3 * 0.947 0.922 0.348
4.5 0.927 0.927 0.914 3 * 0.946 0.921 0.914
5.0 0.934 0.934 0.926 3 * 0.947 0.931 0.926
5.5 0.980 0.980 0.975 3 * 0.985 0.979 0.975
6.0 0.987 0.987 0.984 3 * 0.990 0.986 0.984
6.5 0.992 0.992 0.990 3 * 0.994 0.991 0.990
7.0 0.994 0.994 0.993 3 * 0.996 0.994 0.993
7.5 0.996 0.996 0.996 3 * 0.997 0.996 0.996
8.0 0.998 0.998 0.997 3 * 0.998 0.997 0.997
8.5 0.998 0.998 0.997 3 * 0.999 0.998 0.997
9.0 0.999 0.999 0.998 3 * 0.999 0.998 0.998
9.5 0.999 0.999 0.999 3 * 0.999 0.999 0.999
10.0 0.999 0.999 0.999 3 * 0.999 0.999 0.999
0.5 0.007 0.007 0.000 3 * 0.020 0.000 0.000
1.0 0.018 0.018 0.000 3 * 0.053 0.000 0.000
1.5 0.177 0.238 0.000 3 * 0.341 0.094 0.000
2.0 0.220 0.213 0.069 3 * 0.390 0.135 0.069
2.5 0.526 0.566 0.296 3 * 0.671 0.549 0.296
3.0 0.672 0.786 0.287 3 * 0.856 0.794 0.287
3.5 0.733 0.853 0.318 3 * 0.910 0.874 0.318
4.0 0.793 0.850 0.584 3 * 0.909 0.873 0.584
4.5 0.861 0.861 0.846 3 * 0.882 0.853 0.846
5.0 0.973 0.973 0.968 3 * 0.980 0.972 0.968
5.5 0.981 0.981 0.977 3 * 0.986 0.980 0.977
6.0 0.987 0.987 0.985 3 * 0.990 0.987 0.985
6.5 0.990 0.990 0.988 3 * 0.992 0.990 0.988
7.0 0.995 0.995 0.994 3 * 0.996 0.994 0.994
7.5 0.996 0.996 0.995 3 * 0.997 0.995 0.995
8.0 0.997 0.997 0.997 3 * 0.998 0.997 0.997
8.5 0.999 0.999 0.998 3 * 0.999 0.999 0.998
9.0 0.998 0.998 0.998 3 * 0.998 0.998 0.998
9.5 0.999 0.999 0.999 3 * 0.999 0.999 0.999
10.0 0.999 0.999 0.999 3 * 1.000 0.999 0.999
0.5 0.004 0.004 0.000 3 * 0.013 0.000 0.000
1.0 0.021 0.021 0.000 3 * 0.063 0.000 0.000
1.5 0.125 0.144 0.000 3 * 0.313 0.028 0.000
2.0 0.225 0.307 0.070 3 * 0.475 0.103 0.070
2.5 0.492 0.555 0.237 3 * 0.748 0.394 0.237
3.0 0.676 0.745 0.391 3 * 0.812 0.752 0.391
3.5 0.771 0.845 0.459 3 * 0.900 0.864 0.459
4.0 0.796 0.796 0.771 3 * 0.832 0.785 0.771
4.5 0.830 0.883 0.637 3 * 0.934 0.911 0.637
5.0 0.971 0.971 0.965 3 * 0.978 0.970 0.965
5.5 0.979 0.979 0.976 3 * 0.984 0.978 0.976
6.0 0.988 0.988 0.985 3 * 0.991 0.987 0.985
6.5 0.992 0.992 0.990 3 * 0.994 0.991 0.990
7.0 0.907 0.955 0.732 3 * 0.993 0.992 0.732
7.5 0.996 0.996 0.995 3 * 0.997 0.995 0.995
8.0 0.997 0.997 0.996 3 * 0.998 0.997 0.996
8.5 0.998 0.998 0.998 3 * 0.999 0.998 0.998
9.0 0.999 0.999 0.999 3 * 0.999 0.999 0.999
9.5 0.999 0.999 0.999 3 * 0.999 0.999 0.999
10.0 0.999 0.999 0.999 3 * 0.999 0.999 0.999
0.5 0.003 0.003 0.000 3 * 0.009 0.000 0.000
1.0 0.040 0.040 0.000 3 * 0.121 0.000 0.000
1.5 0.122 0.084 0.000 3 * 0.209 0.030 0.000
2.0 0.266 0.322 0.109 3 * 0.494 0.151 0.109
2.5 0.479 0.502 0.289 3 * 0.620 0.475 0.289
3.0 0.679 0.756 0.381 3 * 0.816 0.766 0.381
3.5 0.735 0.854 0.323 3 * 0.913 0.874 0.323
4.0 0.778 0.903 0.354 3 * 0.952 0.929 0.354
4.5 0.816 0.871 0.612 3 * 0.927 0.898 0.612
5.0 0.970 0.970 0.963 3 * 0.980 0.968 0.963
5.5 0.983 0.983 0.979 3 * 0.988 0.982 0.979
6.0 0.891 0.949 0.696 3 * 0.989 0.984 0.696
6.5 0.990 0.990 0.988 3 * 0.992 0.990 0.988
7.0 0.992 0.992 0.991 3 * 0.993 0.992 0.991
7.5 0.996 0.996 0.996 3 * 0.997 0.996 0.996
8.0 0.997 0.997 0.997 3 * 0.998 0.997 0.997
8.5 0.997 0.997 0.997 3 * 0.998 0.997 0.997
9.0 0.999 0.999 0.998 3 * 0.999 0.998 0.998
9.5 0.999 0.999 0.999 3 * 0.999 0.999 0.999
10.0 0.999 0.999 0.999 3 * 0.999 0.999 0.999
0.5 0.007 0.007 0.000 3 * 0.021 0.000 0.000
1.0 0.024 0.024 0.000 3 * 0.072 0.000 0.000
1.5 0.123 0.208 0.000 3 * 0.279 0.059 0.000
2.0 0.283 0.304 0.074 3 * 0.401 0.264 0.074
2.5 0.535 0.628 0.204 3 * 0.730 0.610 0.204
3.0 0.666 0.783 0.276 3 * 0.851 0.791 0.276
3.5 0.761 0.828 0.463 3 * 0.880 0.849 0.463
4.0 0.788 0.845 0.583 3 * 0.904 0.869 0.583
4.5 0.838 0.890 0.650 3 * 0.940 0.919 0.650
5.0 0.969 0.969 0.962 3 * 0.978 0.968 0.962
5.5 0.835 0.835 0.774 3 * 0.891 0.839 0.774
6.0 0.988 0.988 0.985 3 * 0.992 0.986 0.985
6.5 0.991 0.991 0.990 3 * 0.993 0.991 0.990
7.0 0.995 0.995 0.994 3 * 0.997 0.995 0.994
7.5 0.996 0.996 0.996 3 * 0.997 0.996 0.996
8.0 0.998 0.998 0.998 3 * 0.998 0.998 0.998
8.5 0.998 0.998 0.998 3 * 0.999 0.998 0.998
9.0 0.999 0.999 0.999 3 * 0.999 0.999 0.999
9.5 0.999 0.999 0.999 3 * 0.999 0.999 0.999
10.0 0.999 0.999 0.999 3 * 0.999 0.999 0.999
0.5 0.003 0.003 0.000 3 * 0.009 0.000 0.000
1.0 0.012 0.012 0.000 3 * 0.037 0.000 0.000
1.5 0.134 0.206 0.000 3 * 0.307 0.030 0.000
2.0 0.260 0.283 0.083 3 * 0.458 0.216 0.083
2.5 0.558 0.623 0.277 3 * 0.714 0.614 0.277
3.0 0.669 0.788 0.264 3 * 0.860 0.797 0.264
3.5 0.728 0.848 0.318 3 * 0.903 0.869 0.318
4.0 0.776 0.898 0.350 3 * 0.948 0.925 0.350
4.5 0.825 0.883 0.623 3 * 0.934 0.912 0.623
5.0 0.970 0.970 0.965 3 * 0.977 0.969 0.965
5.5 0.981 0.981 0.977 3 * 0.986 0.980 0.977
6.0 0.987 0.987 0.984 3 * 0.990 0.986 0.984
6.5 0.991 0.991 0.990 3 * 0.994 0.990 0.990
7.0 0.904 0.955 0.725 3 * 0.993 0.991 0.725
7.5 0.996 0.996 0.995 3 * 0.997 0.996 0.995
8.0 0.998 0.998 0.997 3 * 0.998 0.998 0.997
8.5 0.998 0.998 0.997 3 * 0.998 0.998 0.997
9.0 0.999 0.999 0.998 3 * 0.999 0.999 0.998
9.5 0.999 0.999 0.999 3 * 1.000 0.999 0.999
10.0 0.999 0.999 0.999 3 * 1.000 0.999 0.999
0.5 0.007 0.007 0.000 3 * 0.022 0.000 0.000
1.0 0.029 0.029 0.000 3 * 0.086 0.000 0.000
1.5 0.149 0.253 0.000 3 * 0.331 0.059 0.000
2.0 0.291 0.335 0.092 3 * 0.473 0.272 0.092
2.5 0.573 0.676 0.214 3 * 0.772 0.664 0.214
3.0 0.677 0.801 0.271 3 * 0.865 0.812 0.271
3.5 0.736 0.857 0.320 3 * 0.914 0.876 0.320
4.0 0.783 0.841 0.572 3 * 0.897 0.865 0.572
4.5 0.824 0.882 0.623 3 * 0.932 0.910 0.623
5.0 0.819 0.819 0.756 3 * 0.880 0.821 0.756
5.5 0.982 0.982 0.978 3 * 0.987 0.980 0.978
6.0 0.989 0.989 0.987 3 * 0.991 0.989 0.987
6.5 0.992 0.992 0.990 3 * 0.994 0.992 0.990
7.0 0.994 0.994 0.993 3 * 0.996 0.994 0.993
7.5 0.996 0.996 0.995 3 * 0.997 0.996 0.995
8.0 0.997 0.997 0.997 3 * 0.998 0.997 0.997
8.5 0.998 0.998 0.998 3 * 0.998 0.998 0.998
9.0 0.998 0.998 0.998 3 * 0.999 0.998 0.998
9.5 0.999 0.999 0.999 3 * 0.999 0.999 0.999
10.0 0.999 0.999 0.999 3 * 0.999 0.999 0.999
0.5 0.002 0.002 0.000 3 * 0.007 0.000 0.000
1.0 0.019 0.026 0.000 3 * 0.058 0.000 0.000
1.5 0.118 0.177 0.000 3 * 0.222 0.109 0.000
2.0 0.278 0.396 0.065 3 * 0.536 0.224 0.065
2.5 0.553 0.661 0.190 3 * 0.769 0.640 0.190
3.0 0.670 0.788 0.278 3 * 0.854 0.797 0.278
3.5 0.761 0.834 0.446 3 * 0.888 0.854 0.446
4.0 0.766 0.888 0.342 3 * 0.939 0.915 0.342
4.5 0.826 0.882 0.626 3 * 0.935 0.910 0.626
5.0 0.956 0.956 0.949 3 * 0.965 0.954 0.949
5.5 0.981 0.981 0.977 3 * 0.985 0.980 0.977
6.0 0.988 0.988 0.986 3 * 0.991 0.987 0.986
6.5 0.990 0.990 0.989 3 * 0.993 0.990 0.989
7.0 0.994 0.994 0.994 3 * 0.995 0.994 0.994
7.5 0.997 0.997 0.996 3 * 0.997 0.996 0.996
8.0 0.997 0.997 0.996 3 * 0.997 0.997 0.996
8.5 0.998 0.998 0.998 3 * 0.998 0.998 0.998
9.0 0.999 0.999 0.999 3 * 0.999 0.999 0.999
9.5 0.999 0.999 0.999 3 * 0.999 0.999 0.999
10.0 1.000 1.000 1.000 3 * 1.000 1.000 1.000
0.5 0.002 0.002 0.000 3 * 0.006 0.000 0.000
1.0 0.017 0.017 0.000 3 * 0.051 0.000 0.000
1.5 0.108 0.097 0.000 3 * 0.249 0.010 0.000
2.0 0.223 0.285 0.077 3 * 0.355 0.124 0.077
2.5 0.566 0.660 0.237 3 * 0.759 0.643 0.237
3.0 0.668 0.781 0.285 3 * 0.850 0.789 0.285
3.5 0.721 0.845 0.303 3 * 0.903 0.864 0.303
4.0 0.797 0.851 0.593 3 * 0.908 0.876 0.593
4.5 0.826 0.884 0.625 3 * 0.934 0.913 0.625
5.0 0.954 0.954 0.945 3 * 0.967 0.950 0.945
5.5 0.890 0.940 0.708 3 * 0.978 0.974 0.708
6.0 0.988 0.988 0.986 3 * 0.990 0.987 0.986
6.5 0.992 0.992 0.990 3 * 0.994 0.991 0.990
7.0 0.994 0.994 0.993 3 * 0.996 0.993 0.993
7.5 0.995 0.995 0.994 3 * 0.996 0.995 0.994
8.0 0.997 0.997 0.997 3 * 0.998 0.997 0.997
8.5 0.998 0.998 0.998 3 * 0.999 0.998 0.998
9.0 0.999 0.999 0.999 3 * 0.999 0.999 0.999
9.5 0.999 0.999 0.999 3 * 0.999 0.999 0.999
10.0 0.999 0.999 0.999 3 * 0.999 0.999 0.999
0.5 0.004 0.004 0.000 3 * 0.012 0.000 0.000
1.0 0.019 0.019 0.000 3 * 0.057 0.000 0.000
1.5 0.130 0.266 0.000 3 * 0.340 0.000 0.000
2.0 0.320 0.367 0.081 3 * 0.548 0.291 0.081
2.5 0.542 0.638 0.208 3 * 0.747 0.615 0.208
3.0 0.672 0.786 0.285 3 * 0.858 0.792 0.285
3.5 0.727 0.850 0.308 3 * 0.909 0.869 0.308
4.0 0.819 0.891 0.496 3 * 0.943 0.917 0.496
4.5 0.820 0.876 0.625 3 * 0.926 0.904 0.625
5.0 0.970 0.970 0.964 3 * 0.977 0.968 0.964
5.5 0.982 0.982 0.978 3 * 0.986 0.981 0.978
6.0 0.987 0.987 0.984 3 * 0.991 0.986 0.984
6.5 0.992 0.992 0.990 3 * 0.994 0.992 0.990
7.0 0.994 0.994 0.992 3 * 0.996 0.993 0.992
7.5 0.997 0.997 0.996 3 * 0.998 0.997 0.996
8.0 0.998 0.998 0.997 3 * 0.998 0.998 0.997
8.5 0.999 0.999 0.998 3 * 0.999 0.999 0.998
9.0 0.999 0.999 0.999 3 * 0.999 0.999 0.999
9.5 0.999 0.999 0.999 3 * 0.999 0.999 0.999
10.0 0.999 0.999 0.999 3 * 1.000 0.999 0.999
0.5 0.004 0.004 0.000 3 * 0.013 0.000 0.000
1.0 0.026 0.026 0.000 3 * 0.079 0.000 0.000
1.5 0.133 0.153 0.000 3 * 0.264 0.063 0.000
2.0 0.307 0.309 0.077 3 * 0.460 0.193 0.077
2.5 0.569 0.673 0.211 3 * 0.772 0.658 0.211
3.0 0.680 0.796 0.296 3 * 0.861 0.804 0.296
3.5 0.741 0.850 0.351 3 * 0.906 0.870 0.351
4.0 0.782 0.839 0.577 3 * 0.897 0.863 0.577
4.5 0.868 0.868 0.852 3 * 0.891 0.861 0.852
5.0 0.970 0.970 0.963 3 * 0.978 0.968 0.963
5.5 0.981 0.981 0.977 3 * 0.986 0.980 0.977
6.0 0.986 0.986 0.983 3 * 0.989 0.985 0.983
6.5 0.991 0.991 0.989 3 * 0.994 0.991 0.989
7.0 0.993 0.993 0.992 3 * 0.995 0.993 0.992
7.5 0.996 0.996 0.996 3 * 0.997 0.996 0.996
8.0 0.996 0.996 0.996 3 * 0.997 0.996 0.996
8.5 0.998 0.998 0.998 3 * 0.998 0.998 0.998
9.0 0.998 0.998 0.998 3 * 0.999 0.998 0.998
9.5 0.999 0.999 0.999 3 * 0.999 0.999 0.999
10.0 1.000 1.000 0.999 3 * 1.000 1.000 0.999
0.5 0.003 0.003 0.000 3 * 0.010 0.000 0.000
1.0 0.037 0.072 0.000 3 * 0.111 0.000 0.000
1.5 0.111 0.109 0.000 3 * 0.308 0.013 0.000
2.0 0.192 0.220 0.087 3 * 0.232 0.213 0.087
2.5 0.540 0.644 0.173 3 * 0.752 0.627 0.173
3.0 0.678 0.789 0.301 3 * 0.860 0.795 0.301
3.5 0.729 0.853 0.307 3 * 0.911 0.873 0.307
4.0 0.774 0.828 0.570 3 * 0.889 0.851 0.570
4.5 0.917 0.917 0.903 3 * 0.937 0.911 0.903
5.0 0.971 0.971 0.965 3 * 0.980 0.969 0.965
5.5 0.982 0.982 0.978 3 * 0.987 0.981 0.978
6.0 0.986 0.986 0.984 3 * 0.989 0.985 0.984
6.5 0.992 0.992 0.991 3 * 0.993 0.992 0.991
7.0 0.995 0.995 0.994 3 * 0.996 0.995 0.994
7.5 0.996 0.996 0.995 3 * 0.997 0.996 0.995
8.0 0.997 0.997 0.997 3 * 0.998 0.997 0.997
8.5 0.998 0.998 0.998 3 * 0.999 0.998 0.998
9.0 0.999 0.999 0.999 3 * 0.999 0.999 0.999
9.5 0.999 0.999 0.999 3 * 0.999 0.999 0.999
10.0 1.000 1.000 0.999 3 * 1.000 1.000 0.999
0.5 0.005 0.005 0.000 3 * 0.014 0.000 0.000
1.0 0.027 0.037 0.000 3 * 0.081 0.000 0.000
1.5 0.149 0.230 0.000 3 * 0.344 0.079 0.000
2.0 0.272 0.354 0.087 3 * 0.490 0.220 0.087
2.5 0.557 0.666 0.190 3 * 0.767 0.649 0.190
3.0 0.670 0.731 0.386 3 * 0.799 0.742 0.386
3.5 0.734 0.852 0.327 3 * 0.907 0.872 0.327
4.0 0.799 0.854 0.594 3 * 0.910 0.880 0.594
4.5 0.906 0.906 0.890 3 * 0.929 0.900 0.890
5.0 0.935 0.935 0.926 3 * 0.948 0.932 0.926
5.5 0.981 0.981 0.978 3 * 0.986 0.980 0.978
6.0 0.988 0.988 0.986 3 * 0.991 0.987 0.986
6.5 0.992 0.992 0.990 3 * 0.993 0.991 0.990
7.0 0.994 0.994 0.993 3 * 0.995 0.993 0.993
7.5 0.996 0.996 0.995 3 * 0.997 0.996 0.995
8.0 0.997 0.997 0.997 3 * 0.998 0.997 0.997
8.5 0.998 0.998 0.998 3 * 0.998 0.998 0.998
9.0 0.998 0.998 0.998 3 * 0.999 0.998 0.998
9.5 0.999 0.999 0.999 3 * 0.999 0.999 0.999
10.0 0.999 0.999 0.999 3 * 0.999 0.999 0.999
0.5 0.003 0.003 0.000 3 * 0.009 0.000 0.000
1.0 0.019 0.019 0.000 3 * 0.057 0.000 0.000
1.5 0.103 0.207 0.000 3 * 0.266 0.018 0.000
2.0 0.316 0.387 0.072 3 * 0.531 0.326 0.072
2.5 0.484 0.565 0.191 3 * 0.761 0.384 0.191
3.0 0.669 0.781 0.296 3 * 0.851 0.786 0.296
3.5 0.774 0.845 0.463 3 * 0.902 0.864 0.463
4.0 0.778 0.896 0.364 3 * 0.946 0.922 0.364
4.5 0.835 0.893 0.635 3 * 0.943 0.922 0.635
5.0 0.872 0.933 0.669 3 * 0.975 0.965 0.669
5.5 0.980 0.980 0.976 3 * 0.985 0.979 0.976
6.0 0.861 0.861 0.803 3 * 0.912 0.866 0.803
6.5 0.992 0.992 0.991 3 * 0.994 0.992 0.991
7.0 0.993 0.993 0.992 3 * 0.995 0.993 0.992
7.5 0.997 0.997 0.996 3 * 0.997 0.996 0.996
8.0 0.997 0.997 0.996 3 * 0.998 0.997 0.996
8.5 0.998 0.998 0.998 3 * 0.999 0.998 0.998
9.0 0.999 0.999 0.999 3 * 0.999 0.999 0.999
9.5 0.999 0.999 0.999 3 * 0.999 0.999 0.999
10.0 0.999 0.999 0.999 3 * 0.999 0.999 0.999
0.5 0.006 0.006 0.000 3 * 0.019 0.000 0.000
1.0 0.041 0.042 0.000 3 * 0.124 0.000 0.000
1.5 0.136 0.233 0.000 3 * 0.297 0.096 0.000
2.0 0.272 0.271 0.047 3 * 0.453 0.190 0.047
2.5 0.528 0.617 0.208 3 * 0.726 0.593 0.208
3.0 0.660 0.780 0.253 3 * 0.854 0.787 0.253
3.5 0.737 0.857 0.328 3 * 0.915 0.876 0.328
4.0 0.798 0.853 0.593 3 * 0.910 0.878 0.593
4.5 0.826 0.883 0.628 3 * 0.935 0.911 0.628
5.0 0.971 0.971 0.966 3 * 0.979 0.969 0.966
5.5 0.979 0.979 0.975 3 * 0.984 0.978 0.975
6.0 0.989 0.989 0.986 3 * 0.991 0.988 0.986
6.5 0.992 0.992 0.990 3 * 0.994 0.991 0.990
7.0 0.994 0.994 0.992 3 * 0.995 0.993 0.992
7.5 0.996 0.996 0.995 3 * 0.997 0.995 0.995
8.0 0.997 0.997 0.996 3 * 0.998 0.997 0.996
8.5 0.998 0.998 0.998 3 * 0.999 0.998 0.998
9.0 0.999 0.999 0.999 3 * 0.999 0.999 0.999
9.5 0.999 0.999 0.999 3 * 0.999 0.999 0.999
10.0 0.999 0.999 0.999 3 * 1.000 0.999 0.999
0.5 0.004 0.004 0.000 3 * 0.013 0.000 0.000
1.0 0.016 0.016 0.000 3 * 0.047 0.000 0.000
1.5 0.096 0.188 0.000 3 * 0.255 0.000 0.000
2.0 0.285 0.323 0.041 3 * 0.505 0.254 0.041
2.5 0.535 0.582 0.308 3 * 0.665 0.574 0.308
3.0 0.683 0.749 0.403 3 * 0.812 0.758 0.403
3.5 0.772 0.845 0.461 3 * 0.898 0.866 0.461
4.0 0.785 0.840 0.577 3 * 0.899 0.865 0.577
4.5 0.861 0.918 0.659 3 * 0.964 0.949 0.659
5.0 0.971 0.971 0.964 3 * 0.980 0.970 0.964
5.5 0.843 0.843 0.784 3 * 0.899 0.846 0.784
6.0 0.985 0.985 0.982 3 * 0.989 0.984 0.982
6.5 0.992 0.992 0.990 3 * 0.993 0.991 0.990
7.0 0.994 0.994 0.994 3 * 0.995 0.994 0.994
7.5 0.996 0.996 0.995 3 * 0.997 0.996 0.995
8.0 0.997 0.997 0.997 3 * 0.998 0.997 0.997
8.5 0.999 0.999 0.998 3 * 0.999 0.998 0.998
9.0 0.999 0.999 0.998 3 * 0.999 0.998 0.998
9.5 0.999 0.999 0.999 3 * 1.000 0.999 0.999
10.0 0.999 0.999 0.999 3 * 1.000 0.999 0.999
0.5 0.005 0.005 0.000 3 * 0.016 0.000 0.000
1.0 0.018 0.018 0.000 3 * 0.055 0.000 0.000
1.5 0.114 0.222 0.000 3 * 0.276 0.000 0.000
2.0 0.222 0.317 0.096 3 * 0.385 0.149 0.096
2.5 0.547 0.650 0.179 3 * 0.761 0.632 0.179
3.0 0.677 0.783 0.315 3 * 0.850 0.791 0.315
3.5 0.731 0.852 0.316 3 * 0.910 0.871 0.316
4.0 0.783 0.841 0.570 3 * 0.897 0.866 0.570
4.5 0.863 0.920 0.667 3 * 0.966 0.951 0.667
5.0 0.972 0.972 0.968 3 * 0.979 0.971 0.968
5.5 0.980 0.980 0.977 3 * 0.984 0.979 0.977
6.0 0.986 0.986 0.983 3 * 0.990 0.985 0.983
6.5 0.991 0.991 0.990 3 * 0.993 0.991 0.990
7.0 0.995 0.995 0.994 3 * 0.996 0.995 0.994
7.5 0.997 0.997 0.996 3 * 0.998 0.997 0.996
8.0 0.997 0.997 0.996 3 * 0.997 0.997 0.996
8.5 0.998 0.998 0.997 3 * 0.998 0.998 0.997
9.0 0.999 0.999 0.999 3 * 0.999 0.999 0.999
9.5 0.999 0.999 0.999 3 * 0.999 0.999 0.999
10.0 0.999 0.999 0.999 3 * 0.999 0.999 0.999
0.5 0.007 0.007 0.000 3 * 0.022 0.000 0.000
1.0 0.012 0.012 0.000 3 * 0.037 0.000 0.000
1.5 0.192 0.266 0.000 3 * 0.388 0.051 0.000
2.0 0.277 0.261 0.066 3 * 0.445 0.175 0.066
2.5 0.448 0.495 0.239 3 * 0.604 0.442 0.239
3.0 0.677 0.792 0.287 3 * 0.862 0.800 0.287
3.5 0.759 0.831 0.453 3 * 0.883 0.851 0.453
4.0 0.763 0.763 0.750 3 * 0.822 0.717 0.750
4.5 0.800 0.920 0.380 3 * 0.967 0.949 0.380
5.0 0.972 0.972 0.965 3 * 0.980 0.970 0.965
5.5 0.980 0.980 0.976 3 * 0.985 0.980 0.976
6.0 0.987 0.987 0.985 3 * 0.990 0.986 0.985
6.5 0.991 0.991 0.989 3 * 0.993 0.990 0.989
7.0 0.994 0.994 0.993 3 * 0.995 0.994 0.993
7.5 0.996 0.996 0.996 3 * 0.997 0.996 0.996
8.0 0.997 0.997 0.997 3 * 0.998 0.997 0.997
8.5 0.998 0.998 0.998 3 * 0.999 0.998 0.998
9.0 0.999 0.999 0.999 3 * 0.999 0.999 0.999
9.5 0.999 0.999 0.999 3 * 0.999 0.999 0.999
10.0 0.999 0.999 0.999 3 * 0.999 0.999 0.999
0.5 0.004 0.004 0.000 3 * 0.011 0.000 0.000
1.0 0.022 0.022 0.000 3 * 0.067 0.000 0.000
1.5 0.071 0.123 0.000 3 * 0.191 0.013 0.000
2.0 0.307 0.363 0.040 3 * 0.498 0.166 0.040
2.5 0.508 0.555 0.240 3 * 0.746 0.427 0.240
3.0 0.679 0.796 0.283 3 * 0.857 0.811 0.283
3.5 0.736 0.855 0.327 3 * 0.909 0.877 0.327
4.0 0.777 0.835 0.565 3 * 0.893 0.859 0.565
4.5 0.855 0.855 0.838 3 * 0.880 0.848 0.838
5.0 0.971 0.971 0.965 3 * 0.978 0.969 0.965
5.5 0.979 0.979 0.975 3 * 0.984 0.978 0.975
6.0 0.989 0.989 0.987 3 * 0.991 0.988 0.987
6.5 0.993 0.993 0.991 3 * 0.995 0.993 0.991
7.0 0.993 0.993 0.991 3 * 0.994 0.992 0.991
7.5 0.997 0.997 0.996 3 * 0.998 0.997 0.996
8.0 0.997 0.997 0.996 3 * 0.998 0.997 0.996
8.5 0.999 0.999 0.998 3 * 0.999 0.998 0.998
9.0 0.999 0.999 0.999 3 * 0.999 0.999 0.999
9.5 0.999 0.999 0.999 3 * 0.999 0.999 0.999
10.0 0.999 0.999 0.999 3 * 1.000 0.999 0.999
0.5 0.002 0.002 0.000 3 * 0.007 0.000 0.000
1.0 0.039 0.039 0.000 3 * 0.116 0.000 0.000
1.5 0.136 0.111 0.000 3 * 0.313 0.014 0.000
2.0 0.227 0.218 0.080 3 * 0.334 0.164 0.080
2.5 0.586 0.691 0.234 3 * 0.781 0.680 0.234
3.0 0.659 0.776 0.269 3 * 0.848 0.782 0.269
3.5 0.740 0.856 0.342 3 * 0.909 0.877 0.342
4.0 0.777 0.831 0.578 3 * 0.890 0.854 0.578
4.5 0.942 0.942 0.929 3 * 0.958 0.938 0.929
5.0 0.971 0.971 0.964 3 * 0.979 0.969 0.964
5.5 0.981 0.981 0.978 3 * 0.985 0.981 0.978
6.0 0.985 0.985 0.982 3 * 0.989 0.984 0.982
6.5 0.992 0.992 0.990 3 * 0.994 0.992 0.990
7.0 0.991 0.991 0.990 3 * 0.993 0.991 0.990
7.5 0.996 0.996 0.996 3 * 0.997 0.996 0.996
8.0 0.997 0.997 0.996 3 * 0.998 0.997 0.996
8.5 0.998 0.998 0.998 3 * 0.999 0.998 0.998
9.0 0.999 0.999 0.999 3 * 0.999 0.999 0.999
9.5 0.999 0.999 0.999 3 * 0.999 0.999 0.999
10.0 0.999 0.999 0.999 3 * 0.999 0.999 0.999
0.5 0.007 0.007 0.000 3 * 0.020 0.000 0.000
1.0 0.032 0.037 0.000 3 * 0.095 0.000 0.000
1.5 0.082 0.117 0.000 3 * 0.142 0.042 0.000
2.0 0.284 0.323 0.070 3 * 0.506 0.253 0.070
2.5 0.541 0.636 0.209 3 * 0.746 0.612 0.209
3.0 0.669 0.783 0.293 3 * 0.850 0.789 0.293
3.5 0.734 0.851 0.330 3 * 0.911 0.868 0.330
4.0 0.784 0.839 0.573 3 * 0.898 0.861 0.573
4.5 0.840 0.899 0.638 3 * 0.949 0.928 0.638
5.0 0.870 0.933 0.663 3 * 0.976 0.965 0.663
5.5 0.980 0.980 0.976 3 * 0.986 0.979 0.976
6.0 0.987 0.987 0.984 3 * 0.991 0.986 0.984
6.5 0.992 0.992 0.991 3 * 0.994 0.992 0.991
7.0 0.993 0.993 0.993 3 * 0.995 0.993 0.993
7.5 0.996 0.996 0.996 3 * 0.997 0.996 0.996
8.0 0.998 0.998 0.997 3 * 0.998 0.997 0.997
8.5 0.997 0.997 0.997 3 * 0.998 0.997 0.997
9.0 0.999 0.999 0.999 3 * 1.000 0.999 0.999
9.5 0.999 0.999 0.999 3 * 0.999 0.999 0.999
10.0 0.999 0.999 0.999 3 * 1.000 0.999 0.999
0.5 0.004 0.004 0.000 3 * 0.013 0.000 0.000
1.0 0.053 0.106 0.000 3 * 0.159 0.000 0.000
1.5 0.095 0.110 0.000 3 * 0.127 0.094 0.000
2.0 0.204 0.224 0.048 3 * 0.365 0.144 0.048
2.5 0.546 0.612 0.267 3 * 0.711 0.597 0.267
3.0 0.673 0.791 0.277 3 * 0.860 0.799 0.277
3.5 0.774 0.847 0.466 3 * 0.901 0.867 0.466
4.0 0.788 0.845 0.576 3 * 0.903 0.870 0.576
4.5 0.824 0.879 0.628 3 * 0.930 0.908 0.628
5.0 0.966 0.966 0.960 3 * 0.974 0.965 0.960
5.5 0.981 0.981 0.977 3 * 0.986 0.979 0.977
6.0 0.987 0.987 0.984 3 * 0.990 0.986 0.984
6.5 0.991 0.991 0.990 3 * 0.994 0.991 0.990
7.0 0.994 0.994 0.993 3 * 0.995 0.994 0.993
7.5 0.996 0.996 0.996 3 * 0.997 0.996 0.996
8.0 0.997 0.997 0.997 3 * 0.998 0.997 0.997
8.5 0.997 0.997 0.997 3 * 0.998 0.997 0.997
9.0 0.999 0.999 0.999 3 * 0.999 0.999 0.999
9.5 0.999 0.999 0.999 3 * 0.999 0.999 0.999
10.0 0.999 0.999 0.999 3 * 0.999 0.999 0.999
0.5 0.002 0.002 0.000 3 * 0.007 0.000 0.000
1.0 0.032 0.040 0.000 3 * 0.097 0.000 0.000
1.5 0.138 0.209 0.000 3 * 0.357 0.015 0.000
2.0 0.315 0.399 0.136 3 * 0.536 0.266 0.136
2.5 0.556 0.619 0.288 3 * 0.710 0.608 0.288
3.0 0.670 0.744 0.376 3 * 0.809 0.751 0.376
3.5 0.736 0.860 0.319 3 * 0.914 0.880 0.319
4.0 0.785 0.840 0.580 3 * 0.897 0.865 0.580
4.5 0.823 0.881 0.621 3 * 0.932 0.910 0.621
5.0 0.969 0.969 0.962 3 * 0.979 0.967 0.962
5.5 0.981 0.981 0.977 3 * 0.986 0.979 0.977
6.0 0.988 0.988 0.986 3 * 0.990 0.988 0.986
6.5 0.991 0.991 0.990 3 * 0.994 0.991 0.990
7.0 0.993 0.993 0.992 3 * 0.995 0.993 0.992
7.5 0.997 0.997 0.996 3 * 0.997 0.996 0.996
8.0 0.998 0.998 0.997 3 * 0.998 0.997 0.997
8.5 0.998 0.998 0.997 3 * 0.998 0.998 0.997
9.0 0.999 0.999 0.999 3 * 0.999 0.999 0.999
9.5 0.999 0.999 0.999 3 * 0.999 0.999 0.999
10.0 0.999 0.999 0.999 3 * 0.999 0.999 0.999
0.5 0.005 0.005 0.000 3 * 0.016 0.000 0.000
1.0 0.013 0.013 0.000 3 * 0.039 0.000 0.000
1.5 0.114 0.092 0.000 3 * 0.274 0.002 0.000
2.0 0.212 0.283 0.099 3 * 0.343 0.156 0.099
2.5 0.563 0.655 0.227 3 * 0.747 0.645 0.227
3.0 0.673 0.784 0.296 3 * 0.848 0.794 0.296
3.5 0.731 0.852 0.314 3 * 0.911 0.871 0.314
4.0 0.808 0.808 0.785 3 * 0.841 0.798 0.785
4.5 0.938 0.938 0.926 3 * 0.953 0.934 0.926
5.0 0.877 0.933 0.682 3 * 0.974 0.967 0.682
5.5 0.981 0.981 0.976 3 * 0.986 0.980 0.976
6.0 0.986 0.986 0.983 3 * 0.989 0.985 0.983
6.5 0.992 0.992 0.991 3 * 0.994 0.991 0.991
7.0 0.994 0.994 0.993 3 * 0.995 0.993 0.993
7.5 0.996 0.996 0.995 3 * 0.997 0.996 0.995
8.0 0.998 0.998 0.998 3 * 0.998 0.998 0.998
8.5 0.998 0.998 0.998 3 * 0.999 0.998 0.998
9.0 0.998 0.998 0.998 3 * 0.999 0.998 0.998
9.5 0.999 0.999 0.999 3 * 0.999 0.999 0.999
10.0 0.999 0.999 0.999 3 * 1.000 0.999 0.999
0.5 0.003 0.003 0.000 3 * 0.008 0.000 0.000
1.0 0.017 0.024 0.000 3 * 0.051 0.000 0.000
1.5 0.102 0.100 0.000 3 * 0.293 0.004 0.000
2.0 0.276 0.350 0.065 3 * 0.429 0.270 0.065
2.5 0.506 0.559 0.242 3 * 0.755 0.419 0.242
3.0 0.684 0.804 0.283 3 * 0.869 0.815 0.283
3.5 0.757 0.828 0.448 3 * 0.882 0.849 0.448
4.0 0.810 0.810 0.784 3 * 0.847 0.799 0.784
4.5 0.829 0.884 0.629 3 * 0.936 0.913 0.629
5.0 0.967 0.967 0.960 3 * 0.976 0.964 0.960
5.5 0.979 0.979 0.975 3 * 0.984 0.978 0.975
6.0 0.988 0.988 0.986 3 * 0.990 0.987 0.986
6.5 0.991 0.991 0.990 3 * 0.993 0.991 0.990
7.0 0.995 0.995 0.994 3 * 0.996 0.995 0.994
7.5 0.996 0.996 0.995 3 * 0.997 0.996 0.995
8.0 0.998 0.998 0.998 3 * 0.998 0.998 0.998
8.5 0.998 0.998 0.998 3 * 0.999 0.998 0.998
9.0 0.999 0.999 0.999 3 * 0.999 0.999 0.999
9.5 0.999 0.999 0.999 3 * 0.999 0.999 0.999
10.0 0.999 0.999 0.999 3 * 0.999 0.999 0.999
0.5 0.003 0.003 0.000 3 * 0.009 0.000 0.000
1.0 0.017 0.017 0.000 3 * 0.051 0.000 0.000
1.5 0.105 0.216 0.000 3 * 0.275 0.024 0.000
2.0 0.244 0.301 0.070 3 * 0.466 0.146 0.070
2.5 0.566 0.670 0.207 3 * 0.771 0.655 0.207
3.0 0.642 0.698 0.384 3 * 0.758 0.709 0.384
3.5 0.735 0.849 0.338 3 * 0.906 0.868 0.338
4.0 0.785 0.840 0.585 3 * 0.898 0.865 0.585
4.5 0.823 0.881 0.622 3 * 0.930 0.910 0.622
5.0 0.969 0.969 0.963 3 * 0.977 0.968 0.963
5.5 0.981 0.981 0.978 3 * 0.985 0.980 0.978
6.0 0.817 0.817 0.762 3 * 0.866 0.823 0.762
6.5 0.991 0.991 0.990 3 * 0.993 0.991 0.990
7.0 0.994 0.994 0.993 3 * 0.995 0.993 0.993
7.5 0.996 0.996 0.995 3 * 0.997 0.996 0.995
8.0 0.997 0.997 0.997 3 * 0.998 0.997 0.997
8.5 0.998 0.998 0.997 3 * 0.998 0.998 0.997
9.0 0.999 0.999 0.998 3 * 0.999 0.999 0.998
9.5 0.999 0.999 0.999 3 * 0.999 0.999 0.999
10.0 0.999 0.999 0.999 3 * 1.000 0.999 0.999
0.5 0.006 0.006 0.000 3 * 0.017 0.000 0.000
1.0 0.026 0.042 0.000 3 * 0.077 0.000 0.000
1.5 0.143 0.252 0.000 3 * 0.323 0.081 0.000
2.0 0.292 0.340 0.056 3 * 0.481 0.295 0.056
2.5 0.515 0.561 0.284 3 * 0.657 0.546 0.284
3.0 0.678 0.788 0.298 3 * 0.859 0.795 0.298
3.5 0.738 0.858 0.321 3 * 0.917 0.878 0.321
4.0 0.788 0.839 0.594 3 * 0.896 0.864 0.594
4.5 0.858 0.919 0.648 3 * 0.965 0.949 0.648
5.0 0.874 0.934 0.672 3 * 0.977 0.967 0.672
5.5 0.981 0.981 0.977 3 * 0.986 0.980 0.977
6.0 0.988 0.988 0.986 3 * 0.991 0.987 0.986
6.5 0.990 0.990 0.989 3 * 0.993 0.990 0.989
7.0 0.995 0.995 0.994 3 * 0.997 0.995 0.994
7.5 0.995 0.995 0.994 3 * 0.996 0.995 0.994
8.0 0.998 0.998 0.998 3 * 0.998 0.998 0.998
8.5 0.999 0.999 0.998 3 * 0.999 0.998 0.998
9.0 0.999 0.999 0.999 3 * 0.999 0.999 0.999
9.5 0.999 0.999 0.999 3 * 0.999 0.999 0.999
10.0 1.000 1.000 1.000 3 * 1.000 1.000 1.000
0.5 0.005 0.005 0.000 3 * 0.016 0.000 0.000
1.0 0.037 0.038 0.000 3 * 0.112 0.000 0.000
1.5 0.137 0.135 0.000 3 * 0.303 0.009 0.000
2.0 0.229 0.272 0.143 3 * 0.250 0.288 0.143
2.5 0.587 0.691 0.218 3 * 0.786 0.682 0.218
3.0 0.676 0.789 0.288 3 * 0.858 0.798 0.288
3.5 0.767 0.835 0.467 3 * 0.890 0.856 0.467
4.0 0.789 0.845 0.583 3 * 0.906 0.869 0.583
4.5 0.945 0.945 0.931 3 * 0.965 0.940 0.931
5.0 0.972 0.972 0.966 3 * 0.979 0.970 0.966
5.5 0.981 0.981 0.977 3 * 0.985 0.980 0.977
6.0 0.987 0.987 0.984 3 * 0.990 0.986 0.984
6.5 0.990 0.990 0.988 3 * 0.993 0.989 0.988
7.0 0.996 0.996 0.995 3 * 0.997 0.996 0.995
7.5 0.996 0.996 0.995 3 * 0.997 0.996 0.995
8.0 0.997 0.997 0.996 3 * 0.997 0.996 0.996
8.5 0.998 0.998 0.998 3 * 0.998 0.998 0.998
9.0 0.999 0.999 0.999 3 * 0.999 0.999 0.999
9.5 0.999 0.999 0.999 3 * 0.999 0.999 0.999
10.0 0.999 0.999 0.999 3 * 1.000 0.999 0.999
