0.5 0.005 0.005 0.000 3 * 0.015 0.000 0.000
1.0 0.011 0.011 0.000 3 * 0.034 0.000 0.000
1.5 0.168 0.191 0.000 3 * 0.298 0.079 0.000
2.0 0.286 0.360 0.099 3 * 0.506 0.254 0.099
2.5 0.568 0.670 0.215 3 * 0.770 0.655 0.215
3.0 0.681 0.800 0.283 3 * 0.867 0.810 0.283
3.5 0.768 0.838 0.467 3 * 0.891 0.858 0.467
4.0 0.772 0.897 0.341 3 * 0.949 0.922 0.341
4.5 0.881 0.881 0.865 3 * 0.904 0.873 0.865
5.0 0.967 0.967 0.962 3 * 0.974 0.966 0.962
5.5 0.980 0.980 0.976 3 * 0.985 0.980 0.976
6.0 0.988 0.988 0.986 3 * 0.990 0.987 0.986
6.5 0.992 0.992 0.990 3 * 0.994 0.991 0.990
7.0 0.995 0.995 0.995 3 * 0.996 0.995 0.995
7.5 0.997 0.997 0.996 3 * 0.997 0.996 0.996
8.0 0.997 0.997 0.997 3 * 0.998 0.997 0.997
8.5 0.998 0.998 0.998 3 * 0.998 0.998 0.998
9.0 0.999 0.999 0.999 3 * 0.999 0.999 0.999
9.5 0.999 0.999 0.999 3 * 0.999 0.999 0.999
10.0 0.999 0.999 0.999 3 * 1.000 0.999 0.999
0.5 0.008 0.008 0.000 3 * 0.024 0.000 0.000
1.0 0.028 0.028 0.000 3 * 0.084 0.000 0.000
1.5 0.118 0.130 0.000 3 * 0.194 0.110 0.000
2.0 0.205 0.172 0.035 3 * 0.370 0.088 0.035
2.5 0.555 0.661 0.192 3 * 0.761 0.646 0.192
3.0 0.689 0.797 0.318 3 * 0.862 0.807 0.318
3.5 0.739 0.807 0.448 3 * 0.859 0.826 0.448
4.0 0.787 0.841 0.574 3 * 0.904 0.862 0.574
4.5 0.914 0.914 0.898 3 * 0.936 0.908 0.898
5.0 0.972 0.972 0.967 3 * 0.979 0.971 0.967
5.5 0.983 0.983 0.979 3 * 0.987 0.982 0.979
6.0 0.985 0.985 0.982 3 * 0.989 0.985 0.982
6.5 0.991 0.991 0.989 3 * 0.994 0.991 0.989
7.0 0.995 0.995 0.993 3 * 0.996 0.994 0.993
7.5 0.996 0.996 0.995 3 * 0.997 0.995 0.995
8.0 0.919 0.959 0.763 3 * 0.997 0.996 0.763
8.5 0.998 0.998 0.997 3 * 0.998 0.997 0.997
9.0 0.999 0.999 0.999 3 * 0.999 0.999 0.999
9.5 0.999 0.999 0.999 3 * 0.999 0.999 0.999
10.0 0.999 0.999 0.999 3 * 0.999 0.999 0.999
0.5 0.004 0.004 0.000 3 * 0.012 0.000 0.000
1.0 0.027 0.027 0.000 3 * 0.081 0.000 0.000
1.5 0.150 0.217 0.000 3 * 0.327 0.059 0.000
2.0 0.206 0.211 0.047 3 * 0.223 0.185 0.047
2.5 0.552 0.656 0.186 3 * 0.761 0.640 0.186
3.0 0.673 0.787 0.281 3 * 0.861 0.793 0.281
3.5 0.730 0.850 0.326 3 * 0.903 0.871 0.326
4.0 0.792 0.844 0.585 3 * 0.903 0.868 0.585
4.5 0.864 0.926 0.657 3 * 0.971 0.957 0.657
5.0 0.969 0.969 0.962 3 * 0.977 0.968 0.962
5.5 0.982 0.982 0.977 3 * 0.987 0.981 0.977
6.0 0.987 0.987 0.985 3 * 0.991 0.986 0.985
6.5 0.991 0.991 0.989 3 * 0.993 0.991 0.989
7.0 0.994 0.994 0.993 3 * 0.995 0.994 0.993
7.5 0.996 0.996 0.995 3 * 0.998 0.996 0.995
8.0 0.997 0.997 0.997 3 * 0.998 0.997 0.997
8.5 0.998 0.998 0.998 3 * 0.999 0.998 0.998
9.0 0.999 0.999 0.998 3 * 0.999 0.999 0.998
9.5 0.999 0.999 0.999 3 * 0.999 0.999 0.999
10.0 0.999 0.999 0.999 3 * 0.999 0.999 0.999
0.5 0.006 0.006 0.000 3 * 0.017 0.000 0.000
1.0 0.013 0.013 0.000 3 * 0.039 0.000 0.000
1.5 0.176 0.197 0.000 3 * 0.335 0.089 0.000
2.0 0.257 0.296 0.105 3 * 0.433 0.222 0.105
2.5 0.577 0.679 0.232 3 * 0.775 0.664 0.232
3.0 0.666 0.773 0.294 3 * 0.846 0.778 0.294
3.5 0.773 0.845 0.460 3 * 0.901 0.866 0.460
4.0 0.760 0.813 0.536 3 * 0.872 0.837 0.536
4.5 0.831 0.888 0.636 3 * 0.935 0.918 0.636
5.0 0.971 0.971 0.964 3 * 0.979 0.969 0.964
5.5 0.981 0.981 0.977 3 * 0.986 0.979 0.977
6.0 0.989 0.989 0.986 3 * 0.992 0.988 0.986
6.5 0.992 0.992 0.990 3 * 0.994 0.991 0.990
7.0 0.994 0.994 0.993 3 * 0.995 0.994 0.993
7.5 0.996 0.996 0.995 3 * 0.997 0.995 0.995
8.0 0.997 0.997 0.996 3 * 0.998 0.997 0.996
8.5 0.998 0.998 0.998 3 * 0.998 0.998 0.998
9.0 0.998 0.998 0.998 3 * 0.998 0.998 0.998
9.5 0.999 0.999 0.999 3 * 0.999 0.999 0.999
10.0 0.999 0.999 0.999 3 * 1.000 0.999 0.999
0.5 0.004 0.004 0.000 3 * 0.011 0.000 0.000
1.0 0.010 0.010 0.000 3 * 0.031 0.000 0.000
1.5 0.163 0.258 0.000 3 * 0.326 0.095 0.000
2.0 0.317 0.420 0.053 3 * 0.564 0.276 0.053
2.5 0.563 0.665 0.223 3 * 0.759 0.649 0.223
3.0 0.699 0.772 0.395 3 * 0.840 0.782 0.395
3.5 0.726 0.841 0.334 3 * 0.896 0.861 0.334
4.0 0.790 0.847 0.586 3 * 0.900 0.873 0.586
4.5 0.866 0.922 0.674 3 * 0.966 0.952 0.674
5.0 0.971 0.971 0.965 3 * 0.980 0.969 0.965
5.5 0.981 0.981 0.976 3 * 0.987 0.980 0.976
6.0 0.988 0.988 0.986 3 * 0.992 0.988 0.986
6.5 0.990 0.990 0.989 3 * 0.992 0.990 0.989
7.0 0.995 0.995 0.994 3 * 0.996 0.994 0.994
7.5 0.995 0.995 0.995 3 * 0.997 0.995 0.995
8.0 0.997 0.997 0.997 3 * 0.998 0.997 0.997
8.5 0.998 0.998 0.997 3 * 0.998 0.997 0.997
9.0 0.999 0.999 0.999 3 * 0.999 0.999 0.999
9.5 0.999 0.999 0.999 3 * 1.000 0.999 0.999
10.0 0.999 0.999 0.999 3 * 0.999 0.999 0.999
0.5 0.006 0.006 0.000 3 * 0.017 0.000 0.000
1.0 0.034 0.059 0.000 3 * 0.103 0.000 0.000
1.5 0.141 0.109 0.000 3 * 0.249 0.046 0.000
2.0 0.249 0.315 0.066 3 * 0.480 0.134 0.066
2.5 0.561 0.667 0.198 3 * 0.763 0.655 0.198
3.0 0.671 0.774 0.304 3 * 0.844 0.782 0.304
3.5 0.735 0.858 0.321 3 * 0.912 0.879 0.321
4.0 0.778 0.831 0.578 3 * 0.889 0.855 0.578
4.5 0.861 0.861 0.845 3 * 0.884 0.854 0.845
5.0 0.970 0.970 0.964 3 * 0.978 0.969 0.964
5.5 0.979 0.979 0.976 3 * 0.984 0.978 0.976
6.0 0.986 0.986 0.984 3 * 0.989 0.986 0.984
6.5 0.863 0.863 0.808 3 * 0.905 0.876 0.808
7.0 0.907 0.953 0.741 3 * 0.991 0.989 0.741
7.5 0.996 0.996 0.995 3 * 0.997 0.996 0.995
8.0 0.998 0.998 0.998 3 * 0.998 0.998 0.998
8.5 0.998 0.998 0.997 3 * 0.998 0.997 0.997
9.0 0.999 0.999 0.999 3 * 0.999 0.999 0.999
9.5 0.999 0.999 0.999 3 * 0.999 0.999 0.999
10.0 1.000 1.000 1.000 3 * 1.000 1.000 1.000
0.5 0.004 0.004 0.000 3 * 0.012 0.000 0.000
1.0 0.022 0.022 0.000 3 * 0.067 0.000 0.000
1.5 0.172 0.218 0.000 3 * 0.369 0.092 0.000
2.0 0.220 0.280 0.042 3 * 0.439 0.127 0.042
2.5 0.539 0.587 0.299 3 * 0.687 0.571 0.299
3.0 0.673 0.783 0.297 3 * 0.849 0.792 0.297
3.5 0.774 0.845 0.467 3 * 0.899 0.865 0.467
4.0 0.779 0.840 0.574 3 * 0.897 0.863 0.574
4.5 0.864 0.919 0.668 3 * 0.965 0.950 0.668
5.0 0.972 0.972 0.966 3 * 0.979 0.970 0.966
5.5 0.981 0.981 0.978 3 * 0.985 0.980 0.978
6.0 0.986 0.986 0.984 3 * 0.988 0.985 0.984
6.5 0.992 0.992 0.991 3 * 0.994 0.992 0.991
7.0 0.994 0.994 0.993 3 * 0.995 0.993 0.993
7.5 0.996 0.996 0.995 3 * 0.996 0.996 0.995
8.0 0.998 0.998 0.997 3 * 0.998 0.998 0.997
8.5 0.998 0.998 0.998 3 * 0.998 0.998 0.998
9.0 0.999 0.999 0.999 3 * 0.999 0.999 0.999
9.5 0.999 0.999 0.999 3 * 0.999 0.999 0.999
10.0 0.999 0.999 0.999 3 * 1.000 0.999 0.999
0.5 0.005 0.005 0.000 3 * 0.014 0.000 0.000
1.0 0.027 0.027 0.000 3 * 0.080 0.000 0.000
1.5 0.107 0.172 0.000 3 * 0.210 0.064 0.000
2.0 0.239 0.328 0.131 3 * 0.390 0.182 0.131
2.5 0.481 0.545 0.219 3 * 0.739 0.383 0.219
3.0 0.681 0.794 0.292 3 * 0.859 0.806 0.292
3.5 0.741 0.866 0.323 3 * 0.919 0.886 0.323
4.0 0.765 0.819 0.552 3 * 0.883 0.840 0.552
4.5 0.821 0.880 0.617 3 * 0.931 0.908 0.617
5.0 0.970 0.970 0.964 3 * 0.977 0.969 0.964
5.5 0.980 0.980 0.977 3 * 0.985 0.979 0.977
6.0 0.986 0.986 0.984 3 * 0.989 0.986 0.984
6.5 0.991 0.991 0.989 3 * 0.993 0.990 0.989
7.0 0.994 0.994 0.993 3 * 0.996 0.994 0.993
7.5 0.996 0.996 0.995 3 * 0.996 0.996 0.995
8.0 0.997 0.997 0.996 3 * 0.998 0.997 0.996
8.5 0.998 0.998 0.998 3 * 0.999 0.998 0.998
9.0 0.999 0.999 0.999 3 * 0.999 0.999 0.999
9.5 0.999 0.999 0.999 3 * 0.999 0.999 0.999
10.0 0.999 0.999 0.999 3 * 0.999 0.999 0.999
0.5 0.008 0.008 0.000 3 * 0.025 0.000 0.000
1.0 0.012 0.012 0.000 3 * 0.036 0.000 0.000
1.5 0.123 0.151 0.000 3 * 0.285 0.044 0.000
2.0 0.233 0.341 0.061 3 * 0.428 0.102 0.061
2.5 0.554 0.649 0.208 3 * 0.752 0.633 0.208
3.0 0.671 0.786 0.274 3 * 0.859 0.794 0.274
3.5 0.761 0.828 0.466 3 * 0.881 0.847 0.466
4.0 0.789 0.841 0.586 3 * 0.899 0.866 0.586
4.5 0.916 0.916 0.900 3 * 0.939 0.910 0.900
5.0 0.957 0.957 0.949 3 * 0.967 0.954 0.949
5.5 0.982 0.982 0.979 3 * 0.987 0.981 0.979
6.0 0.987 0.987 0.985 3 * 0.990 0.986 0.985
6.5 0.992 0.992 0.990 3 * 0.994 0.991 0.990
7.0 0.994 0.994 0.993 3 * 0.996 0.994 0.993
7.5 0.996 0.996 0.996 3 * 0.998 0.996 0.996
8.0 0.997 0.997 0.996 3 * 0.998 0.996 0.996
8.5 0.999 0.999 0.999 3 * 0.999 0.999 0.999
9.0 0.999 0.999 0.998 3 * 0.999 0.998 0.998
9.5 0.999 0.999 0.999 3 * 0.999 0.999 0.999
10.0 0.999 0.999 0.999 3 * 0.999 0.999 0.999
0.5 0.003 0.003 0.000 3 * 0.009 0.000 0.000
1.0 0.040 0.077 0.000 3 * 0.120 0.000 0.000
1.5 0.118 0.208 0.000 3 * 0.271 0.010 0.000
2.0 0.335 0.438 0.075 3 * 0.578 0.335 0.075
2.5 0.555 0.657 0.195 3 * 0.771 0.634 0.195
3.0 0.683 0.789 0.312 3 * 0.857 0.798 0.312
3.5 0.768 0.839 0.458 3 * 0.895 0.860 0.458
4.0 0.771 0.826 0.562 3 * 0.887 0.849 0.562
4.5 0.847 0.906 0.646 3 * 0.955 0.935 0.646
5.0 0.973 0.973 0.969 3 * 0.979 0.972 0.969
5.5 0.979 0.979 0.975 3 * 0.984 0.978 0.975
6.0 0.989 0.989 0.987 3 * 0.992 0.989 0.987
6.5 0.991 0.991 0.989 3 * 0.993 0.990 0.989
7.0 0.993 0.993 0.992 3 * 0.995 0.992 0.992
7.5 0.996 0.996 0.996 3 * 0.997 0.996 0.996
8.0 0.997 0.997 0.997 3 * 0.998 0.997 0.997
8.5 0.998 0.998 0.997 3 * 0.998 0.998 0.997
9.0 0.999 0.999 0.999 3 * 0.999 0.999 0.999
9.5 0.999 0.999 0.999 3 * 0.999 0.999 0.999
10.0 1.000 1.000 0.999 3 * 1.000 1.000 0.999
0.5 0.005 0.005 0.000 3 * 0.015 0.000 0.000
1.0 0.023 0.024 0.000 3 * 0.069 0.000 0.000
1.5 0.144 0.207 0.000 3 * 0.324 0.000 0.000
2.0 0.201 0.210 0.100 3 * 0.316 0.159 0.100
2.5 0.536 0.605 0.263 3 * 0.707 0.584 0.263
3.0 0.681 0.793 0.288 3 * 0.863 0.804 0.288
3.5 0.735 0.856 0.322 3 * 0.913 0.875 0.322
4.0 0.775 0.896 0.354 3 * 0.948 0.921 0.354
4.5 0.831 0.889 0.632 3 * 0.940 0.918 0.632
5.0 0.971 0.971 0.966 3 * 0.977 0.970 0.966
5.5 0.979 0.979 0.975 3 * 0.984 0.978 0.975
6.0 0.987 0.987 0.985 3 * 0.989 0.986 0.985
6.5 0.873 0.873 0.816 3 * 0.917 0.886 0.816
7.0 0.994 0.994 0.993 3 * 0.995 0.994 0.993
7.5 0.997 0.997 0.997 3 * 0.998 0.997 0.997
8.0 0.997 0.997 0.997 3 * 0.998 0.997 0.997
8.5 0.998 0.998 0.998 3 * 0.999 0.998 0.998
9.0 0.999 0.999 0.999 3 * 0.999 0.999 0.999
9.5 0.999 0.999 0.999 3 * 0.999 0.999 0.999
10.0 1.000 1.000 1.000 3 * 1.000 1.000 1.000
0.5 0.007 0.007 0.000 3 * 0.022 0.000 0.000
1.0 0.029 0.029 0.000 3 * 0.086 0.000 0.000
1.5 0.102 0.156 0.000 3 * 0.217 0.016 0.000
2.0 0.212 0.193 0.046 3 * 0.395 0.105 0.046
2.5 0.546 0.631 0.225 3 * 0.741 0.610 0.225
3.0 0.688 0.800 0.298 3 * 0.865 0.813 0.298
3.5 0.728 0.850 0.314 3 * 0.906 0.870 0.314
4.0 0.772 0.894 0.351 3 * 0.946 0.919 0.351
4.5 0.905 0.905 0.891 3 * 0.926 0.899 0.891
5.0 0.946 0.946 0.937 3 * 0.958 0.943 0.937
5.5 0.980 0.980 0.976 3 * 0.984 0.979 0.976
6.0 0.986 0.986 0.983 3 * 0.989 0.985 0.983
6.5 0.990 0.990 0.989 3 * 0.992 0.990 0.989
7.0 0.994 0.994 0.993 3 * 0.996 0.993 0.993
7.5 0.996 0.996 0.995 3 * 0.998 0.996 0.995
8.0 0.998 0.998 0.997 3 * 0.998 0.997 0.997
8.5 0.997 0.997 0.996 3 * 0.997 0.997 0.996
9.0 0.999 0.999 0.998 3 * 0.999 0.999 0.998
9.5 0.917 0.961 0.755 3 * 0.998 0.998 0.755
10.0 0.999 0.999 0.999 3 * 0.999 0.999 0.999
0.5 0.007 0.007 0.000 3 * 0.020 0.000 0.000
1.0 0.049 0.060 0.000 3 * 0.147 0.000 0.000
1.5 0.190 0.266 0.000 3 * 0.388 0.157 0.000
2.0 0.268 0.322 0.060 3 * 0.455 0.097 0.060
2.5 0.546 0.655 0.175 3 * 0.766 0.634 0.175
3.0 0.675 0.788 0.286 3 * 0.859 0.796 0.286
3.5 0.733 0.857 0.316 3 * 0.914 0.877 0.316
4.0 0.774 0.893 0.359 3 * 0.944 0.919 0.359
4.5 0.838 0.897 0.636 3 * 0.945 0.927 0.636
5.0 0.969 0.969 0.963 3 * 0.976 0.967 0.963
5.5 0.982 0.982 0.978 3 * 0.987 0.980 0.978
6.0 0.988 0.988 0.985 3 * 0.991 0.987 0.985
6.5 0.992 0.992 0.991 3 * 0.994 0.992 0.991
7.0 0.995 0.995 0.994 3 * 0.996 0.994 0.994
7.5 0.996 0.996 0.995 3 * 0.997 0.996 0.995
8.0 0.998 0.998 0.997 3 * 0.998 0.998 0.997
8.5 0.998 0.998 0.998 3 * 0.999 0.998 0.998
9.0 0.998 0.998 0.998 3 * 0.999 0.998 0.998
9.5 0.999 0.999 0.999 3 * 1.000 0.999 0.999
10.0 0.999 0.999 0.999 3 * 1.000 0.999 0.999
0.5 0.009 0.009 0.000 3 * 0.028 0.000 0.000
1.0 0.031 0.031 0.000 3 * 0.092 0.000 0.000
1.5 0.153 0.207 0.000 3 * 0.354 0.089 0.000
2.0 0.231 0.291 0.082 3 * 0.330 0.279 0.082
2.5 0.539 0.641 0.187 3 * 0.763 0.611 0.187
3.0 0.670 0.780 0.296 3 * 0.852 0.785 0.296
3.5 0.764 0.828 0.471 3 * 0.884 0.847 0.471
4.0 0.775 0.829 0.561 3 * 0.883 0.854 0.561
4.5 0.879 0.879 0.861 3 * 0.902 0.872 0.861
5.0 0.969 0.969 0.963 3 * 0.978 0.967 0.963
5.5 0.981 0.981 0.978 3 * 0.985 0.980 0.978
6.0 0.986 0.986 0.984 3 * 0.988 0.986 0.984
6.5 0.991 0.991 0.989 3 * 0.993 0.990 0.989
7.0 0.993 0.993 0.992 3 * 0.994 0.992 0.992
7.5 0.912 0.955 0.749 3 * 0.993 0.992 0.749
8.0 0.997 0.997 0.997 3 * 0.998 0.997 0.997
8.5 0.915 0.961 0.749 3 * 0.998 0.997 0.749
9.0 0.999 0.999 0.999 3 * 0.999 0.999 0.999
9.5 0.999 0.999 0.999 3 * 0.999 0.999 0.999
10.0 1.000 1.000 0.999 3 * 1.000 1.000 0.999
0.5 0.005 0.005 0.000 3 * 0.016 0.000 0.000
1.0 0.025 0.025 0.000 3 * 0.074 0.000 0.000
1.5 0.088 0.085 0.000 3 * 0.190 0.013 0.000
2.0 0.259 0.223 0.074 3 * 0.421 0.132 0.074
2.5 0.571 0.676 0.221 3 * 0.774 0.659 0.221
3.0 0.677 0.744 0.395 3 * 0.813 0.749 0.395
3.5 0.738 0.860 0.320 3 * 0.916 0.881 0.320
4.0 0.788 0.846 0.578 3 * 0.904 0.870 0.578
4.5 0.893 0.893 0.877 3 * 0.915 0.887 0.877
5.0 0.970 0.970 0.963 3 * 0.979 0.967 0.963
5.5 0.980 0.980 0.976 3 * 0.985 0.979 0.976
6.0 0.986 0.986 0.984 3 * 0.990 0.986 0.984
6.5 0.991 0.991 0.990 3 * 0.993 0.991 0.990
7.0 0.993 0.993 0.992 3 * 0.994 0.992 0.992
7.5 0.996 0.996 0.996 3 * 0.997 0.996 0.996
8.0 0.997 0.997 0.996 3 * 0.998 0.997 0.996
8.5 0.998 0.998 0.998 3 * 0.999 0.998 0.998
9.0 0.999 0.999 0.998 3 * 0.999 0.998 0.998
9.5 0.999 0.999 0.999 3 * 0.999 0.999 0.999
10.0 1.000 1.000 0.999 3 * 1.000 0.999 0.999
0.5 0.003 0.003 0.000 3 * 0.008 0.000 0.000
1.0 0.027 0.051 0.000 3 * 0.081 0.000 0.000
1.5 0.160 0.241 0.000 3 * 0.354 0.003 0.000
2.0 0.303 0.350 0.060 3 * 0.517 0.247 0.060
2.5 0.478 0.568 0.188 3 * 0.764 0.363 0.188
3.0 0.677 0.788 0.302 3 * 0.857 0.794 0.302
3.5 0.750 0.815 0.459 3 * 0.869 0.834 0.459
4.0 0.770 0.823 0.566 3 * 0.887 0.845 0.566
4.5 0.937 0.937 0.925 3 * 0.953 0.934 0.925
5.0 0.953 0.953 0.945 3 * 0.964 0.951 0.945
5.5 0.979 0.979 0.975 3 * 0.984 0.978 0.975
6.0 0.986 0.986 0.983 3 * 0.990 0.985 0.983
6.5 0.989 0.989 0.988 3 * 0.992 0.989 0.988
7.0 0.994 0.994 0.993 3 * 0.995 0.994 0.993
7.5 0.996 0.996 0.996 3 * 0.997 0.996 0.996
8.0 0.997 0.997 0.997 3 * 0.998 0.997 0.997
8.5 0.998 0.998 0.998 3 * 0.998 0.998 0.998
9.0 0.999 0.999 0.998 3 * 0.999 0.998 0.998
9.5 0.999 0.999 0.999 3 * 0.999 0.999 0.999
10.0 0.999 0.999 0.999 3 * 0.999 0.999 0.999
0.5 0.004 0.004 0.000 3 * 0.011 0.000 0.000
1.0 0.041 0.042 0.000 3 * 0.123 0.000 0.000
1.5 0.125 0.217 0.000 3 * 0.283 0.080 0.000
2.0 0.251 0.311 0.043 3 * 0.399 0.193 0.043
2.5 0.558 0.660 0.195 3 * 0.764 0.645 0.195
3.0 0.669 0.735 0.388 3 * 0.800 0.744 0.388
3.5 0.734 0.851 0.325 3 * 0.913 0.868 0.325
4.0 0.782 0.898 0.367 3 * 0.948 0.926 0.367
4.5 0.883 0.883 0.867 3 * 0.906 0.877 0.867
5.0 0.970 0.970 0.964 3 * 0.979 0.968 0.964
5.5 0.981 0.981 0.977 3 * 0.986 0.980 0.977
6.0 0.986 0.986 0.983 3 * 0.989 0.985 0.983
6.5 0.991 0.991 0.989 3 * 0.993 0.990 0.989
7.0 0.994 0.994 0.993 3 * 0.995 0.994 0.993
7.5 0.996 0.996 0.995 3 * 0.997 0.995 0.995
8.0 0.997 0.997 0.996 3 * 0.998 0.997 0.996
8.5 0.997 0.997 0.997 3 * 0.998 0.997 0.997
9.0 0.999 0.999 0.999 3 * 1.000 0.999 0.999
9.5 0.999 0.999 0.999 3 * 0.999 0.999 0.999
10.0 1.000 1.000 1.000 3 * 1.000 1.000 1.000
0.5 0.005 0.005 0.000 3 * 0.015 0.000 0.000
1.0 0.025 0.042 0.000 3 * 0.076 0.000 0.000
1.5 0.159 0.257 0.000 3 * 0.336 0.082 0.000
2.0 0.238 0.232 0.005 3 * 0.307 0.205 0.005
2.5 0.476 0.526 0.283 3 * 0.640 0.487 0.283
3.0 0.674 0.790 0.292 3 * 0.858 0.796 0.292
3.5 0.756 0.821 0.460 3 * 0.877 0.840 0.460
4.0 0.774 0.895 0.350 3 * 0.948 0.921 0.350
4.5 0.837 0.889 0.645 3 * 0.941 0.918 0.645
5.0 0.969 0.969 0.963 3 * 0.978 0.968 0.963
5.5 0.982 0.982 0.979 3 * 0.986 0.981 0.979
6.0 0.986 0.986 0.984 3 * 0.989 0.985 0.984
6.5 0.902 0.953 0.722 3 * 0.992 0.989 0.722
7.0 0.994 0.994 0.993 3 * 0.995 0.993 0.993
7.5 0.996 0.996 0.995 3 * 0.997 0.996 0.995
8.0 0.998 0.998 0.997 3 * 0.999 0.998 0.997
8.5 0.998 0.998 0.998 3 * 0.999 0.998 0.998
9.0 0.999 0.999 0.999 3 * 0.999 0.999 0.999
9.5 1.000 1.000 0.999 3 * 1.000 1.000 0.999
10.0 0.919 0.962 0.758 3 * 0.999 0.999 0.758
0.5 0.004 0.004 0.000 3 * 0.013 0.000 0.000
1.0 0.020 0.022 0.000 3 * 0.061 0.000 0.000
1.5 0.136 0.109 0.000 3 * 0.296 0.004 0.000
2.0 0.277 0.340 0.024 3 * 0.443 0.171 0.024
2.5 0.557 0.654 0.210 3 * 0.750 0.643 0.210
3.0 0.667 0.773 0.297 3 * 0.839 0.784 0.297
3.5 0.770 0.833 0.485 3 * 0.883 0.855 0.485
4.0 0.775 0.895 0.357 3 * 0.946 0.921 0.357
4.5 0.820 0.877 0.619 3 * 0.929 0.906 0.619
5.0 0.971 0.971 0.964 3 * 0.978 0.969 0.964
5.5 0.980 0.980 0.976 3 * 0.986 0.978 0.976
6.0 0.853 0.853 0.792 3 * 0.903 0.864 0.792
6.5 0.992 0.992 0.991 3 * 0.994 0.992 0.991
7.0 0.993 0.993 0.992 3 * 0.995 0.993 0.992
7.5 0.995 0.995 0.995 3 * 0.996 0.995 0.995
8.0 0.998 0.998 0.997 3 * 0.998 0.997 0.997
8.5 0.999 0.999 0.999 3 * 0.999 0.999 0.999
9.0 0.998 0.998 0.998 3 * 0.999 0.998 0.998
9.5 0.999 0.999 0.999 3 * 0.999 0.999 0.999
10.0 1.000 1.000 1.000 3 * 1.000 1.000 1.000
0.5 0.004 0.004 0.000 3 * 0.012 0.000 0.000
1.0 0.039 0.039 0.000 3 * 0.117 0.000 0.000
1.5 0.111 0.224 0.000 3 * 0.297 0.012 0.000
2.0 0.227 0.212 0.096 3 * 0.408 0.126 0.096
2.5 0.535 0.587 0.276 3 * 0.682 0.577 0.276
3.0 0.655 0.774 0.254 3 * 0.846 0.781 0.254
3.5 0.731 0.852 0.321 3 * 0.907 0.873 0.321
4.0 0.785 0.841 0.583 3 * 0.902 0.864 0.583
4.5 0.824 0.881 0.620 3 * 0.932 0.910 0.620
5.0 0.969 0.969 0.964 3 * 0.977 0.967 0.964
5.5 0.980 0.980 0.977 3 * 0.986 0.979 0.977
6.0 0.986 0.986 0.984 3 * 0.989 0.985 0.984
6.5 0.992 0.992 0.990 3 * 0.994 0.991 0.990
7.0 0.994 0.994 0.993 3 * 0.995 0.994 0.993
7.5 0.996 0.996 0.995 3 * 0.997 0.996 0.995
8.0 0.997 0.997 0.997 3 * 0.998 0.997 0.997
8.5 0.998 0.998 0.998 3 * 0.998 0.998 0.998
9.0 0.999 0.999 0.998 3 * 0.999 0.999 0.998
9.5 0.999 0.999 0.999 3 * 0.999 0.999 0.999
10.0 0.999 0.999 0.999 3 * 0.999 0.999 0.999
0.5 0.010 0.010 0.000 3 * 0.029 0.000 0.000
1.0 0.016 0.016 0.000 3 * 0.048 0.000 0.000
1.5 0.088 0.191 0.000 3 * 0.262 0.000 0.000
2.0 0.242 0.325 0.063 3 * 0.460 0.102 0.063
2.5 0.572 0.665 0.246 3 * 0.756 0.653 0.246
3.0 0.681 0.793 0.299 3 * 0.859 0.803 0.299
3.5 0.736 0.856 0.325 3 * 0.911 0.877 0.325
4.0 0.783 0.840 0.576 3 * 0.898 0.864 0.576
4.5 0.838 0.897 0.636 3 * 0.947 0.926 0.636
5.0 0.879 0.937 0.684 3 * 0.979 0.970 0.684
5.5 0.978 0.978 0.973 3 * 0.984 0.976 0.973
6.0 0.989 0.989 0.986 3 * 0.992 0.988 0.986
6.5 0.992 0.992 0.990 3 * 0.994 0.991 0.990
7.0 0.995 0.995 0.993 3 * 0.996 0.994 0.993
7.5 0.995 0.995 0.994 3 * 0.996 0.995 0.994
8.0 0.997 0.997 0.996 3 * 0.997 0.997 0.996
8.5 0.999 0.999 0.998 3 * 0.999 0.999 0.998
9.0 0.999 0.999 0.999 3 * 0.999 0.999 0.999
9.5 0.999 0.999 0.999 3 * 1.000 0.999 0.999
10.0 0.999 0.999 0.999 3 * 0.999 0.999 0.999
0.5 0.002 0.002 0.000 3 * 0.006 0.000 0.000
1.0 0.015 0.015 0.000 3 * 0.046 0.000 0.000
1.5 0.188 0.209 0.000 3 * 0.350 0.142 0.000
2.0 0.284 0.343 0.036 3 * 0.489 0.267 0.036
2.5 0.494 0.535 0.273 3 * 0.638 0.516 0.273
3.0 0.662 0.774 0.279 3 * 0.846 0.780 0.279
3.5 0.743 0.861 0.331 3 * 0.918 0.882 0.331
4.0 0.777 0.832 0.565 3 * 0.895 0.854 0.565
4.5 0.959 0.959 0.951 3 * 0.969 0.957 0.951
5.0 0.971 0.971 0.965 3 * 0.979 0.970 0.965
5.5 0.980 0.980 0.977 3 * 0.985 0.979 0.977
6.0 0.987 0.987 0.985 3 * 0.990 0.987 0.985
6.5 0.869 0.869 0.815 3 * 0.912 0.880 0.815
7.0 0.994 0.994 0.993 3 * 0.995 0.993 0.993
7.5 0.996 0.996 0.996 3 * 0.997 0.996 0.996
8.0 0.998 0.998 0.998 3 * 0.998 0.998 0.998
8.5 0.998 0.998 0.998 3 * 0.999 0.998 0.998
9.0 0.999 0.999 0.999 3 * 0.999 0.999 0.999
9.5 0.999 0.999 0.999 3 * 0.999 0.999 0.999
10.0 0.999 0.999 0.999 3 * 1.000 0.999 0.999
0.5 0.002 0.002 0.000 3 * 0.007 0.000 0.000
1.0 0.036 0.036 0.000 3 * 0.108 0.000 0.000
1.5 0.134 0.127 0.000 3 * 0.263 0.063 0.000
2.0 0.294 0.320 0.095 3 * 0.480 0.209 0.095
2.5 0.429 0.416 0.311 3 * 0.497 0.410 0.311
3.0 0.678 0.789 0.301 3 * 0.853 0.800 0.301
3.5 0.735 0.856 0.326 3 * 0.910 0.877 0.326
4.0 0.777 0.831 0.567 3 * 0.887 0.856 0.567
4.5 0.846 0.903 0.648 3 * 0.950 0.933 0.648
5.0 0.872 0.934 0.665 3 * 0.977 0.967 0.665
5.5 0.980 0.980 0.976 3 * 0.985 0.979 0.976
6.0 0.989 0.989 0.986 3 * 0.992 0.988 0.986
6.5 0.992 0.992 0.991 3 * 0.994 0.992 0.991
7.0 0.994 0.994 0.993 3 * 0.996 0.994 0.993
7.5 0.996 0.996 0.995 3 * 0.997 0.995 0.995
8.0 0.996 0.996 0.996 3 * 0.997 0.996 0.996
8.5 0.998 0.998 0.997 3 * 0.998 0.998 0.997
9.0 0.998 0.998 0.998 3 * 0.999 0.998 0.998
9.5 0.999 0.999 0.999 3 * 0.999 0.999 0.999
10.0 1.000 1.000 0.999 3 * 1.000 1.000 0.999
0.5 0.007 0.007 0.000 3 * 0.020 0.000 0.000
1.0 0.031 0.031 0.000 3 * 0.094 0.000 0.000
1.5 0.093 0.138 0.000 3 * 0.211 0.005 0.000
2.0 0.213 0.247 0.051 3 * 0.208 0.237 0.051
2.5 0.552 0.653 0.192 3 * 0.765 0.632 0.192
3.0 0.683 0.790 0.318 3 * 0.855 0.799 0.318
3.5 0.754 0.820 0.461 3 * 0.873 0.840 0.461
4.0 0.792 0.844 0.587 3 * 0.903 0.868 0.587
4.5 0.833 0.887 0.643 3 * 0.937 0.917 0.643
5.0 0.970 0.970 0.963 3 * 0.978 0.969 0.963
5.5 0.979 0.979 0.975 3 * 0.984 0.977 0.975
6.0 0.988 0.988 0.985 3 * 0.991 0.987 0.985
6.5 0.991 0.991 0.989 3 * 0.994 0.990 0.989
7.0 0.994 0.994 0.993 3 * 0.996 0.994 0.993
7.5 0.995 0.995 0.995 3 * 0.996 0.995 0.995
8.0 0.998 0.998 0.997 3 * 0.998 0.997 0.997
8.5 0.998 0.998 0.997 3 * 0.998 0.998 0.997
9.0 0.999 0.999 0.998 3 * 0.999 0.999 0.998
9.5 0.999 0.999 0.999 3 * 0.999 0.999 0.999
10.0 1.000 1.000 1.000 3 * 1.000 1.000 1.000
0.5 0.003 0.003 0.000 3 * 0.010 0.000 0.000
1.0 0.029 0.049 0.000 3 * 0.087 0.000 0.000
1.5 0.135 0.188 0.000 3 * 0.291 0.064 0.000
2.0 0.289 0.391 0.054 3 * 0.514 0.262 0.054
2.5 0.563 0.655 0.221 3 * 0.753 0.643 0.221
3.0 0.679 0.782 0.319 3 * 0.847 0.791 0.319
3.5 0.742 0.861 0.332 3 * 0.918 0.881 0.332
4.0 0.776 0.830 0.570 3 * 0.885 0.855 0.570
4.5 0.864 0.922 0.666 3 * 0.968 0.951 0.666
5.0 0.970 0.970 0.964 3 * 0.978 0.968 0.964
5.5 0.982 0.982 0.980 3 * 0.986 0.981 0.980
6.0 0.986 0.986 0.983 3 * 0.990 0.985 0.983
6.5 0.991 0.991 0.990 3 * 0.993 0.991 0.990
7.0 0.994 0.994 0.993 3 * 0.995 0.993 0.993
7.5 0.996 0.996 0.995 3 * 0.997 0.996 0.995
8.0 0.997 0.997 0.997 3 * 0.998 0.997 0.997
8.5 0.998 0.998 0.998 3 * 0.998 0.998 0.998
9.0 0.999 0.999 0.999 3 * 0.999 0.999 0.999
9.5 0.999 0.999 0.999 3 * 0.999 0.999 0.999
10.0 0.999 0.999 0.999 3 * 0.999 0.999 0.999
0.5 0.004 0.004 0.000 3 * 0.013 0.000 0.000
1.0 0.017 0.017 0.000 3 * 0.051 0.000 0.000
1.5 0.136 0.166 0.000 3 * 0.217 0.142 0.000
2.0 0.216 0.332 0.057 3 * 0.413 0.109 0.057
2.5 0.557 0.646 0.231 3 * 0.742 0.634 0.231
3.0 0.677 0.790 0.287 3 * 0.861 0.798 0.287
3.5 0.719 0.841 0.313 3 * 0.898 0.859 0.313
4.0 0.771 0.895 0.345 3 * 0.944 0.922 0.345
4.5 0.830 0.886 0.629 3 * 0.933 0.916 0.629
5.0 0.957 0.957 0.949 3 * 0.968 0.953 0.949
5.5 0.981 0.981 0.977 3 * 0.986 0.981 0.977
6.0 0.988 0.988 0.985 3 * 0.991 0.987 0.985
6.5 0.990 0.990 0.989 3 * 0.992 0.990 0.989
7.0 0.995 0.995 0.994 3 * 0.996 0.994 0.994
7.5 0.997 0.997 0.996 3 * 0.997 0.997 0.996
8.0 0.997 0.997 0.997 3 * 0.998 0.997 0.997
8.5 0.998 0.998 0.998 3 * 0.999 0.998 0.998
9.0 0.999 0.999 0.999 3 * 0.999 0.999 0.999
9.5 0.999 0.999 0.999 3 * 0.999 0.999 0.999
10.0 1.000 1.000 0.999 3 * 1.000 1.000 0.999
0.5 0.002 0.002 0.000 3 * 0.007 0.000 0.000
1.0 0.034 0.034 0.000 3 * 0.101 0.000 0.000
1.5 0.124 0.095 0.000 3 * 0.285 0.000 0.000
2.0 0.256 0.337 0.032 3 * 0.431 0.143 0.032
2.5 0.509 0.551 0.275 3 * 0.657 0.532 0.275
3.0 0.689 0.762 0.395 3 * 0.829 0.769 0.395
3.5 0.731 0.851 0.323 3 * 0.906 0.871 0.323
4.0 0.788 0.843 0.579 3 * 0.901 0.867 0.579
4.5 0.835 0.895 0.632 3 * 0.944 0.925 0.632
5.0 0.969 0.969 0.963 3 * 0.978 0.967 0.963
5.5 0.981 0.981 0.978 3 * 0.986 0.980 0.978
6.0 0.988 0.988 0.985 3 * 0.991 0.987 0.985
6.5 0.991 0.991 0.990 3 * 0.993 0.991 0.990
7.0 0.994 0.994 0.994 3 * 0.995 0.994 0.994
7.5 0.996 0.996 0.995 3 * 0.996 0.996 0.995
8.0 0.997 0.997 0.997 3 * 0.998 0.997 0.997
8.5 0.999 0.999 0.998 3 * 0.999 0.999 0.998
9.0 0.999 0.999 0.999 3 * 0.999 0.999 0.999
9.5 0.999 0.999 0.999 3 * 0.999 0.999 0.999
10.0 1.000 1.000 1.000 3 * 1.000 1.000 1.000
0.5 0.003 0.003 0.000 3 * 0.009 0.000 0.000
1.0 0.013 0.013 0.000 3 * 0.040 0.000 0.000
1.5 0.094 0.218 0.000 3 * 0.283 0.000 0.000
2.0 0.248 0.340 0.076 3 * 0.466 0.121 0.076
2.5 0.503 0.575 0.234 3 * 0.766 0.412 0.234
3.0 0.675 0.796 0.282 3 * 0.860 0.805 0.282
3.5 0.733 0.853 0.325 3 * 0.909 0.873 0.325
4.0 0.799 0.857 0.590 3 * 0.913 0.883 0.590
4.5 0.821 0.877 0.619 3 * 0.930 0.905 0.619
5.0 0.968 0.968 0.962 3 * 0.976 0.967 0.962
5.5 0.886 0.943 0.692 3 * 0.983 0.978 0.692
6.0 0.988 0.988 0.986 3 * 0.991 0.988 0.986
6.5 0.992 0.992 0.990 3 * 0.994 0.991 0.990
7.0 0.993 0.993 0.992 3 * 0.995 0.993 0.992
7.5 0.995 0.995 0.994 3 * 0.996 0.995 0.994
8.0 0.997 0.997 0.997 3 * 0.998 0.997 0.997
8.5 0.998 0.998 0.998 3 * 0.999 0.998 0.998
9.0 0.999 0.999 0.999 3 * 0.999 0.999 0.999
9.5 0.999 0.999 0.999 3 * 0.999 0.999 0.999
10.0 0.999 0.999 0.999 3 * 1.000 0.999 0.999
0.5 0.006 0.006 0.000 3 * 0.018 0.000 0.000
1.0 0.026 0.026 0.000 3 * 0.079 0.000 0.000
1.5 0.168 0.215 0.000 3 * 0.318 0.093 0.000
2.0 0.228 0.280 0.028 3 * 0.409 0.069 0.028
2.5 0.489 0.526 0.253 3 * 0.715 0.379 0.253
3.0 0.666 0.784 0.264 3 * 0.858 0.791 0.264
3.5 0.738 0.857 0.327 3 * 0.913 0.878 0.327
4.0 0.775 0.826 0.576 3 * 0.886 0.850 0.576
4.5 0.852 0.852 0.836 3 * 0.875 0.845 0.836
5.0 0.969 0.969 0.962 3 * 0.978 0.968 0.962
5.5 0.979 0.979 0.975 3 * 0.984 0.979 0.975
6.0 0.987 0.987 0.984 3 * 0.990 0.986 0.984
6.5 0.990 0.990 0.988 3 * 0.993 0.989 0.988
7.0 0.994 0.994 0.992 3 * 0.995 0.993 0.992
7.5 0.996 0.996 0.996 3 * 0.998 0.996 0.996
8.0 0.997 0.997 0.997 3 * 0.998 0.997 0.997
8.5 0.998 0.998 0.998 3 * 0.999 0.998 0.998
9.0 0.999 0.999 0.999 3 * 0.999 0.999 0.999
9.5 0.999 0.999 0.999 3 * 0.999 0.999 0.999
10.0 1.000 1.000 1.000 3 * 1.000 1.000 1.000
0.5 0.001 0.001 0.000 3 * 0.004 0.000 0.000
1.0 0.021 0.021 0.000 3 * 0.064 0.000 0.000
1.5 0.098 0.096 0.000 3 * 0.287 0.000 0.000
2.0 0.223 0.216 0.063 3 * 0.412 0.137 0.063
2.5 0.560 0.644 0.244 3 * 0.739 0.631 0.244
3.0 0.673 0.782 0.300 3 * 0.850 0.790 0.300
3.5 0.740 0.855 0.335 3 * 0.914 0.874 0.335
4.0 0.789 0.845 0.584 3 * 0.902 0.870 0.584
4.5 0.825 0.883 0.626 3 * 0.933 0.911 0.626
5.0 0.958 0.958 0.951 3 * 0.968 0.956 0.951
5.5 0.978 0.978 0.973 3 * 0.984 0.976 0.973
6.0 0.988 0.988 0.986 3 * 0.991 0.987 0.986
6.5 0.992 0.992 0.990 3 * 0.994 0.991 0.990
7.0 0.994 0.994 0.993 3 * 0.996 0.993 0.993
7.5 0.995 0.995 0.994 3 * 0.996 0.994 0.994
8.0 0.998 0.998 0.997 3 * 0.999 0.997 0.997
8.5 0.998 0.998 0.998 3 * 0.998 0.998 0.998
9.0 0.999 0.999 0.999 3 * 0.999 0.999 0.999
9.5 0.999 0.999 0.999 3 * 0.999 0.999 0.999
10.0 0.999 0.999 0.999 3 * 1.000 0.999 0.999
0.5 0.007 0.007 0.000 3 * 0.021 0.000 0.000
1.0 0.021 0.021 0.000 3 * 0.064 0.000 0.000
1.5 0.191 0.269 0.000 3 * 0.346 0.168 0.000
2.0 0.278 0.291 0.089 3 * 0.434 0.172 0.089
2.5 0.561 0.673 0.182 3 * 0.775 0.657 0.182
3.0 0.679 0.797 0.279 3 * 0.865 0.807 0.279
3.5 0.736 0.855 0.329 3 * 0.914 0.873 0.329
4.0 0.787 0.844 0.580 3 * 0.903 0.867 0.580
4.5 0.817 0.874 0.614 3 * 0.926 0.902 0.614
5.0 0.968 0.968 0.963 3 * 0.976 0.967 0.963
5.5 0.980 0.980 0.977 3 * 0.985 0.979 0.977
6.0 0.986 0.986 0.984 3 * 0.989 0.986 0.984
6.5 0.991 0.991 0.989 3 * 0.993 0.990 0.989
7.0 0.994 0.994 0.994 3 * 0.996 0.994 0.994
7.5 0.996 0.996 0.995 3 * 0.996 0.995 0.995
8.0 0.998 0.998 0.997 3 * 0.998 0.998 0.997
8.5 0.998 0.998 0.998 3 * 0.999 0.998 0.998
9.0 0.999 0.999 0.999 3 * 0.999 0.999 0.999
9.5 0.999 0.999 0.999 3 * 0.999 0.999 0.999
10.0 1.000 1.000 1.000 3 * 1.000 1.000 1.000
0.5 0.003 0.003 0.000 3 * 0.010 0.000 0.000
1.0 0.033 0.033 0.000 3 * 0.099 0.000 0.000
1.5 0.109 0.167 0.000 3 * 0.301 0.000 0.000
2.0 0.237 0.317 0.018 3 * 0.414 0.115 0.018
2.5 0.537 0.628 0.199 3 * 0.744 0.604 0.199
3.0 0.673 0.789 0.280 3 * 0.855 0.799 0.280
3.5 0.730 0.851 0.321 3 * 0.906 0.870 0.321
4.0 0.833 0.902 0.515 3 * 0.951 0.930 0.515
4.5 0.856 0.856 0.841 3 * 0.879 0.849 0.841
5.0 0.972 0.972 0.967 3 * 0.978 0.971 0.967
5.5 0.980 0.980 0.977 3 * 0.985 0.978 0.977
6.0 0.986 0.986 0.984 3 * 0.989 0.986 0.984
6.5 0.992 0.992 0.991 3 * 0.993 0.991 0.991
7.0 0.994 0.994 0.993 3 * 0.995 0.994 0.993
7.5 0.996 0.996 0.996 3 * 0.997 0.996 0.996
8.0 0.998 0.998 0.997 3 * 0.998 0.997 0.997
8.5 0.998 0.998 0.997 3 * 0.998 0.997 0.997
9.0 0.999 0.999 0.998 3 * 0.999 0.998 0.998
9.5 0.999 0.999 0.999 3 * 1.000 0.999 0.999
10.0 0.999 0.999 0.999 3 * 0.999 0.999 0.999
0.5 0.004 0.004 0.000 3 * 0.013 0.000 0.000
1.0 0.026 0.026 0.000 3 * 0.077 0.000 0.000
1.5 0.077 0.082 0.000 3 * 0.159 0.045 0.000
2.0 0.240 0.277 0.073 3 * 0.383 0.140 0.073
2.5 0.449 0.517 0.213 3 * 0.630 0.439 0.213
3.0 0.667 0.790 0.262 3 * 0.862 0.796 0.262
3.5 0.747 0.817 0.445 3 * 0.873 0.835 0.445
4.0 0.776 0.898 0.355 3 * 0.948 0.924 0.355
4.5 0.827 0.885 0.620 3 * 0.936 0.914 0.620
5.0 0.970 0.970 0.963 3 * 0.978 0.968 0.963
5.5 0.981 0.981 0.977 3 * 0.986 0.979 0.977
6.0 0.986 0.986 0.984 3 * 0.989 0.986 0.984
6.5 0.992 0.992 0.990 3 * 0.993 0.991 0.990
7.0 0.994 0.994 0.993 3 * 0.996 0.994 0.993
7.5 0.996 0.996 0.995 3 * 0.997 0.996 0.995
8.0 0.998 0.998 0.997 3 * 0.998 0.997 0.997
8.5 0.998 0.998 0.997 3 * 0.999 0.998 0.997
9.0 0.916 0.961 0.749 3 * 0.998 0.998 0.749
9.5 0.999 0.999 0.999 3 * 0.999 0.999 0.999
10.0 1.000 1.000 0.999 3 * 1.000 1.000 0.999
0.5 0.003 0.003 0.000 3 * 0.009 0.000 0.000
1.0 0.017 0.017 0.000 3 * 0.052 0.000 0.000
1.5 0.132 0.186 0.000 3 * 0.328 0.015 0.000
2.0 0.254 0.315 0.053 3 * 0.404 0.189 0.053
2.5 0.548 0.608 0.279 3 * 0.711 0.592 0.279
3.0 0.684 0.792 0.303 3 * 0.859 0.803 0.303
3.5 0.737 0.854 0.329 3 * 0.913 0.872 0.329
4.0 0.774 0.894 0.357 3 * 0.944 0.920 0.357
4.5 0.859 0.917 0.664 3 * 0.962 0.948 0.664
5.0 0.956 0.956 0.945 3 * 0.970 0.952 0.945
5.5 0.981 0.981 0.977 3 * 0.985 0.980 0.977
6.0 0.988 0.988 0.986 3 * 0.991 0.987 0.986
6.5 0.992 0.992 0.991 3 * 0.994 0.992 0.991
7.0 0.994 0.994 0.993 3 * 0.996 0.993 0.993
7.5 0.995 0.995 0.994 3 * 0.996 0.995 0.994
8.0 0.997 0.997 0.997 3 * 0.998 0.997 0.997
8.5 0.998 0.998 0.998 3 * 0.998 0.998 0.998
9.0 0.999 0.999 0.999 3 * 0.999 0.999 0.999
9.5 0.999 0.999 0.999 3 * 0.999 0.999 0.999
10.0 1.000 1.000 1.000 3 * 1.000 1.000 1.000
0.5 0.004 0.004 0.000 3 * 0.011 0.000 0.000
1.0 0.021 0.021 0.000 3 * 0.062 0.000 0.000
1.5 0.149 0.154 0.000 3 * 0.300 0.000 0.000
2.0 0.311 0.396 0.073 3 * 0.541 0.313 0.073
2.5 0.455 0.527 0.195 3 * 0.644 0.457 0.195
3.0 0.671 0.787 0.286 3 * 0.856 0.793 0.286
3.5 0.738 0.859 0.326 3 * 0.914 0.879 0.326
4.0 0.773 0.892 0.353 3 * 0.947 0.917 0.353
4.5 0.925 0.925 0.911 3 * 0.945 0.919 0.911
5.0 0.969 0.969 0.963 3 * 0.978 0.968 0.963
5.5 0.981 0.981 0.978 3 * 0.985 0.980 0.978
6.0 0.986 0.986 0.983 3 * 0.990 0.985 0.983
6.5 0.992 0.992 0.990 3 * 0.994 0.991 0.990
7.0 0.994 0.994 0.992 3 * 0.995 0.993 0.992
7.5 0.996 0.996 0.995 3 * 0.997 0.996 0.995
8.0 0.998 0.998 0.997 3 * 0.998 0.998 0.997
8.5 0.998 0.998 0.997 3 * 0.998 0.998 0.997
9.0 0.999 0.999 0.999 3 * 0.999 0.999 0.999
9.5 0.999 0.999 0.999 3 * 0.999 0.999 0.999
10.0 0.999 0.999 0.999 3 * 1.000 0.999 0.999
0.5 0.004 0.004 0.000 3 * 0.013 0.000 0.000
1.0 0.027 0.040 0.000 3 * 0.082 0.000 0.000
1.5 0.143 0.220 0.000 3 * 0.371 0.001 0.000
2.0 0.210 0.225 0.076 3 * 0.368 0.156 0.076
2.5 0.569 0.674 0.217 3 * 0.766 0.663 0.217
3.0 0.662 0.770 0.293 3 * 0.841 0.775 0.293
3.5 0.740 0.856 0.340 3 * 0.909 0.877 0.340
4.0 0.774 0.823 0.552 3 * 0.881 0.846 0.552
4.5 0.832 0.893 0.624 3 * 0.944 0.922 0.624
5.0 0.970 0.970 0.963 3 * 0.979 0.968 0.963
5.5 0.981 0.981 0.977 3 * 0.985 0.980 0.977
6.0 0.989 0.989 0.987 3 * 0.992 0.988 0.987
6.5 0.992 0.992 0.991 3 * 0.994 0.992 0.991
7.0 0.994 0.994 0.993 3 * 0.995 0.994 0.993
7.5 0.996 0.996 0.996 3 * 0.997 0.996 0.996
8.0 0.997 0.997 0.997 3 * 0.998 0.997 0.997
8.5 0.998 0.998 0.998 3 * 0.999 0.998 0.998
9.0 0.999 0.999 0.998 3 * 0.999 0.999 0.998
9.5 0.999 0.999 0.999 3 * 1.000 0.999 0.999
10.0 0.999 0.999 0.999 3 * 1.000 0.999 0.999
0.5 0.006 0.006 0.000 3 * 0.017 0.000 0.000
1.0 0.019 0.019 0.000 3 * 0.056 0.000 0.000
1.5 0.083 0.082 0.000 3 * 0.178 0.013 0.000
2.0 0.274 0.356 0.111 3 * 0.492 0.211 0.111
2.5 0.554 0.663 0.184 3 * 0.773 0.641 0.184
3.0 0.683 0.800 0.292 3 * 0.866 0.808 0.292
3.5 0.740 0.859 0.330 3 * 0.913 0.881 0.330
4.0 0.779 0.829 0.573 3 * 0.889 0.852 0.573
4.5 0.861 0.923 0.654 3 * 0.967 0.955 0.654
5.0 0.972 0.972 0.966 3 * 0.980 0.971 0.966
5.5 0.981 0.981 0.978 3 * 0.986 0.980 0.978
6.0 0.985 0.985 0.983 3 * 0.989 0.985 0.983
6.5 0.991 0.991 0.989 3 * 0.993 0.990 0.989
7.0 0.994 0.994 0.993 3 * 0.996 0.994 0.993
7.5 0.995 0.995 0.995 3 * 0.996 0.995 0.995
8.0 0.997 0.997 0.996 3 * 0.998 0.996 0.996
8.5 0.998 0.998 0.998 3 * 0.998 0.998 0.998
9.0 0.999 0.999 0.999 3 * 0.999 0.999 0.999
9.5 1.000 1.000 0.999 3 * 1.000 1.000 0.999
10.0 0.999 0.999 0.999 3 * 1.000 0.999 0.999
0.5 0.002 0.002 0.000 3 * 0.007 0.000 0.000
1.0 0.024 0.024 0.000 3 * 0.071 0.000 0.000
1.5 0.142 0.187 0.000 3 * 0.219 0.082 0.000
2.0 0.259 0.327 0.091 3 * 0.438 0.143 0.091
2.5 0.502 0.547 0.257 3 * 0.739 0.383 0.257
3.0 0.671 0.781 0.290 3 * 0.852 0.789 0.290
3.5 0.727 0.851 0.313 3 * 0.907 0.870 0.313
4.0 0.790 0.841 0.599 3 * 0.895 0.866 0.599
4.5 0.834 0.893 0.632 3 * 0.941 0.923 0.632
5.0 0.969 0.969 0.964 3 * 0.977 0.967 0.964
5.5 0.983 0.983 0.979 3 * 0.987 0.982 0.979
6.0 0.987 0.987 0.985 3 * 0.990 0.986 0.985
6.5 0.992 0.992 0.990 3 * 0.994 0.991 0.990
7.0 0.994 0.994 0.993 3 * 0.996 0.994 0.993
7.5 0.995 0.995 0.994 3 * 0.996 0.995 0.994
8.0 0.998 0.998 0.998 3 * 0.998 0.998 0.998
8.5 0.998 0.998 0.997 3 * 0.998 0.998 0.997
9.0 0.999 0.999 0.998 3 * 0.999 0.999 0.998
9.5 0.999 0.999 0.999 3 * 1.000 0.999 0.999
10.0 1.000 1.000 1.000 3 * 1.000 1.000 1.000
0.5 0.003 0.003 0.000 3 * 0.009 0.000 0.000
1.0 0.020 0.020 0.000 3 * 0.061 0.000 0.000
1.5 0.161 0.258 0.000 3 * 0.340 0.062 0.000
2.0 0.247 0.190 0.055 3 * 0.337 0.127 0.055
2.5 0.544 0.633 0.216 3 * 0.737 0.616 0.216
3.0 0.673 0.781 0.301 3 * 0.848 0.790 0.301
3.5 0.737 0.853 0.332 3 * 0.912 0.872 0.332
4.0 0.769 0.894 0.341 3 * 0.944 0.920 0.341
4.5 0.816 0.875 0.612 3 * 0.927 0.902 0.612
5.0 0.971 0.971 0.965 3 * 0.978 0.969 0.965
5.5 0.982 0.982 0.979 3 * 0.987 0.981 0.979
6.0 0.988 0.988 0.985 3 * 0.991 0.987 0.985
6.5 0.991 0.991 0.990 3 * 0.993 0.991 0.990
7.0 0.994 0.994 0.993 3 * 0.996 0.994 0.993
7.5 0.996 0.996 0.995 3 * 0.997 0.995 0.995
8.0 0.997 0.997 0.997 3 * 0.998 0.997 0.997
8.5 0.998 0.998 0.998 3 * 0.999 0.998 0.998
9.0 0.999 0.999 0.999 3 * 0.999 0.999 0.999
9.5 0.998 0.998 0.998 3 * 0.999 0.998 0.998
10.0 0.999 0.999 0.999 3 * 1.000 0.999 0.999
0.5 0.005 0.005 0.000 3 * 0.016 0.000 0.000
1.0 0.022 0.022 0.000 3 * 0.066 0.000 0.000
1.5 0.150 0.173 0.000 3 * 0.322 0.086 0.000
2.0 0.225 0.307 0.055 3 * 0.396 0.113 0.055
2.5 0.470 0.507 0.315 3 * 0.693 0.316 0.315
3.0 0.673 0.781 0.305 3 * 0.849 0.788 0.305
3.5 0.733 0.854 0.324 3 * 0.906 0.876 0.324
4.0 0.786 0.841 0.583 3 * 0.902 0.863 0.583
4.5 0.864 0.922 0.669 3 * 0.967 0.952 0.669
5.0 0.970 0.970 0.964 3 * 0.979 0.968 0.964
5.5 0.884 0.943 0.683 3 * 0.984 0.977 0.683
6.0 0.987 0.987 0.985 3 * 0.989 0.986 0.985
6.5 0.992 0.992 0.991 3 * 0.994 0.992 0.991
7.0 0.993 0.993 0.992 3 * 0.994 0.993 0.992
7.5 0.996 0.996 0.995 3 * 0.997 0.996 0.995
8.0 0.998 0.998 0.997 3 * 0.998 0.998 0.997
8.5 0.998 0.998 0.998 3 * 0.999 0.998 0.998
9.0 0.999 0.999 0.999 3 * 0.999 0.999 0.999
9.5 0.999 0.999 0.999 3 * 0.999 0.999 0.999
10.0 1.000 1.000 1.000 3 * 1.000 1.000 1.000
0.5 0.005 0.005 0.000 3 * 0.015 0.000 0.000
1.0 0.020 0.020 0.000 3 * 0.059 0.000 0.000
1.5 0.083 0.087 0.000 3 * 0.158 0.047 0.000
2.0 0.235 0.315 0.039 3 * 0.484 0.092 0.039
2.5 0.565 0.652 0.245 3 * 0.743 0.642 0.245
3.0 0.669 0.780 0.288 3 * 0.854 0.785 0.288
3.5 0.738 0.857 0.330 3 * 0.913 0.877 0.330
4.0 0.776 0.897 0.357 3 * 0.948 0.923 0.357
4.5 0.900 0.900 0.881 3 * 0.923 0.895 0.881
5.0 0.969 0.969 0.963 3 * 0.977 0.968 0.963
5.5 0.980 0.980 0.976 3 * 0.986 0.978 0.976
6.0 0.988 0.988 0.985 3 * 0.991 0.987 0.985
6.5 0.993 0.993 0.991 3 * 0.995 0.992 0.991
7.0 0.995 0.995 0.994 3 * 0.996 0.995 0.994
7.5 0.995 0.995 0.995 3 * 0.996 0.995 0.995
8.0 0.998 0.998 0.997 3 * 0.998 0.997 0.997
8.5 0.998 0.998 0.998 3 * 0.999 0.998 0.998
9.0 0.999 0.999 0.999 3 * 0.999 0.999 0.999
9.5 0.999 0.999 0.999 3 * 0.999 0.999 0.999
10.0 1.000 1.000 1.000 3 * 1.000 1.000 1.000
0.5 0.005 0.005 0.000 3 * 0.015 0.000 0.000
1.0 0.025 0.025 0.000 3 * 0.076 0.000 0.000
1.5 0.136 0.168 0.000 3 * 0.205 0.097 0.000
2.0 0.234 0.277 0.037 3 * 0.315 0.206 0.037
2.5 0.506 0.547 0.270 3 * 0.663 0.524 0.270
3.0 0.670 0.785 0.280 3 * 0.851 0.795 0.280
3.5 0.735 0.851 0.328 3 * 0.908 0.872 0.328
4.0 0.768 0.893 0.342 3 * 0.943 0.919 0.342
4.5 0.886 0.886 0.868 3 * 0.913 0.878 0.868
5.0 0.969 0.969 0.963 3 * 0.977 0.967 0.963
5.5 0.980 0.980 0.976 3 * 0.985 0.979 0.976
6.0 0.987 0.987 0.984 3 * 0.990 0.986 0.984
6.5 0.991 0.991 0.989 3 * 0.993 0.990 0.989
7.0 0.993 0.993 0.992 3 * 0.995 0.993 0.992
7.5 0.996 0.996 0.996 3 * 0.997 0.996 0.996
8.0 0.996 0.996 0.996 3 * 0.998 0.996 0.996
8.5 0.998 0.998 0.998 3 * 0.998 0.998 0.998
9.0 0.998 0.998 0.998 3 * 0.999 0.998 0.998
9.5 1.000 1.000 1.000 3 * 1.000 1.000 1.000
10.0 0.999 0.999 0.999 3 * 0.999 0.999 0.999
0.5 0.006 0.006 0.000 3 * 0.018 0.000 0.000
1.0 0.030 0.030 0.000 3 * 0.089 0.000 0.000
1.5 0.166 0.278 0.000 3 * 0.355 0.082 0.000
2.0 0.259 0.365 0.074 3 * 0.496 0.193 0.074
2.5 0.557 0.644 0.246 3 * 0.745 0.624 0.246
3.0 0.681 0.793 0.301 3 * 0.860 0.802 0.301
3.5 0.731 0.853 0.313 3 * 0.912 0.872 0.313
4.0 0.791 0.847 0.582 3 * 0.907 0.871 0.582
4.5 0.936 0.936 0.925 3 * 0.951 0.933 0.925
5.0 0.956 0.956 0.947 3 * 0.967 0.953 0.947
5.5 0.982 0.982 0.979 3 * 0.987 0.981 0.979
6.0 0.987 0.987 0.984 3 * 0.990 0.986 0.984
6.5 0.990 0.990 0.988 3 * 0.992 0.989 0.988
7.0 0.993 0.993 0.992 3 * 0.995 0.993 0.992
7.5 0.996 0.996 0.995 3 * 0.997 0.996 0.995
8.0 0.998 0.998 0.997 3 * 0.998 0.998 0.997
8.5 0.998 0.998 0.997 3 * 0.998 0.997 0.997
9.0 0.999 0.999 0.999 3 * 0.999 0.999 0.999
9.5 0.999 0.999 0.999 3 * 0.999 0.999 0.999
10.0 0.999 0.999 0.999 3 * 0.999 0.999 0.999
0.5 0.004 0.004 0.000 3 * 0.011 0.000 0.000
1.0 0.040 0.082 0.000 3 * 0.120 0.000 0.000
1.5 0.107 0.222 0.000 3 * 0.290 0.018 0.000
2.0 0.255 0.284 0.095 3 * 0.389 0.199 0.095
2.5 0.565 0.666 0.199 3 * 0.769 0.653 0.199
3.0 0.669 0.786 0.280 3 * 0.857 0.792 0.280
3.5 0.738 0.852 0.342 3 * 0.908 0.871 0.342
4.0 0.819 0.829 0.719 3 * 0.882 0.853 0.719
4.5 0.808 0.865 0.598 3 * 0.920 0.892 0.598
5.0 0.971 0.971 0.965 3 * 0.978 0.969 0.965
5.5 0.979 0.979 0.975 3 * 0.983 0.978 0.975
6.0 0.862 0.871 0.777 3 * 0.904 0.904 0.777
6.5 0.991 0.991 0.989 3 * 0.993 0.990 0.989
7.0 0.995 0.995 0.994 3 * 0.996 0.994 0.994
7.5 0.996 0.996 0.996 3 * 0.997 0.996 0.996
8.0 0.998 0.998 0.997 3 * 0.998 0.998 0.997
8.5 0.999 0.999 0.998 3 * 0.999 0.999 0.998
9.0 0.999 0.999 0.999 3 * 0.999 0.999 0.999
9.5 0.999 0.999 0.999 3 * 0.999 0.999 0.999
10.0 1.000 1.000 1.000 3 * 1.000 1.000 1.000
0.5 0.006 0.006 0.000 3 * 0.017 0.000 0.000
1.0 0.018 0.018 0.000 3 * 0.053 0.000 0.000
1.5 0.135 0.111 0.000 3 * 0.198 0.067 0.000
2.0 0.264 0.298 0.040 3 * 0.447 0.166 0.040
2.5 0.556 0.652 0.210 3 * 0.750 0.640 0.210
3.0 0.684 0.791 0.316 3 * 0.856 0.800 0.316
3.5 0.705 0.702 0.640 3 * 0.768 0.698 0.640
4.0 0.769 0.894 0.343 3 * 0.944 0.920 0.343
4.5 0.821 0.880 0.621 3 * 0.930 0.909 0.621
5.0 0.970 0.970 0.964 3 * 0.978 0.969 0.964
5.5 0.981 0.981 0.977 3 * 0.986 0.979 0.977
6.0 0.989 0.989 0.987 3 * 0.992 0.988 0.987
6.5 0.991 0.991 0.989 3 * 0.993 0.991 0.989
7.0 0.994 0.994 0.993 3 * 0.996 0.994 0.993
7.5 0.996 0.996 0.996 3 * 0.998 0.996 0.996
8.0 0.997 0.997 0.997 3 * 0.998 0.997 0.997
8.5 0.998 0.998 0.998 3 * 0.998 0.998 0.998
9.0 0.999 0.999 0.999 3 * 0.999 0.999 0.999
9.5 0.999 0.999 0.999 3 * 1.000 0.999 0.999
10.0 1.000 1.000 1.000 3 * 1.000 1.000 1.000
0.5 0.003 0.003 0.000 3 * 0.009 0.000 0.000
1.0 0.022 0.022 0.000 3 * 0.066 0.000 0.000
1.5 0.153 0.245 0.000 3 * 0.356 0.011 0.000
2.0 0.322 0.426 0.017 3 * 0.570 0.336 0.017
2.5 0.539 0.601 0.268 3 * 0.701 0.586 0.268
3.0 0.670 0.783 0.285 3 * 0.851 0.791 0.285
3.5 0.731 0.855 0.313 3 * 0.912 0.874 0.313
4.0 0.773 0.826 0.567 3 * 0.892 0.847 0.567
4.5 0.899 0.899 0.884 3 * 0.919 0.894 0.884
5.0 0.959 0.959 0.950 3 * 0.972 0.956 0.950
5.5 0.979 0.979 0.975 3 * 0.984 0.977 0.975
6.0 0.988 0.988 0.986 3 * 0.990 0.988 0.986
6.5 0.991 0.991 0.989 3 * 0.993 0.990 0.989
7.0 0.994 0.994 0.993 3 * 0.995 0.993 0.993
7.5 0.996 0.996 0.995 3 * 0.997 0.995 0.995
8.0 0.998 0.998 0.997 3 * 0.998 0.997 0.997
8.5 0.999 0.999 0.998 3 * 0.999 0.999 0.998
9.0 0.999 0.999 0.999 3 * 0.999 0.999 0.999
9.5 0.999 0.999 0.999 3 * 0.999 0.999 0.999
10.0 0.999 0.999 0.999 3 * 1.000 0.999 0.999
0.5 0.005 0.005 0.000 3 * 0.016 0.000 0.000
1.0 0.017 0.017 0.000 3 * 0.051 0.000 0.000
1.5 0.077 0.109 0.000 3 * 0.196 0.000 0.000
2.0 0.225 0.295 0.025 3 * 0.424 0.078 0.025
2.5 0.545 0.625 0.235 3 * 0.736 0.603 0.235
3.0 0.686 0.798 0.302 3 * 0.864 0.808 0.302
3.5 0.775 0.845 0.470 3 * 0.899 0.865 0.470
4.0 0.785 0.841 0.579 3 * 0.903 0.863 0.579
4.5 0.829 0.885 0.636 3 * 0.934 0.914 0.636
5.0 0.972 0.972 0.967 3 * 0.979 0.971 0.967
5.5 0.978 0.978 0.975 3 * 0.983 0.977 0.975
6.0 0.988 0.988 0.986 3 * 0.991 0.987 0.986
6.5 0.990 0.990 0.989 3 * 0.992 0.990 0.989
7.0 0.994 0.994 0.992 3 * 0.996 0.993 0.992
7.5 0.997 0.997 0.996 3 * 0.997 0.996 0.996
8.0 0.998 0.998 0.997 3 * 0.999 0.997 0.997
8.5 0.998 0.998 0.998 3 * 0.998 0.998 0.998
9.0 0.919 0.961 0.760 3 * 0.999 0.998 0.760
9.5 0.999 0.999 0.999 3 * 0.999 0.999 0.999
10.0 0.919 0.962 0.758 3 * 0.999 0.998 0.758
0.5 0.006 0.006 0.000 3 * 0.017 0.000 0.000
1.0 0.030 0.030 0.000 3 * 0.091 0.000 0.000
1.5 0.143 0.235 0.000 3 * 0.309 0.065 0.000
2.0 0.223 0.320 0.078 3 * 0.395 0.141 0.078
2.5 0.556 0.632 0.264 3 * 0.730 0.615 0.264
3.0 0.676 0.782 0.306 3 * 0.848 0.792 0.306
3.5 0.731 0.848 0.328 3 * 0.900 0.870 0.328
4.0 0.768 0.892 0.345 3 * 0.942 0.917 0.345
4.5 0.817 0.871 0.618 3 * 0.923 0.898 0.618
5.0 0.969 0.969 0.964 3 * 0.976 0.968 0.964
5.5 0.981 0.981 0.977 3 * 0.987 0.980 0.977
6.0 0.988 0.988 0.986 3 * 0.991 0.987 0.986
6.5 0.991 0.991 0.989 3 * 0.994 0.990 0.989
7.0 0.994 0.994 0.994 3 * 0.996 0.994 0.994
7.5 0.995 0.995 0.995 3 * 0.996 0.995 0.995
8.0 0.997 0.997 0.997 3 * 0.998 0.997 0.997
8.5 0.998 0.998 0.998 3 * 0.998 0.998 0.998
9.0 0.999 0.999 0.998 3 * 0.999 0.999 0.998
9.5 0.999 0.999 0.999 3 * 0.999 0.999 0.999
10.0 0.999 0.999 0.999 3 * 0.999 0.999 0.999
0.5 0.004 0.004 0.000 3 * 0.012 0.000 0.000
1.0 0.013 0.013 0.000 3 * 0.040 0.000 0.000
1.5 0.176 0.261 0.000 3 * 0.375 0.079 0.000
2.0 0.280 0.319 0.083 3 * 0.491 0.251 0.083
2.5 0.433 0.520 0.182 3 * 0.674 0.427 0.182
3.0 0.674 0.792 0.280 3 * 0.859 0.800 0.280
3.5 0.727 0.849 0.312 3 * 0.906 0.868 0.312
4.0 0.776 0.835 0.563 3 * 0.895 0.858 0.563
4.5 0.822 0.878 0.619 3 * 0.930 0.907 0.619
5.0 0.970 0.970 0.964 3 * 0.977 0.968 0.964
5.5 0.982 0.982 0.979 3 * 0.987 0.981 0.979
6.0 0.987 0.987 0.985 3 * 0.990 0.987 0.985
6.5 0.991 0.991 0.990 3 * 0.993 0.991 0.990
7.0 0.994 0.994 0.993 3 * 0.995 0.993 0.993
7.5 0.996 0.996 0.996 3 * 0.997 0.996 0.996
8.0 0.998 0.998 0.997 3 * 0.998 0.997 0.997
8.5 0.998 0.998 0.998 3 * 0.998 0.998 0.998
9.0 0.999 0.999 0.999 3 * 0.999 0.999 0.999
9.5 0.999 0.999 0.999 3 * 0.999 0.999 0.999
10.0 0.999 0.999 0.999 3 * 0.999 0.999 0.999
0.5 0.007 0.007 0.000 3 * 0.022 0.000 0.000
1.0 0.012 0.012 0.000 3 * 0.036 0.000 0.000
1.5 0.130 0.237 0.000 3 * 0.308 0.035 0.000
2.0 0.277 0.336 0.075 3 * 0.471 0.202 0.075
2.5 0.482 0.556 0.204 3 * 0.754 0.371 0.204
3.0 0.677 0.793 0.282 3 * 0.863 0.802 0.282
3.5 0.735 0.857 0.319 3 * 0.916 0.875 0.319
4.0 0.777 0.829 0.570 3 * 0.888 0.853 0.570
4.5 0.822 0.881 0.619 3 * 0.935 0.908 0.619
5.0 0.973 0.973 0.967 3 * 0.980 0.971 0.967
5.5 0.980 0.980 0.976 3 * 0.985 0.979 0.976
6.0 0.987 0.987 0.984 3 * 0.991 0.986 0.984
6.5 0.992 0.992 0.989 3 * 0.994 0.991 0.989
7.0 0.994 0.994 0.992 3 * 0.995 0.993 0.992
7.5 0.996 0.996 0.995 3 * 0.997 0.996 0.995
8.0 0.997 0.997 0.997 3 * 0.998 0.997 0.997
8.5 0.998 0.998 0.998 3 * 0.998 0.998 0.998
9.0 0.999 0.999 0.998 3 * 0.999 0.998 0.998
9.5 0.999 0.999 0.999 3 * 0.999 0.999 0.999
10.0 0.999 0.999 0.999 3 * 1.000 0.999 0.999
