0.5 0.000 0.000 0.000 1 * 1
1.0 0.000 0.000 0.000 1 * 1
1.5 0.539 0.389 0.314 1 * 3
2.0 0.719 0.544 0.457 1 * 3
2.5 0.826 0.632 0.535 1 * 3
3.0 0.770 0.727 0.642 2 * 3 5
3.5 0.887 0.846 0.766 2 * 3 5
4.0 0.822 0.804 0.772 2 * 3 6
4.5 0.833 0.890 0.636 3 * 3 5 7
5.0 0.969 0.969 0.962 3 * 3 5 7
5.5 0.980 0.980 0.976 3 * 3 5 7
6.0 0.985 0.985 0.983 3 * 3 5 7
6.5 0.991 0.991 0.990 3 * 3 5 7
7.0 0.865 0.821 0.733 2 * 3 7
7.5 0.996 0.996 0.996 3 * 3 5 7
8.0 0.997 0.997 0.996 3 * 3 5 7
8.5 0.998 0.998 0.998 3 * 3 5 7
9.0 0.999 0.999 0.998 3 * 3 5 7
9.5 0.999 0.999 0.999 3 * 3 5 7
10.0 1.000 1.000 0.999 3 * 3 5 7
0.5 0.000 0.000 0.000 1 * 1
1.0 0.000 0.000 0.000 1 * 1
1.5 0.547 0.392 0.313 1 * 3
2.0 0.720 0.542 0.453 1 * 3
2.5 0.640 0.593 0.499 2 * 3 5
3.0 0.765 0.721 0.635 2 * 3 5
3.5 0.896 0.856 0.777 2 * 3 5
4.0 0.839 0.821 0.787 2 * 3 6
4.5 0.831 0.889 0.633 3 * 3 5 7
5.0 0.970 0.970 0.965 3 * 3 5 7
5.5 0.980 0.980 0.977 3 * 3 5 7
6.0 0.988 0.988 0.985 3 * 3 5 7
6.5 0.992 0.992 0.990 3 * 3 5 7
7.0 0.993 0.993 0.992 3 * 3 5 7
7.5 0.996 0.996 0.996 3 * 3 5 7
8.0 0.997 0.997 0.997 3 * 3 5 7
8.5 0.998 0.998 0.998 3 * 3 5 7
9.0 0.999 0.999 0.998 3 * 3 5 7
9.5 0.999 0.999 0.999 3 * 3 5 7
10.0 1.000 1.000 0.999 3 * 3 5 7
0.5 0.000 0.000 0.000 1 * 1
1.0 0.000 0.000 0.000 1 * 1
1.5 0.544 0.391 0.314 1 * 3
2.0 0.723 0.542 0.452 1 * 3
2.5 0.546 0.530 0.506 1 * 4
3.0 0.769 0.727 0.643 2 * 3 5
3.5 0.564 0.610 0.668 2 * 2 6
4.0 0.784 0.835 0.585 3 * 3 5 7
4.5 0.844 0.844 0.827 3 * 3 5 7
5.0 0.972 0.972 0.966 3 * 3 5 7
5.5 0.977 0.977 0.973 3 * 3 5 7
6.0 0.987 0.987 0.984 3 * 3 5 7
6.5 0.990 0.990 0.988 3 * 3 5 7
7.0 0.994 0.994 0.993 3 * 3 5 7
7.5 0.996 0.996 0.996 3 * 3 5 7
8.0 0.998 0.998 0.997 3 * 3 5 7
8.5 0.999 0.999 0.999 3 * 3 5 7
9.0 0.999 0.999 0.999 3 * 3 5 7
9.5 0.999 0.999 0.999 3 * 3 5 7
10.0 0.999 0.999 0.999 3 * 3 5 7
0.5 0.000 0.000 0.000 1 * 2
1.0 0.000 0.000 0.000 1 * 1
1.5 0.562 0.407 0.329 1 * 3
2.0 0.725 0.542 0.449 1 * 3
2.5 0.629 0.582 0.489 2 * 3 5
3.0 0.767 0.725 0.639 2 * 3 5
3.5 0.889 0.850 0.770 2 * 3 5
4.0 0.614 0.687 0.761 2 * 2 6
4.5 0.951 0.951 0.940 3 * 3 5 7
5.0 0.969 0.969 0.963 3 * 3 5 7
5.5 0.884 0.944 0.684 3 * 3 5 7
6.0 0.986 0.986 0.984 3 * 3 5 7
6.5 0.991 0.991 0.989 3 * 3 5 7
7.0 0.994 0.994 0.993 3 * 3 5 7
7.5 0.996 0.996 0.996 3 * 3 5 7
8.0 0.997 0.997 0.996 3 * 3 5 7
8.5 0.998 0.998 0.997 3 * 3 5 7
9.0 0.999 0.999 0.998 3 * 3 5 7
9.5 0.999 0.999 0.999 3 * 3 5 7
10.0 0.999 0.999 0.999 3 * 3 5 7
0.5 0.000 0.000 0.000 1 * 1
1.0 0.000 0.000 0.000 1 * 1
1.5 0.547 0.390 0.312 1 * 3
2.0 0.728 0.547 0.456 1 * 3
2.5 0.571 0.565 0.571 1 * 4
3.0 0.763 0.719 0.631 2 * 3 5
3.5 0.778 0.718 0.543 2 * 3 6
4.0 0.601 0.676 0.746 2 * 2 6
4.5 0.906 0.906 0.889 3 * 3 5 7
5.0 0.947 0.910 0.936 2 * 3 7
5.5 0.979 0.979 0.975 3 * 3 5 7
6.0 0.988 0.988 0.985 3 * 3 5 7
6.5 0.992 0.992 0.991 3 * 3 5 7
7.0 0.994 0.994 0.993 3 * 3 5 7
7.5 0.912 0.958 0.743 3 * 3 5 7
8.0 0.997 0.997 0.997 3 * 3 5 7
8.5 0.998 0.998 0.997 3 * 3 5 7
9.0 0.999 0.962 0.999 2 * 3 7
9.5 1.000 1.000 1.000 3 * 3 5 7
10.0 0.999 0.999 0.999 3 * 3 5 7
0.5 0.000 0.000 0.000 1 * 1
1.0 0.000 0.000 0.000 1 * 1
1.5 0.521 0.374 0.301 1 * 3
2.0 0.711 0.537 0.450 1 * 3
2.5 0.625 0.578 0.484 2 * 3 5
3.0 0.780 0.737 0.652 2 * 3 5
3.5 0.867 0.827 0.747 2 * 3 5
4.0 0.763 0.816 0.532 3 * 3 5 7
4.5 0.865 0.865 0.847 3 * 3 5 7
5.0 0.967 0.967 0.961 3 * 3 5 7
5.5 0.979 0.979 0.975 3 * 3 5 7
6.0 0.987 0.987 0.984 3 * 3 5 7
6.5 0.991 0.991 0.989 3 * 3 5 7
7.0 0.994 0.994 0.994 3 * 3 5 7
7.5 0.997 0.997 0.996 3 * 3 5 7
8.0 0.997 0.997 0.997 3 * 3 5 7
8.5 0.998 0.998 0.998 3 * 3 5 7
9.0 0.999 0.999 0.998 3 * 3 5 7
9.5 0.999 0.999 0.999 3 * 3 5 7
10.0 1.000 1.000 0.999 3 * 3 5 7
0.5 0.000 0.000 0.000 1 * 1
1.0 0.000 0.000 0.000 1 * 1
1.5 0.552 0.401 0.326 1 * 3
2.0 0.725 0.547 0.456 1 * 3
2.5 0.555 0.546 0.540 1 * 4
3.0 0.770 0.728 0.646 2 * 3 5
3.5 0.780 0.716 0.552 2 * 3 6
4.0 0.820 0.803 0.771 2 * 3 6
4.5 0.828 0.886 0.625 3 * 3 5 7
5.0 0.968 0.968 0.962 3 * 3 5 7
5.5 0.979 0.979 0.975 3 * 3 5 7
6.0 0.987 0.987 0.984 3 * 3 5 7
6.5 0.991 0.991 0.990 3 * 3 5 7
7.0 0.993 0.993 0.992 3 * 3 5 7
7.5 0.997 0.997 0.996 3 * 3 5 7
8.0 0.997 0.997 0.996 3 * 3 5 7
8.5 0.998 0.998 0.997 3 * 3 5 7
9.0 0.999 0.999 0.998 3 * 3 5 7
9.5 0.999 0.999 0.999 3 * 3 5 7
10.0 0.999 0.999 0.999 3 * 3 5 7
0.5 0.000 0.000 0.000 1 * 1
1.0 0.000 0.000 0.000 1 * 1
1.5 0.564 0.409 0.331 1 * 3
2.0 0.725 0.546 0.455 1 * 3
2.5 0.574 0.542 0.480 1 * 4
3.0 0.774 0.731 0.645 2 * 3 5
3.5 0.886 0.847 0.767 2 * 3 5
4.0 0.785 0.843 0.576 3 * 3 5 7
4.5 0.825 0.883 0.627 3 * 3 5 7
5.0 0.970 0.970 0.964 3 * 3 5 7
5.5 0.980 0.980 0.977 3 * 3 5 7
6.0 0.987 0.987 0.985 3 * 3 5 7
6.5 0.991 0.991 0.989 3 * 3 5 7
7.0 0.994 0.994 0.993 3 * 3 5 7
7.5 0.995 0.995 0.995 3 * 3 5 7
8.0 0.996 0.996 0.996 3 * 3 5 7
8.5 0.999 0.999 0.999 3 * 3 5 7
9.0 0.998 0.998 0.998 3 * 3 5 7
9.5 0.999 0.999 0.999 3 * 3 5 7
10.0 0.999 0.999 0.999 3 * 3 5 7
0.5 0.000 0.000 0.000 1 * 1
1.0 0.000 0.000 0.000 1 * 1
1.5 0.541 0.392 0.317 1 * 3
2.0 0.463 0.354 0.290 1 * 4
2.5 0.549 0.542 0.549 1 * 4
3.0 0.774 0.731 0.646 2 * 3 5
3.5 0.880 0.840 0.761 2 * 3 5
4.0 0.604 0.676 0.749 2 * 2 6
4.5 0.826 0.883 0.623 3 * 3 5 7
5.0 0.880 0.937 0.686 3 * 3 5 7
5.5 0.980 0.980 0.975 3 * 3 5 7
6.0 0.988 0.988 0.985 3 * 3 5 7
6.5 0.992 0.992 0.990 3 * 3 5 7
7.0 0.992 0.992 0.991 3 * 3 5 7
7.5 0.996 0.996 0.995 3 * 3 5 7
8.0 0.997 0.997 0.997 3 * 3 5 7
8.5 0.999 0.999 0.998 3 * 3 5 7
9.0 0.998 0.998 0.997 3 * 3 5 7
9.5 0.999 0.999 0.999 3 * 3 5 7
10.0 0.999 0.999 0.999 3 * 3 5 7
0.5 0.000 0.000 0.000 1 * 1
1.0 0.000 0.000 0.000 1 * 1
1.5 0.512 0.364 0.288 1 * 3
2.0 0.725 0.543 0.452 1 * 3
2.5 0.550 0.541 0.526 1 * 4
3.0 0.768 0.725 0.638 2 * 3 5
3.5 0.891 0.852 0.774 2 * 3 5
4.0 0.630 0.725 0.574 3 * 2 5 7
4.5 0.829 0.887 0.628 3 * 3 5 7
5.0 0.953 0.953 0.944 3 * 3 5 7
5.5 0.980 0.980 0.976 3 * 3 5 7
6.0 0.987 0.987 0.984 3 * 3 5 7
6.5 0.992 0.992 0.990 3 * 3 5 7
7.0 0.995 0.995 0.994 3 * 3 5 7
7.5 0.996 0.996 0.995 3 * 3 5 7
8.0 0.997 0.997 0.997 3 * 3 5 7
8.5 0.998 0.998 0.998 3 * 3 5 7
9.0 0.999 0.999 0.999 3 * 3 5 7
9.5 1.000 1.000 0.999 3 * 3 5 7
10.0 0.999 0.999 0.999 3 * 3 5 7
0.5 0.000 0.000 0.000 1 * 1
1.0 0.065 0.065 0.065 1 * 2
1.5 0.555 0.400 0.322 1 * 3
2.0 0.716 0.537 0.448 1 * 3
2.5 0.532 0.532 0.532 1 * 4
3.0 0.784 0.743 0.660 2 * 3 5
3.5 0.876 0.837 0.758 2 * 3 5
4.0 0.781 0.836 0.579 3 * 3 5 7
4.5 0.836 0.894 0.639 3 * 3 5 7
5.0 0.968 0.968 0.963 3 * 3 5 7
5.5 0.968 0.968 0.962 3 * 3 5 7
6.0 0.988 0.988 0.986 3 * 3 5 7
6.5 0.894 0.956 0.693 3 * 3 5 7
7.0 0.993 0.993 0.992 3 * 3 5 7
7.5 0.996 0.996 0.996 3 * 3 5 7
8.0 0.997 0.997 0.997 3 * 3 5 7
8.5 0.998 0.998 0.998 3 * 3 5 7
9.0 0.999 0.999 0.999 3 * 3 5 7
9.5 0.999 0.999 0.999 3 * 3 5 7
10.0 0.999 0.999 0.999 3 * 3 5 7
0.5 0.000 0.000 0.000 1 * 1
1.0 0.000 0.000 0.000 1 * 1
1.5 0.540 0.389 0.314 1 * 3
2.0 0.727 0.546 0.455 1 * 3
2.5 0.643 0.596 0.502 2 * 3 5
3.0 0.779 0.737 0.654 2 * 3 5
3.5 0.885 0.845 0.766 2 * 3 5
4.0 0.520 0.538 0.575 2 * 2 7
4.5 0.935 0.935 0.922 3 * 3 5 7
5.0 0.971 0.971 0.965 3 * 3 5 7
5.5 0.982 0.982 0.978 3 * 3 5 7
6.0 0.987 0.987 0.984 3 * 3 5 7
6.5 0.990 0.990 0.989 3 * 3 5 7
7.0 0.994 0.994 0.993 3 * 3 5 7
7.5 0.997 0.997 0.996 3 * 3 5 7
8.0 0.998 0.998 0.997 3 * 3 5 7
8.5 0.998 0.998 0.998 3 * 3 5 7
9.0 0.999 0.999 0.999 3 * 3 5 7
9.5 0.999 0.999 0.999 3 * 3 5 7
10.0 0.999 0.999 0.999 3 * 3 5 7
0.5 0.000 0.000 0.000 1 * 1
1.0 0.000 0.000 0.000 1 * 1
1.5 0.529 0.375 0.298 1 * 3
2.0 0.726 0.545 0.453 1 * 3
2.5 0.555 0.543 0.533 1 * 4
3.0 0.779 0.737 0.652 2 * 3 5
3.5 0.896 0.858 0.781 2 * 3 5
4.0 0.788 0.844 0.577 3 * 3 5 7
4.5 0.912 0.874 0.895 2 * 3 7
5.0 0.968 0.968 0.961 3 * 3 5 7
5.5 0.980 0.980 0.976 3 * 3 5 7
6.0 0.986 0.986 0.982 3 * 3 5 7
6.5 0.992 0.992 0.990 3 * 3 5 7
7.0 0.993 0.993 0.992 3 * 3 5 7
7.5 0.997 0.997 0.996 3 * 3 5 7
8.0 0.997 0.997 0.997 3 * 3 5 7
8.5 0.998 0.998 0.997 3 * 3 5 7
9.0 0.999 0.999 0.998 3 * 3 5 7
9.5 0.999 0.999 0.999 3 * 3 5 7
10.0 0.999 0.999 0.999 3 * 3 5 7
0.5 0.000 0.000 0.000 1 * 1
1.0 0.000 0.000 0.000 1 * 1
1.5 0.558 0.405 0.329 1 * 3
2.0 0.725 0.547 0.457 1 * 3
2.5 0.563 0.558 0.563 1 * 4
3.0 0.764 0.722 0.637 2 * 3 5
3.5 0.885 0.845 0.766 2 * 3 5
4.0 0.788 0.843 0.579 3 * 3 5 7
4.5 0.847 0.847 0.830 3 * 3 5 7
5.0 0.966 0.966 0.960 3 * 3 5 7
5.5 0.980 0.980 0.977 3 * 3 5 7
6.0 0.985 0.985 0.983 3 * 3 5 7
6.5 0.990 0.990 0.988 3 * 3 5 7
7.0 0.995 0.995 0.993 3 * 3 5 7
7.5 0.997 0.997 0.996 3 * 3 5 7
8.0 0.996 0.996 0.995 3 * 3 5 7
8.5 0.998 0.998 0.998 3 * 3 5 7
9.0 0.998 0.998 0.998 3 * 3 5 7
9.5 0.999 0.999 0.999 3 * 3 5 7
10.0 0.999 0.999 0.999 3 * 3 5 7
0.5 0.000 0.000 0.000 1 * 1
1.0 0.000 0.000 0.000 1 * 1
1.5 0.547 0.394 0.318 1 * 3
2.0 0.725 0.542 0.451 1 * 3
2.5 0.571 0.561 0.545 1 * 4
3.0 0.756 0.714 0.629 2 * 3 5
3.5 0.877 0.837 0.758 2 * 3 5
4.0 0.665 0.724 0.578 2 * 4 7
4.5 0.679 0.793 0.630 3 * 2 5 7
5.0 0.946 0.909 0.935 2 * 3 7
5.5 0.981 0.981 0.977 3 * 3 5 7
6.0 0.988 0.988 0.986 3 * 3 5 7
6.5 0.992 0.992 0.989 3 * 3 5 7
7.0 0.993 0.993 0.992 3 * 3 5 7
7.5 0.995 0.995 0.994 3 * 3 5 7
8.0 0.997 0.997 0.997 3 * 3 5 7
8.5 0.998 0.998 0.998 3 * 3 5 7
9.0 0.999 0.999 0.998 3 * 3 5 7
9.5 0.999 0.999 0.999 3 * 3 5 7
10.0 0.999 0.999 0.999 3 * 3 5 7
0.5 0.000 0.000 0.000 1 * 1
1.0 0.000 0.000 0.000 1 * 1
1.5 0.528 0.379 0.304 1 * 3
2.0 0.449 0.373 0.332 1 * 4
2.5 0.622 0.577 0.488 2 * 3 5
3.0 0.774 0.730 0.644 2 * 3 5
3.5 0.881 0.840 0.759 2 * 3 5
4.0 0.794 0.850 0.587 3 * 3 5 7
4.5 0.811 0.757 0.648 2 * 3 7
5.0 0.971 0.971 0.964 3 * 3 5 7
5.5 0.979 0.979 0.975 3 * 3 5 7
6.0 0.987 0.987 0.985 3 * 3 5 7
6.5 0.990 0.990 0.988 3 * 3 5 7
7.0 0.868 0.852 0.822 2 * 3 7
7.5 0.996 0.996 0.996 3 * 3 5 7
8.0 0.998 0.998 0.998 3 * 3 5 7
8.5 0.998 0.998 0.998 3 * 3 5 7
9.0 0.999 0.999 0.998 3 * 3 5 7
9.5 0.999 0.999 0.999 3 * 3 5 7
10.0 0.999 0.999 0.999 3 * 3 5 7
0.5 0.000 0.000 0.000 1 * 1
1.0 0.000 0.000 0.000 1 * 1
1.5 0.558 0.404 0.327 1 * 3
2.0 0.721 0.541 0.451 1 * 3
2.5 0.637 0.590 0.495 2 * 3 5
3.0 0.763 0.720 0.635 2 * 3 5
3.5 0.889 0.848 0.768 2 * 3 5
4.0 0.787 0.843 0.579 3 * 3 5 7
4.5 0.547 0.570 0.615 2 * 2 7
5.0 0.818 0.798 0.758 2 * 3 7
5.5 0.981 0.981 0.978 3 * 3 5 7
6.0 0.988 0.988 0.985 3 * 3 5 7
6.5 0.623 0.664 0.746 2 * 2 7
7.0 0.994 0.994 0.993 3 * 3 5 7
7.5 0.996 0.996 0.995 3 * 3 5 7
8.0 0.997 0.997 0.996 3 * 3 5 7
8.5 0.999 0.999 0.998 3 * 3 5 7
9.0 0.998 0.998 0.997 3 * 3 5 7
9.5 0.999 0.999 0.999 3 * 3 5 7
10.0 1.000 1.000 1.000 3 * 3 5 7
0.5 0.000 0.000 0.000 1 * 1
1.0 0.000 0.000 0.000 1 * 1
1.5 0.534 0.383 0.305 1 * 3
2.0 0.720 0.540 0.450 1 * 3
2.5 0.564 0.537 0.507 1 * 4
3.0 0.764 0.721 0.635 2 * 3 5
3.5 0.884 0.844 0.763 2 * 3 5
4.0 0.789 0.843 0.592 3 * 3 5 7
4.5 0.831 0.892 0.626 3 * 3 5 7
5.0 0.971 0.971 0.965 3 * 3 5 7
5.5 0.980 0.980 0.976 3 * 3 5 7
6.0 0.986 0.986 0.983 3 * 3 5 7
6.5 0.992 0.992 0.991 3 * 3 5 7
7.0 0.993 0.993 0.992 3 * 3 5 7
7.5 0.996 0.996 0.996 3 * 3 5 7
8.0 0.997 0.997 0.996 3 * 3 5 7
8.5 0.998 0.998 0.997 3 * 3 5 7
9.0 0.999 0.999 0.999 3 * 3 5 7
9.5 0.999 0.999 0.999 3 * 3 5 7
10.0 0.999 0.999 0.999 3 * 3 5 7
0.5 0.000 0.000 0.000 1 * 1
1.0 0.000 0.000 0.000 1 * 1
1.5 0.550 0.398 0.322 1 * 3
2.0 0.721 0.540 0.449 1 * 3
2.5 0.633 0.587 0.494 2 * 3 5
3.0 0.780 0.737 0.653 2 * 3 5
3.5 0.774 0.712 0.541 2 * 3 6
4.0 0.744 0.687 0.573 2 * 3 7
4.5 0.831 0.890 0.629 3 * 3 5 7
5.0 0.970 0.970 0.964 3 * 3 5 7
5.5 0.983 0.947 0.979 2 * 3 7
6.0 0.988 0.988 0.986 3 * 3 5 7
6.5 0.992 0.992 0.990 3 * 3 5 7
7.0 0.995 0.995 0.994 3 * 3 5 7
7.5 0.996 0.996 0.995 3 * 3 5 7
8.0 0.997 0.997 0.996 3 * 3 5 7
8.5 0.999 0.999 0.998 3 * 3 5 7
9.0 0.999 0.999 0.999 3 * 3 5 7
9.5 0.999 0.999 0.999 3 * 3 5 7
10.0 0.999 0.999 0.999 3 * 3 5 7
0.5 0.000 0.000 0.000 1 * 1
1.0 0.000 0.000 0.000 1 * 1
1.5 0.545 0.392 0.315 1 * 3
2.0 0.463 0.366 0.309 1 * 4
2.5 0.647 0.600 0.507 2 * 3 5
3.0 0.772 0.730 0.646 2 * 3 5
3.5 0.892 0.853 0.777 2 * 3 5
4.0 0.796 0.853 0.588 3 * 3 5 7
4.5 0.873 0.873 0.859 3 * 3 5 7
5.0 0.960 0.960 0.952 3 * 3 5 7
5.5 0.980 0.980 0.975 3 * 3 5 7
6.0 0.988 0.988 0.986 3 * 3 5 7
6.5 0.990 0.990 0.989 3 * 3 5 7
7.0 0.907 0.958 0.730 3 * 3 5 7
7.5 0.995 0.995 0.995 3 * 3 5 7
8.0 0.997 0.997 0.997 3 * 3 5 7
8.5 0.998 0.998 0.998 3 * 3 5 7
9.0 0.999 0.999 0.999 3 * 3 5 7
9.5 0.999 0.999 0.999 3 * 3 5 7
10.0 0.999 0.999 0.999 3 * 3 5 7
0.5 0.000 0.000 0.000 1 * 1
1.0 0.000 0.000 0.000 1 * 1
1.5 0.544 0.392 0.316 1 * 3
2.0 0.723 0.544 0.455 1 * 3
2.5 0.643 0.597 0.506 2 * 3 5
3.0 0.775 0.733 0.647 2 * 3 5
3.5 0.871 0.830 0.750 2 * 3 5
4.0 0.784 0.841 0.572 3 * 3 5 7
4.5 0.906 0.906 0.892 3 * 3 5 7
5.0 0.972 0.972 0.966 3 * 3 5 7
5.5 0.981 0.981 0.977 3 * 3 5 7
6.0 0.986 0.986 0.983 3 * 3 5 7
6.5 0.993 0.993 0.991 3 * 3 5 7
7.0 0.994 0.994 0.994 3 * 3 5 7
7.5 0.996 0.996 0.995 3 * 3 5 7
8.0 0.997 0.997 0.997 3 * 3 5 7
8.5 0.998 0.998 0.998 3 * 3 5 7
9.0 0.998 0.998 0.998 3 * 3 5 7
9.5 0.999 0.999 0.999 3 * 3 5 7
10.0 0.999 0.999 0.999 3 * 3 5 7
0.5 0.000 0.000 0.000 1 * 1
1.0 0.000 0.000 0.000 1 * 1
1.5 0.533 0.382 0.303 1 * 3
2.0 0.382 0.354 0.301 2 * 2 4
2.5 0.559 0.546 0.525 1 * 4
3.0 0.773 0.731 0.647 2 * 3 5
3.5 0.773 0.712 0.544 2 * 3 6
4.0 0.515 0.530 0.559 2 * 2 7
4.5 0.834 0.886 0.643 3 * 3 5 7
5.0 0.971 0.971 0.965 3 * 3 5 7
5.5 0.983 0.983 0.979 3 * 3 5 7
6.0 0.989 0.989 0.987 3 * 3 5 7
6.5 0.992 0.992 0.990 3 * 3 5 7
7.0 0.995 0.995 0.994 3 * 3 5 7
7.5 0.995 0.995 0.995 3 * 3 5 7
8.0 0.997 0.997 0.997 3 * 3 5 7
8.5 0.999 0.999 0.998 3 * 3 5 7
9.0 0.999 0.999 0.998 3 * 3 5 7
9.5 0.999 0.999 0.999 3 * 3 5 7
10.0 1.000 1.000 1.000 3 * 3 5 7
0.5 0.000 0.000 0.000 1 * 1
1.0 0.000 0.000 0.000 1 * 1
1.5 0.568 0.414 0.337 1 * 3
2.0 0.717 0.538 0.447 1 * 3
2.5 0.541 0.508 0.450 1 * 4
3.0 0.783 0.740 0.655 2 * 3 5
3.5 0.882 0.844 0.766 2 * 3 5
4.0 0.791 0.849 0.590 3 * 3 5 7
4.5 0.810 0.863 0.615 3 * 3 5 7
5.0 0.967 0.967 0.960 3 * 3 5 7
5.5 0.982 0.982 0.978 3 * 3 5 7
6.0 0.989 0.989 0.987 3 * 3 5 7
6.5 0.905 0.951 0.737 3 * 3 5 7
7.0 0.994 0.994 0.993 3 * 3 5 7
7.5 0.997 0.997 0.996 3 * 3 5 7
8.0 0.998 0.998 0.997 3 * 3 5 7
8.5 0.998 0.998 0.998 3 * 3 5 7
9.0 0.999 0.999 0.998 3 * 3 5 7
9.5 0.999 0.999 0.999 3 * 3 5 7
10.0 0.999 0.999 0.999 3 * 3 5 7
0.5 0.000 0.000 0.000 1 * 1
1.0 0.000 0.000 0.000 1 * 1
1.5 0.538 0.384 0.307 1 * 3
2.0 0.723 0.545 0.457 1 * 3
2.5 0.627 0.578 0.480 2 * 3 5
3.0 0.790 0.749 0.666 2 * 3 5
3.5 0.780 0.718 0.547 2 * 3 6
4.0 0.775 0.896 0.356 3 * 3 5 7
4.5 0.858 0.858 0.841 3 * 3 5 7
5.0 0.968 0.968 0.961 3 * 3 5 7
5.5 0.981 0.981 0.978 3 * 3 5 7
6.0 0.988 0.988 0.986 3 * 3 5 7
6.5 0.991 0.991 0.989 3 * 3 5 7
7.0 0.994 0.994 0.992 3 * 3 5 7
7.5 0.996 0.996 0.996 3 * 3 5 7
8.0 0.997 0.997 0.997 3 * 3 5 7
8.5 0.998 0.998 0.998 3 * 3 5 7
9.0 0.999 0.999 0.998 3 * 3 5 7
9.5 0.999 0.999 0.999 3 * 3 5 7
10.0 1.000 1.000 1.000 3 * 3 5 7
0.5 0.000 0.000 0.000 1 * 1
1.0 0.153 0.153 0.153 1 * 2
1.5 0.527 0.375 0.299 1 * 3
2.0 0.720 0.540 0.450 1 * 3
2.5 0.565 0.559 0.565 1 * 4
3.0 0.772 0.729 0.642 2 * 3 5
3.5 0.895 0.855 0.776 2 * 3 5
4.0 0.798 0.851 0.600 3 * 3 5 7
4.5 0.816 0.875 0.614 3 * 3 5 7
5.0 0.968 0.968 0.963 3 * 3 5 7
5.5 0.980 0.980 0.976 3 * 3 5 7
6.0 0.986 0.986 0.984 3 * 3 5 7
6.5 0.991 0.991 0.990 3 * 3 5 7
7.0 0.993 0.993 0.992 3 * 3 5 7
7.5 0.996 0.996 0.996 3 * 3 5 7
8.0 0.996 0.996 0.996 3 * 3 5 7
8.5 0.998 0.998 0.998 3 * 3 5 7
9.0 0.999 0.999 0.999 3 * 3 5 7
9.5 0.999 0.999 0.999 3 * 3 5 7
10.0 1.000 1.000 1.000 3 * 3 5 7
0.5 0.000 0.000 0.000 1 * 1
1.0 0.000 0.000 0.000 1 * 1
1.5 0.541 0.387 0.310 1 * 3
2.0 0.452 0.413 0.365 1 * 4
2.5 0.543 0.538 0.533 1 * 4
3.0 0.769 0.727 0.643 2 * 3 5
3.5 0.888 0.849 0.771 2 * 3 5
4.0 0.811 0.792 0.753 2 * 3 6
4.5 0.827 0.884 0.629 3 * 3 5 7
5.0 0.973 0.973 0.967 3 * 3 5 7
5.5 0.980 0.980 0.977 3 * 3 5 7
6.0 0.987 0.987 0.984 3 * 3 5 7
6.5 0.991 0.991 0.990 3 * 3 5 7
7.0 0.995 0.995 0.994 3 * 3 5 7
7.5 0.996 0.996 0.995 3 * 3 5 7
8.0 0.998 0.998 0.997 3 * 3 5 7
8.5 0.998 0.998 0.998 3 * 3 5 7
9.0 0.999 0.999 0.999 3 * 3 5 7
9.5 0.999 0.999 0.999 3 * 3 5 7
10.0 1.000 1.000 1.000 3 * 3 5 7
0.5 0.000 0.000 0.000 1 * 1
1.0 0.000 0.000 0.000 1 * 1
1.5 0.572 0.413 0.333 1 * 3
2.0 0.711 0.531 0.439 1 * 3
2.5 0.613 0.566 0.471 2 * 3 5
3.0 0.767 0.724 0.640 2 * 3 5
3.5 0.892 0.851 0.770 2 * 3 5
4.0 0.783 0.838 0.575 3 * 3 5 7
4.5 0.820 0.878 0.614 3 * 3 5 7
5.0 0.776 0.755 0.717 2 * 3 7
5.5 0.981 0.981 0.976 3 * 3 5 7
6.0 0.986 0.986 0.983 3 * 3 5 7
6.5 0.992 0.992 0.990 3 * 3 5 7
7.0 0.994 0.994 0.994 3 * 3 5 7
7.5 0.996 0.996 0.995 3 * 3 5 7
8.0 0.997 0.997 0.996 3 * 3 5 7
8.5 0.998 0.961 0.998 2 * 3 7
9.0 0.999 0.999 0.998 3 * 3 5 7
9.5 0.999 0.999 0.999 3 * 3 5 7
10.0 0.999 0.999 0.999 3 * 3 5 7
0.5 0.000 0.000 0.000 1 * 1
1.0 0.000 0.000 0.000 1 * 1
1.5 0.570 0.411 0.331 1 * 3
2.0 0.720 0.543 0.454 1 * 3
2.5 0.646 0.602 0.513 2 * 3 5
3.0 0.775 0.732 0.648 2 * 3 5
3.5 0.771 0.712 0.542 2 * 3 6
4.0 0.801 0.857 0.594 3 * 3 5 7
4.5 0.877 0.838 0.862 2 * 3 7
5.0 0.971 0.971 0.965 3 * 3 5 7
5.5 0.979 0.979 0.976 3 * 3 5 7
6.0 0.987 0.987 0.984 3 * 3 5 7
6.5 0.990 0.990 0.988 3 * 3 5 7
7.0 0.994 0.994 0.992 3 * 3 5 7
7.5 0.996 0.996 0.995 3 * 3 5 7
8.0 0.997 0.997 0.997 3 * 3 5 7
8.5 0.998 0.998 0.998 3 * 3 5 7
9.0 0.998 0.998 0.998 3 * 3 5 7
9.5 0.999 0.999 0.999 3 * 3 5 7
10.0 0.999 0.999 0.999 3 * 3 5 7
0.5 0.000 0.000 0.000 1 * 1
1.0 0.000 0.000 0.000 1 * 1
1.5 0.547 0.391 0.310 1 * 3
2.0 0.726 0.545 0.455 1 * 3
2.5 0.638 0.591 0.497 2 * 3 5
3.0 0.778 0.735 0.651 2 * 3 5
3.5 0.571 0.582 0.603 2 * 2 6
4.0 0.520 0.538 0.573 2 * 2 7
4.5 0.856 0.917 0.645 3 * 3 5 7
5.0 0.971 0.971 0.966 3 * 3 5 7
5.5 0.884 0.947 0.677 3 * 3 5 7
6.0 0.848 0.800 0.703 2 * 3 7
6.5 0.991 0.991 0.989 3 * 3 5 7
7.0 0.995 0.995 0.994 3 * 3 5 7
7.5 0.996 0.996 0.995 3 * 3 5 7
8.0 0.998 0.998 0.997 3 * 3 5 7
8.5 0.998 0.998 0.997 3 * 3 5 7
9.0 0.999 0.999 0.999 3 * 3 5 7
9.5 0.999 0.999 0.999 3 * 3 5 7
10.0 0.999 0.999 0.999 3 * 3 5 7
0.5 0.000 0.000 0.000 1 * 1
1.0 0.000 0.000 0.000 1 * 1
1.5 0.546 0.389 0.311 1 * 3
2.0 0.715 0.535 0.442 1 * 3
2.5 0.634 0.588 0.497 2 * 3 5
3.0 0.783 0.741 0.657 2 * 3 5
3.5 0.869 0.830 0.751 2 * 3 5
4.0 0.794 0.850 0.592 3 * 3 5 7
4.5 0.860 0.822 0.838 2 * 3 7
5.0 0.969 0.969 0.963 3 * 3 5 7
5.5 0.845 0.825 0.788 2 * 3 7
6.0 0.987 0.987 0.984 3 * 3 5 7
6.5 0.991 0.991 0.989 3 * 3 5 7
7.0 0.994 0.994 0.993 3 * 3 5 7
7.5 0.996 0.996 0.996 3 * 3 5 7
8.0 0.998 0.998 0.997 3 * 3 5 7
8.5 0.998 0.998 0.998 3 * 3 5 7
9.0 0.999 0.999 0.999 3 * 3 5 7
9.5 0.999 0.999 0.998 3 * 3 5 7
10.0 1.000 1.000 1.000 3 * 3 5 7
0.5 0.000 0.000 0.000 1 * 1
1.0 0.000 0.000 0.000 1 * 1
1.5 0.531 0.381 0.306 1 * 3
2.0 0.717 0.539 0.450 1 * 3
2.5 0.664 0.620 0.530 2 * 3 5
3.0 0.778 0.737 0.653 2 * 3 5
3.5 0.888 0.848 0.769 2 * 3 5
4.0 0.811 0.748 0.579 2 * 3 6
4.5 0.893 0.854 0.873 2 * 3 7
5.0 0.971 0.971 0.965 3 * 3 5 7
5.5 0.980 0.980 0.976 3 * 3 5 7
6.0 0.987 0.987 0.984 3 * 3 5 7
6.5 0.991 0.991 0.990 3 * 3 5 7
7.0 0.995 0.995 0.994 3 * 3 5 7
7.5 0.995 0.995 0.994 3 * 3 5 7
8.0 0.997 0.997 0.997 3 * 3 5 7
8.5 0.998 0.998 0.998 3 * 3 5 7
9.0 0.999 0.999 0.999 3 * 3 5 7
9.5 0.999 0.999 0.999 3 * 3 5 7
10.0 1.000 1.000 1.000 3 * 3 5 7
0.5 0.000 0.000 0.000 1 * 1
1.0 0.113 0.045 0.011 1 * 2
1.5 0.555 0.402 0.325 1 * 3
2.0 0.707 0.528 0.436 1 * 3
2.5 0.638 0.591 0.497 2 * 3 5
3.0 0.763 0.720 0.636 2 * 3 5
3.5 0.878 0.839 0.760 2 * 3 5
4.0 0.827 0.809 0.774 2 * 3 6
4.5 0.812 0.865 0.615 3 * 3 5 7
5.0 0.970 0.970 0.964 3 * 3 5 7
5.5 0.980 0.980 0.976 3 * 3 5 7
6.0 0.987 0.987 0.986 3 * 3 5 7
6.5 0.991 0.991 0.989 3 * 3 5 7
7.0 0.995 0.995 0.994 3 * 3 5 7
7.5 0.996 0.996 0.995 3 * 3 5 7
8.0 0.997 0.997 0.997 3 * 3 5 7
8.5 0.998 0.998 0.998 3 * 3 5 7
9.0 0.999 0.999 0.999 3 * 3 5 7
9.5 0.999 0.999 0.999 3 * 3 5 7
10.0 0.999 0.999 0.999 3 * 3 5 7
0.5 0.000 0.000 0.000 1 * 1
1.0 0.000 0.000 0.000 1 * 1
1.5 0.519 0.371 0.296 1 * 3
2.0 0.708 0.530 0.441 1 * 3
2.5 0.382 0.371 0.350 2 * 2 6
3.0 0.754 0.711 0.625 2 * 3 5
3.5 0.872 0.832 0.751 2 * 3 5
4.0 0.766 0.684 0.765 1 * 6
4.5 0.872 0.872 0.858 3 * 3 5 7
5.0 0.967 0.967 0.960 3 * 3 5 7
5.5 0.981 0.981 0.977 3 * 3 5 7
6.0 0.986 0.986 0.984 3 * 3 5 7
6.5 0.991 0.991 0.989 3 * 3 5 7
7.0 0.994 0.994 0.992 3 * 3 5 7
7.5 0.996 0.996 0.995 3 * 3 5 7
8.0 0.997 0.997 0.997 3 * 3 5 7
8.5 0.998 0.998 0.997 3 * 3 5 7
9.0 0.999 0.999 0.998 3 * 3 5 7
9.5 1.000 1.000 1.000 3 * 3 5 7
10.0 1.000 1.000 1.000 3 * 3 5 7
0.5 0.000 0.000 0.000 1 * 1
1.0 0.000 0.000 0.000 1 * 1
1.5 0.503 0.354 0.280 1 * 3
2.0 0.720 0.539 0.449 1 * 3
2.5 0.639 0.592 0.497 2 * 3 5
3.0 0.788 0.745 0.660 2 * 3 5
3.5 0.886 0.846 0.765 2 * 3 5
4.0 0.768 0.890 0.352 3 * 3 5 7
4.5 0.772 0.718 0.610 2 * 3 7
5.0 0.976 0.976 0.971 3 * 3 5 7
5.5 0.978 0.978 0.974 3 * 3 5 7
6.0 0.988 0.988 0.986 3 * 3 5 7
6.5 0.991 0.991 0.990 3 * 3 5 7
7.0 0.993 0.993 0.992 3 * 3 5 7
7.5 0.996 0.996 0.996 3 * 3 5 7
8.0 0.997 0.997 0.997 3 * 3 5 7
8.5 0.998 0.998 0.997 3 * 3 5 7
9.0 0.999 0.999 0.998 3 * 3 5 7
9.5 0.999 0.999 0.999 3 * 3 5 7
10.0 0.999 0.999 0.999 3 * 3 5 7
0.5 0.000 0.000 0.000 1 * 1
1.0 0.000 0.000 0.000 1 * 1
1.5 0.540 0.388 0.311 1 * 3
2.0 0.715 0.536 0.447 1 * 3
2.5 0.646 0.600 0.509 2 * 3 5
3.0 0.777 0.735 0.649 2 * 3 5
3.5 0.892 0.852 0.774 2 * 3 5
4.0 0.647 0.752 0.594 3 * 2 5 7
4.5 0.832 0.889 0.632 3 * 3 5 7
5.0 0.968 0.968 0.961 3 * 3 5 7
5.5 0.980 0.980 0.976 3 * 3 5 7
6.0 0.986 0.986 0.983 3 * 3 5 7
6.5 0.991 0.991 0.990 3 * 3 5 7
7.0 0.995 0.995 0.994 3 * 3 5 7
7.5 0.910 0.957 0.740 3 * 3 5 7
8.0 0.998 0.998 0.997 3 * 3 5 7
8.5 0.998 0.998 0.998 3 * 3 5 7
9.0 0.999 0.999 0.999 3 * 3 5 7
9.5 0.999 0.999 0.999 3 * 3 5 7
10.0 0.999 0.999 0.999 3 * 3 5 7
0.5 0.000 0.000 0.000 1 * 1
1.0 0.000 0.000 0.000 1 * 1
1.5 0.561 0.405 0.327 1 * 3
2.0 0.715 0.534 0.444 1 * 3
2.5 0.638 0.591 0.498 2 * 3 5
3.0 0.768 0.725 0.641 2 * 3 5
3.5 0.886 0.847 0.768 2 * 3 5
4.0 0.792 0.852 0.583 3 * 3 5 7
4.5 0.829 0.887 0.628 3 * 3 5 7
5.0 0.972 0.972 0.967 3 * 3 5 7
5.5 0.980 0.980 0.976 3 * 3 5 7
6.0 0.988 0.988 0.986 3 * 3 5 7
6.5 0.992 0.992 0.989 3 * 3 5 7
7.0 0.993 0.993 0.992 3 * 3 5 7
7.5 0.997 0.997 0.996 3 * 3 5 7
8.0 0.998 0.998 0.997 3 * 3 5 7
8.5 0.998 0.998 0.998 3 * 3 5 7
9.0 0.999 0.999 0.999 3 * 3 5 7
9.5 0.999 0.999 0.999 3 * 3 5 7
10.0 0.999 0.999 0.999 3 * 3 5 7
0.5 0.000 0.000 0.000 1 * 1
1.0 0.055 0.055 0.055 1 * 2
1.5 0.524 0.374 0.299 1 * 3
2.0 0.716 0.537 0.446 1 * 3
2.5 0.650 0.604 0.511 2 * 3 5
3.0 0.773 0.730 0.644 2 * 3 5
3.5 0.879 0.839 0.758 2 * 3 5
4.0 0.772 0.824 0.569 3 * 3 5 7
4.5 0.924 0.924 0.910 3 * 3 5 7
5.0 0.972 0.972 0.967 3 * 3 5 7
5.5 0.981 0.981 0.978 3 * 3 5 7
6.0 0.986 0.986 0.983 3 * 3 5 7
6.5 0.991 0.991 0.989 3 * 3 5 7
7.0 0.994 0.994 0.993 3 * 3 5 7
7.5 0.996 0.996 0.995 3 * 3 5 7
8.0 0.997 0.997 0.997 3 * 3 5 7
8.5 0.998 0.998 0.998 3 * 3 5 7
9.0 0.999 0.999 0.999 3 * 3 5 7
9.5 0.999 0.999 0.999 3 * 3 5 7
10.0 0.999 0.999 0.999 3 * 3 5 7
0.5 0.000 0.000 0.000 1 * 1
1.0 0.000 0.000 0.000 1 * 1
1.5 0.532 0.386 0.312 1 * 3
2.0 0.440 0.412 0.382 1 * 4
2.5 0.548 0.533 0.513 1 * 4
3.0 0.767 0.725 0.640 2 * 3 5
3.5 0.898 0.857 0.776 2 * 3 5
4.0 0.610 0.692 0.769 2 * 2 6
4.5 0.815 0.871 0.610 3 * 3 5 7
5.0 0.964 0.964 0.956 3 * 3 5 7
5.5 0.978 0.978 0.975 3 * 3 5 7
6.0 0.988 0.988 0.986 3 * 3 5 7
6.5 0.991 0.991 0.989 3 * 3 5 7
7.0 0.994 0.994 0.993 3 * 3 5 7
7.5 0.997 0.997 0.996 3 * 3 5 7
8.0 0.997 0.997 0.997 3 * 3 5 7
8.5 0.998 0.998 0.998 3 * 3 5 7
9.0 0.999 0.999 0.999 3 * 3 5 7
9.5 0.999 0.999 0.999 3 * 3 5 7
10.0 0.999 0.999 0.999 3 * 3 5 7
0.5 0.000 0.000 0.000 1 * 1
1.0 0.006 0.005 0.004 1 * 2
1.5 0.554 0.400 0.323 1 * 3
2.0 0.714 0.536 0.448 1 * 3
2.5 0.555 0.537 0.509 1 * 4
3.0 0.763 0.721 0.637 2 * 3 5
3.5 0.891 0.851 0.771 2 * 3 5
4.0 0.801 0.854 0.602 3 * 3 5 7
4.5 0.829 0.888 0.628 3 * 3 5 7
5.0 0.972 0.972 0.966 3 * 3 5 7
5.5 0.978 0.978 0.974 3 * 3 5 7
6.0 0.986 0.986 0.983 3 * 3 5 7
6.5 0.991 0.991 0.989 3 * 3 5 7
7.0 0.994 0.994 0.993 3 * 3 5 7
7.5 0.996 0.996 0.995 3 * 3 5 7
8.0 0.997 0.997 0.997 3 * 3 5 7
8.5 0.998 0.998 0.998 3 * 3 5 7
9.0 0.999 0.999 0.999 3 * 3 5 7
9.5 0.999 0.999 0.999 3 * 3 5 7
10.0 0.999 0.999 0.999 3 * 3 5 7
0.5 0.000 0.000 0.000 1 * 1
1.0 0.000 0.000 0.000 1 * 1
1.5 0.534 0.381 0.305 1 * 3
2.0 0.720 0.545 0.457 1 * 3
2.5 0.635 0.590 0.500 2 * 3 5
3.0 0.770 0.727 0.641 2 * 3 5
3.5 0.884 0.844 0.763 2 * 3 5
4.0 0.719 0.663 0.546 2 * 3 7
4.5 0.825 0.884 0.620 3 * 3 5 7
5.0 0.967 0.967 0.962 3 * 3 5 7
5.5 0.978 0.978 0.974 3 * 3 5 7
6.0 0.987 0.987 0.985 3 * 3 5 7
6.5 0.991 0.991 0.989 3 * 3 5 7
7.0 0.995 0.995 0.994 3 * 3 5 7
7.5 0.995 0.995 0.994 3 * 3 5 7
8.0 0.997 0.997 0.997 3 * 3 5 7
8.5 0.998 0.998 0.998 3 * 3 5 7
9.0 0.999 0.999 0.999 3 * 3 5 7
9.5 0.999 0.999 0.999 3 * 3 5 7
10.0 0.999 0.999 0.999 3 * 3 5 7
0.5 0.000 0.000 0.000 1 * 1
1.0 0.000 0.000 0.000 1 * 1
1.5 0.539 0.388 0.312 1 * 3
2.0 0.730 0.548 0.456 1 * 3
2.5 0.634 0.583 0.483 2 * 3 5
3.0 0.773 0.730 0.644 2 * 3 5
3.5 0.773 0.713 0.541 2 * 3 6
4.0 0.791 0.848 0.583 3 * 3 5 7
4.5 0.957 0.957 0.948 3 * 3 5 7
5.0 0.961 0.961 0.952 3 * 3 5 7
5.5 0.981 0.981 0.978 3 * 3 5 7
6.0 0.988 0.988 0.986 3 * 3 5 7
6.5 0.991 0.991 0.989 3 * 3 5 7
7.0 0.994 0.994 0.993 3 * 3 5 7
7.5 0.996 0.996 0.995 3 * 3 5 7
8.0 0.998 0.998 0.997 3 * 3 5 7
8.5 0.998 0.998 0.998 3 * 3 5 7
9.0 0.999 0.999 0.999 3 * 3 5 7
9.5 0.999 0.999 0.999 3 * 3 5 7
10.0 1.000 1.000 1.000 3 * 3 5 7
0.5 0.000 0.000 0.000 1 * 1
1.0 0.000 0.000 0.000 1 * 1
1.5 0.545 0.395 0.320 1 * 3
2.0 0.723 0.542 0.451 1 * 3
2.5 0.634 0.589 0.501 2 * 3 5
3.0 0.777 0.733 0.645 2 * 3 5
3.5 0.771 0.711 0.535 2 * 3 6
4.0 0.829 0.810 0.772 2 * 3 6
4.5 0.836 0.894 0.638 3 * 3 5 7
5.0 0.971 0.971 0.965 3 * 3 5 7
5.5 0.979 0.979 0.975 3 * 3 5 7
6.0 0.988 0.988 0.985 3 * 3 5 7
6.5 0.991 0.991 0.990 3 * 3 5 7
7.0 0.994 0.994 0.993 3 * 3 5 7
7.5 0.996 0.996 0.995 3 * 3 5 7
8.0 0.997 0.997 0.997 3 * 3 5 7
8.5 0.997 0.997 0.997 3 * 3 5 7
9.0 0.998 0.998 0.998 3 * 3 5 7
9.5 0.999 0.999 0.999 3 * 3 5 7
10.0 0.999 0.999 0.999 3 * 3 5 7
0.5 0.000 0.000 0.000 1 * 1
1.0 0.000 0.000 0.000 1 * 1
1.5 0.558 0.401 0.322 1 * 3
2.0 0.716 0.535 0.445 1 * 3
2.5 0.829 0.634 0.536 1 * 3
3.0 0.774 0.731 0.644 2 * 3 5
3.5 0.881 0.841 0.762 2 * 3 5
4.0 0.812 0.748 0.578 2 * 3 6
4.5 0.927 0.927 0.914 3 * 3 5 7
5.0 0.874 0.937 0.670 3 * 3 5 7
5.5 0.982 0.982 0.978 3 * 3 5 7
6.0 0.988 0.988 0.985 3 * 3 5 7
6.5 0.994 0.994 0.992 3 * 3 5 7
7.0 0.994 0.994 0.993 3 * 3 5 7
7.5 0.997 0.997 0.996 3 * 3 5 7
8.0 0.998 0.998 0.997 3 * 3 5 7
8.5 0.998 0.998 0.997 3 * 3 5 7
9.0 0.999 0.999 0.999 3 * 3 5 7
9.5 0.999 0.999 0.999 3 * 3 5 7
10.0 0.999 0.999 0.999 3 * 3 5 7
0.5 0.000 0.000 0.000 1 * 1
1.0 0.000 0.000 0.000 1 * 1
1.5 0.538 0.385 0.308 1 * 3
2.0 0.721 0.540 0.449 1 * 3
2.5 0.551 0.547 0.545 1 * 4
3.0 0.761 0.719 0.636 2 * 3 5
3.5 0.881 0.841 0.762 2 * 3 5
4.0 0.822 0.804 0.768 2 * 3 6
4.5 0.871 0.871 0.852 3 * 3 5 7
5.0 0.970 0.970 0.962 3 * 3 5 7
5.5 0.979 0.979 0.975 3 * 3 5 7
6.0 0.849 0.801 0.705 2 * 3 7
6.5 0.991 0.991 0.989 3 * 3 5 7
7.0 0.993 0.993 0.992 3 * 3 5 7
7.5 0.996 0.996 0.995 3 * 3 5 7
8.0 0.996 0.996 0.996 3 * 3 5 7
8.5 0.998 0.998 0.998 3 * 3 5 7
9.0 0.998 0.998 0.998 3 * 3 5 7
9.5 0.999 0.999 0.999 3 * 3 5 7
10.0 0.999 0.999 0.999 3 * 3 5 7
0.5 0.000 0.000 0.000 1 * 1
1.0 0.169 0.084 0.042 1 * 2
1.5 0.547 0.395 0.319 1 * 3
2.0 0.716 0.536 0.445 1 * 3
2.5 0.562 0.538 0.492 1 * 4
3.0 0.772 0.729 0.643 2 * 3 5
3.5 0.892 0.853 0.774 2 * 3 5
4.0 0.781 0.831 0.578 3 * 3 5 7
4.5 0.893 0.893 0.877 3 * 3 5 7
5.0 0.970 0.970 0.963 3 * 3 5 7
5.5 0.980 0.980 0.976 3 * 3 5 7
6.0 0.987 0.987 0.984 3 * 3 5 7
6.5 0.990 0.990 0.989 3 * 3 5 7
7.0 0.995 0.995 0.994 3 * 3 5 7
7.5 0.996 0.996 0.995 3 * 3 5 7
8.0 0.997 0.997 0.997 3 * 3 5 7
8.5 0.998 0.998 0.998 3 * 3 5 7
9.0 0.999 0.999 0.999 3 * 3 5 7
9.5 1.000 1.000 1.000 3 * 3 5 7
10.0 0.999 0.999 0.999 3 * 3 5 7
0.5 0.000 0.000 0.000 1 * 1
1.0 0.007 0.003 0.001 1 * 2
1.5 0.538 0.389 0.314 1 * 3
2.0 0.719 0.543 0.454 1 * 3
2.5 0.555 0.519 0.461 1 * 4
3.0 0.775 0.732 0.646 2 * 3 5
3.5 0.760 0.739 0.697 2 * 3 6
4.0 0.781 0.838 0.570 3 * 3 5 7
4.5 0.825 0.885 0.622 3 * 3 5 7
5.0 0.972 0.972 0.966 3 * 3 5 7
5.5 0.981 0.981 0.977 3 * 3 5 7
6.0 0.987 0.987 0.984 3 * 3 5 7
6.5 0.991 0.991 0.989 3 * 3 5 7
7.0 0.994 0.994 0.993 3 * 3 5 7
7.5 0.997 0.997 0.996 3 * 3 5 7
8.0 0.997 0.997 0.996 3 * 3 5 7
8.5 0.998 0.998 0.998 3 * 3 5 7
9.0 0.998 0.998 0.998 3 * 3 5 7
9.5 0.999 0.999 0.999 3 * 3 5 7
10.0 0.999 0.999 0.999 3 * 3 5 7
0.5 0.000 0.000 0.000 1 * 1
1.0 0.141 0.141 0.141 1 * 2
1.5 0.533 0.385 0.310 1 * 3
2.0 0.725 0.544 0.454 1 * 3
2.5 0.554 0.506 0.442 1 * 4
3.0 0.775 0.733 0.648 2 * 3 5
3.5 0.879 0.840 0.760 2 * 3 5
4.0 0.730 0.674 0.558 2 * 3 7
4.5 0.887 0.887 0.871 3 * 3 5 7
5.0 0.970 0.970 0.964 3 * 3 5 7
5.5 0.980 0.980 0.977 3 * 3 5 7
6.0 0.986 0.986 0.984 3 * 3 5 7
6.5 0.991 0.991 0.990 3 * 3 5 7
7.0 0.993 0.993 0.992 3 * 3 5 7
7.5 0.995 0.995 0.994 3 * 3 5 7
8.0 0.997 0.997 0.997 3 * 3 5 7
8.5 0.998 0.998 0.998 3 * 3 5 7
9.0 0.999 0.999 0.999 3 * 3 5 7
9.5 0.999 0.999 0.999 3 * 3 5 7
10.0 0.999 0.999 0.999 3 * 3 5 7
0.5 0.000 0.000 0.000 1 * 1
1.0 0.000 0.000 0.000 1 * 1
1.5 0.543 0.390 0.313 1 * 3
2.0 0.732 0.552 0.462 1 * 3
2.5 0.633 0.584 0.486 2 * 3 5
3.0 0.762 0.719 0.632 2 * 3 5
3.5 0.896 0.857 0.778 2 * 3 5
4.0 0.745 0.689 0.577 2 * 3 7
4.5 0.923 0.886 0.908 2 * 3 7
5.0 0.969 0.969 0.964 3 * 3 5 7
5.5 0.981 0.981 0.977 3 * 3 5 7
6.0 0.987 0.950 0.984 2 * 3 7
6.5 0.991 0.991 0.989 3 * 3 5 7
7.0 0.995 0.995 0.994 3 * 3 5 7
7.5 0.995 0.995 0.995 3 * 3 5 7
8.0 0.998 0.998 0.998 3 * 3 5 7
8.5 0.999 0.999 0.999 3 * 3 5 7
9.0 0.999 0.999 0.998 3 * 3 5 7
9.5 0.999 0.999 0.998 3 * 3 5 7
10.0 0.999 0.999 0.999 3 * 3 5 7
0.5 0.000 0.000 0.000 1 * 1
1.0 0.130 0.130 0.130 1 * 2
1.5 0.539 0.382 0.304 1 * 3
2.0 0.723 0.543 0.453 1 * 3
2.5 0.611 0.568 0.481 2 * 3 5
3.0 0.766 0.725 0.642 2 * 3 5
3.5 0.551 0.552 0.552 2 * 2 6
4.0 0.619 0.708 0.541 3 * 2 5 7
4.5 0.564 0.592 0.647 2 * 2 7
5.0 0.970 0.970 0.963 3 * 3 5 7
5.5 0.981 0.981 0.977 3 * 3 5 7
6.0 0.988 0.988 0.986 3 * 3 5 7
6.5 0.992 0.992 0.990 3 * 3 5 7
7.0 0.994 0.994 0.993 3 * 3 5 7
7.5 0.996 0.996 0.995 3 * 3 5 7
8.0 0.998 0.998 0.997 3 * 3 5 7
8.5 0.997 0.997 0.997 3 * 3 5 7
9.0 0.998 0.998 0.998 3 * 3 5 7
9.5 0.999 0.999 0.999 3 * 3 5 7
10.0 0.999 0.999 0.999 3 * 3 5 7
0.5 0.000 0.000 0.000 1 * 1
1.0 0.000 0.000 0.000 1 * 1
1.5 0.535 0.383 0.305 1 * 3
2.0 0.718 0.537 0.447 1 * 3
2.5 0.538 0.534 0.532 1 * 4
3.0 0.778 0.736 0.650 2 * 3 5
3.5 0.896 0.858 0.781 2 * 3 5
4.0 0.511 0.524 0.550 2 * 2 7
4.5 0.829 0.889 0.625 3 * 3 5 7
5.0 0.969 0.969 0.962 3 * 3 5 7
5.5 0.981 0.981 0.978 3 * 3 5 7
6.0 0.985 0.985 0.982 3 * 3 5 7
6.5 0.990 0.990 0.989 3 * 3 5 7
7.0 0.994 0.994 0.993 3 * 3 5 7
7.5 0.996 0.996 0.995 3 * 3 5 7
8.0 0.997 0.997 0.997 3 * 3 5 7
8.5 0.998 0.998 0.998 3 * 3 5 7
9.0 0.999 0.999 0.999 3 * 3 5 7
9.5 0.999 0.999 0.999 3 * 3 5 7
10.0 0.999 0.999 0.999 3 * 3 5 7
0.5 0.000 0.000 0.000 1 * 1
0.5 0.001 0.002 0.002 2 * 1 2
0.5 0.000 0.000 0.000 1 * 1
1.0 0.000 0.000 0.000 1 * 1
0.5 0.007 0.007 0.003 2 * 1 2
1.0 0.002 0.001 0.000 2 * 1 2
1.5 0.279 0.400 0.321 2 * 1 3
2.0 0.356 0.535 0.447 2 * 1 3
2.5 0.405 0.557 0.457 3 * 1 3 5
3.0 0.515 0.730 0.646 3 * 1 3 5
3.5 0.596 0.854 0.773 3 * 1 3 5
4.0 0.586 0.901 0.363 4 * 1 3 5 7
4.5 0.525 0.792 0.641 3 * 1 5 7
5.0 0.728 0.970 0.964 4 * 1 3 5 7
5.5 0.734 0.979 0.975 4 * 1 3 5 7
6.0 0.741 0.988 0.986 4 * 1 3 5 7
6.5 0.743 0.991 0.989 4 * 1 3 5 7
0.5 0.020 0.009 0.004 1 * 2
0.5 0.003 0.003 0.003 1 * 2
1.0 0.000 0.000 0.000 1 * 1
1.5 0.553 0.399 0.323 1 * 3
2.0 0.720 0.542 0.452 1 * 3
2.5 0.653 0.594 0.477 2 * 3 4
3.0 0.792 0.749 0.664 2 * 3 5
3.5 0.874 0.834 0.755 2 * 3 5
4.0 0.587 0.501 0.577 1 * 7
4.5 0.777 0.786 0.628 2 * 5 7
5.0 0.968 0.863 0.966 2 * 5 7
5.5 0.855 0.833 0.733 2 * 5 8
6.0 0.986 0.878 0.985 2 * 5 7
6.5 0.989 0.880 0.989 2 * 5 7
7.0 0.976 0.884 0.994 3 * 5 6 7
7.5 0.995 0.885 0.995 2 * 5 7
8.0 0.978 0.886 0.996 3 * 5 6 7
8.5 0.998 0.887 0.998 2 * 5 7
9.0 0.999 0.888 0.999 2 * 5 7
9.5 0.999 0.888 0.999 2 * 5 7
10.0 1.000 0.889 1.000 2 * 5 7
0.5 0.000 0.000 0.000 1 * 1
0.5 0.000 0.000 0.000 1 * 1
1.0 0.065 0.080 0.054 2 * 1 2
1.5 0.158 0.218 0.166 2 * 1 4
2.0 0.361 0.542 0.452 2 * 1 3
2.5 0.424 0.589 0.493 3 * 1 3 5
3.0 0.523 0.743 0.660 3 * 1 3 5
3.5 0.593 0.851 0.772 3 * 1 3 5
4.0 0.292 0.494 0.569 2 * 1 7
4.5 0.554 0.820 0.893 3 * 1 4 7
5.0 0.713 0.950 0.940 4 * 1 3 5 7
5.5 0.734 0.979 0.975 4 * 1 3 5 7
6.0 0.741 0.989 0.986 4 * 1 3 5 7
6.5 0.744 0.992 0.991 4 * 1 3 5 7
7.0 0.746 0.995 0.994 4 * 1 3 5 7
7.5 0.747 0.996 0.995 4 * 1 3 5 7
8.0 0.748 0.997 0.996 4 * 1 3 5 7
8.5 0.749 0.998 0.998 4 * 1 3 5 7
9.0 0.749 0.999 0.998 4 * 1 3 5 7
9.5 0.749 0.999 0.999 4 * 1 3 5 7
10.0 0.750 0.999 0.999 4 * 1 3 5 7
0.5 0.000 0.000 0.000 1 * 1
1.0 0.000 0.000 0.000 1 * 1
1.5 0.277 0.402 0.326 2 * 1 3
2.0 0.360 0.541 0.452 2 * 1 3
2.5 0.418 0.579 0.481 3 * 1 3 5
3.0 0.507 0.719 0.637 3 * 1 3 5
3.5 0.629 0.846 0.766 4 * 1 3 4 5
4.0 0.347 0.533 0.560 3 * 1 2 7
4.5 0.312 0.534 0.614 2 * 1 7
5.0 0.727 0.969 0.964 4 * 1 3 5 7
5.5 0.737 0.982 0.979 4 * 1 3 5 7
0.5 0.000 0.000 0.000 1 * 1
1.0 0.000 0.000 0.000 1 * 1
1.5 0.557 0.401 0.322 1 * 3
2.0 0.735 0.553 0.462 1 * 3
2.5 0.641 0.594 0.500 2 * 3 5
3.0 0.768 0.726 0.642 2 * 3 5
3.5 0.886 0.846 0.766 2 * 3 5
4.0 0.590 0.502 0.577 1 * 7
4.5 0.922 0.922 0.909 3 * 3 5 7
5.0 0.969 0.969 0.963 3 * 3 5 7
5.5 0.979 0.979 0.976 3 * 3 5 7
6.0 0.974 0.988 0.986 4 * 3 5 6 7
6.5 0.990 0.990 0.988 3 * 3 5 7
7.0 0.862 0.816 0.725 2 * 3 7
7.5 0.996 0.996 0.995 3 * 3 5 7
8.0 0.998 0.998 0.997 3 * 3 5 7
8.5 0.998 0.998 0.998 3 * 3 5 7
9.0 0.984 0.998 0.998 4 * 3 5 6 7
9.5 1.000 1.000 1.000 3 * 3 5 7
