0.5 0.000 0.000 0.000 1 * 1
1.0 0.000 0.000 0.000 1 * 1
1.5 0.245 0.219 0.245 1 * 3
2.0 0.461 0.411 0.461 1 * 3
2.5 0.486 0.468 0.486 1 * 4
3.0 0.630 0.615 0.652 2 * 5 3
3.5 0.660 0.644 0.689 2 * 6 3
4.0 0.777 0.771 0.793 2 * 6 3
4.5 0.833 0.833 0.839 3 * 7 5 3
5.0 0.883 0.883 0.886 3 * 7 5 3
5.5 0.915 0.915 0.915 3 * 7 5 3
6.0 0.944 0.944 0.943 3 * 7 5 3
6.5 0.960 0.960 0.958 3 * 7 5 3
7.0 0.970 0.970 0.967 3 * 7 5 3
7.5 0.972 0.972 0.970 3 * 7 5 3
8.0 0.977 0.977 0.975 3 * 7 5 3
8.5 0.983 0.983 0.980 3 * 7 5 3
9.0 0.986 0.986 0.984 3 * 7 5 3
9.5 0.990 0.990 0.988 3 * 7 5 3
10.0 0.991 0.991 0.989 3 * 7 5 3
0.5 0.000 0.000 0.000 1 * 1
1.0 0.000 0.000 0.000 1 * 1
1.5 0.246 0.219 0.246 1 * 3
2.0 0.447 0.398 0.447 1 * 3
2.5 0.465 0.447 0.501 2 * 5 3
3.0 0.628 0.614 0.646 2 * 5 3
3.5 0.734 0.721 0.745 2 * 5 3
4.0 0.752 0.752 0.759 3 * 7 5 3
4.5 0.845 0.845 0.851 3 * 7 5 3
5.0 0.883 0.883 0.884 3 * 7 5 3
5.5 0.924 0.924 0.921 3 * 7 5 3
6.0 0.945 0.945 0.943 3 * 7 5 3
6.5 0.955 0.955 0.954 3 * 7 5 3
7.0 0.965 0.965 0.962 3 * 7 5 3
7.5 0.971 0.971 0.968 3 * 7 5 3
8.0 0.978 0.978 0.976 3 * 7 5 3
8.5 0.983 0.983 0.981 3 * 7 5 3
9.0 0.986 0.986 0.984 3 * 7 5 3
9.5 0.988 0.988 0.986 3 * 7 5 3
10.0 0.992 0.992 0.991 3 * 7 5 3
0.5 0.000 0.000 0.000 1 * 1
1.0 0.000 0.000 0.000 1 * 1
1.5 0.253 0.226 0.253 1 * 3
2.0 0.437 0.390 0.437 1 * 3
2.5 0.475 0.451 0.475 1 * 4
3.0 0.624 0.610 0.644 2 * 5 3
3.5 0.727 0.713 0.739 2 * 5 3
4.0 0.780 0.780 0.792 3 * 7 5 3
4.5 0.841 0.841 0.846 3 * 7 5 3
5.0 0.892 0.892 0.893 3 * 7 5 3
5.5 0.922 0.922 0.921 3 * 7 5 3
6.0 0.944 0.944 0.942 3 * 7 5 3
6.5 0.952 0.952 0.951 3 * 7 5 3
7.0 0.967 0.967 0.964 3 * 7 5 3
7.5 0.973 0.973 0.970 3 * 7 5 3
8.0 0.976 0.976 0.974 3 * 7 5 3
8.5 0.982 0.982 0.980 3 * 7 5 3
9.0 0.983 0.983 0.980 3 * 7 5 3
9.5 0.988 0.988 0.987 3 * 7 5 3
10.0 0.991 0.991 0.990 3 * 7 5 3
0.5 0.000 0.000 0.000 1 * 1
1.0 0.000 0.000 0.000 1 * 1
1.5 0.232 0.207 0.232 1 * 3
2.0 0.449 0.401 0.449 1 * 3
2.5 0.476 0.459 0.510 2 * 5 3
3.0 0.612 0.597 0.632 2 * 5 3
3.5 0.724 0.710 0.738 2 * 5 3
4.0 0.710 0.710 0.715 3 * 7 5 3
4.5 0.848 0.848 0.850 3 * 7 5 3
5.0 0.885 0.885 0.888 3 * 7 5 3
5.5 0.921 0.921 0.920 3 * 7 5 3
6.0 0.938 0.938 0.936 3 * 7 5 3
6.5 0.953 0.953 0.950 3 * 7 5 3
7.0 0.965 0.965 0.962 3 * 7 5 3
7.5 0.970 0.970 0.968 3 * 7 5 3
8.0 0.978 0.978 0.976 3 * 7 5 3
8.5 0.982 0.982 0.980 3 * 7 5 3
9.0 0.983 0.983 0.981 3 * 7 5 3
9.5 0.986 0.986 0.984 3 * 7 5 3
10.0 0.990 0.990 0.988 3 * 7 5 3
0.5 0.000 0.000 0.000 1 * 1
1.0 0.000 0.000 0.000 1 * 1
1.5 0.257 0.229 0.257 1 * 3
2.0 0.447 0.399 0.447 1 * 3
2.5 0.400 0.391 0.389 1 * 5
3.0 0.617 0.603 0.638 2 * 5 3
3.5 0.743 0.730 0.756 2 * 5 3
4.0 0.748 0.748 0.758 3 * 7 5 3
4.5 0.840 0.840 0.847 3 * 7 5 3
5.0 0.898 0.898 0.900 3 * 7 5 3
5.5 0.916 0.916 0.916 3 * 7 5 3
6.0 0.945 0.945 0.943 3 * 7 5 3
6.5 0.957 0.957 0.954 3 * 7 5 3
7.0 0.966 0.966 0.963 3 * 7 5 3
7.5 0.970 0.970 0.968 3 * 7 5 3
8.0 0.979 0.979 0.977 3 * 7 5 3
8.5 0.981 0.981 0.979 3 * 7 5 3
9.0 0.983 0.983 0.979 3 * 7 5 3
9.5 0.990 0.990 0.989 3 * 7 5 3
10.0 0.990 0.990 0.989 3 * 7 5 3
0.5 0.000 0.000 0.000 1 * 1
1.0 0.000 0.000 0.000 1 * 1
1.5 0.245 0.219 0.245 1 * 3
2.0 0.435 0.388 0.435 1 * 3
2.5 0.435 0.422 0.412 1 * 5
3.0 0.604 0.589 0.628 2 * 5 3
3.5 0.732 0.719 0.744 2 * 5 3
4.0 0.736 0.736 0.745 3 * 7 5 3
4.5 0.849 0.849 0.854 3 * 7 5 3
5.0 0.893 0.893 0.894 3 * 7 5 3
5.5 0.919 0.919 0.918 3 * 7 5 3
6.0 0.947 0.947 0.948 3 * 7 5 3
6.5 0.955 0.955 0.952 3 * 7 5 3
7.0 0.969 0.969 0.967 3 * 7 5 3
7.5 0.973 0.973 0.970 3 * 7 5 3
8.0 0.975 0.975 0.972 3 * 7 5 3
8.5 0.981 0.981 0.978 3 * 7 5 3
9.0 0.986 0.986 0.985 3 * 7 5 3
9.5 0.990 0.990 0.989 3 * 7 5 3
10.0 0.991 0.991 0.989 3 * 7 5 3
0.5 0.000 0.000 0.000 1 * 1
1.0 0.000 0.000 0.000 1 * 1
1.5 0.263 0.235 0.263 1 * 3
2.0 0.438 0.390 0.438 1 * 3
2.5 0.486 0.467 0.486 1 * 4
3.0 0.607 0.592 0.629 2 * 5 3
3.5 0.730 0.716 0.742 2 * 5 3
4.0 0.754 0.754 0.766 3 * 7 5 3
4.5 0.853 0.853 0.859 3 * 7 5 3
5.0 0.890 0.890 0.892 3 * 7 5 3
5.5 0.928 0.928 0.927 3 * 7 5 3
6.0 0.938 0.938 0.937 3 * 7 5 3
6.5 0.953 0.953 0.949 3 * 7 5 3
7.0 0.964 0.964 0.962 3 * 7 5 3
7.5 0.971 0.971 0.968 3 * 7 5 3
8.0 0.980 0.980 0.979 3 * 7 5 3
8.5 0.978 0.978 0.976 3 * 7 5 3
9.0 0.985 0.985 0.983 3 * 7 5 3
9.5 0.986 0.986 0.985 3 * 7 5 3
10.0 0.991 0.991 0.990 3 * 7 5 3
0.5 0.000 0.000 0.000 1 * 1
1.0 0.000 0.000 0.000 1 * 1
1.5 0.255 0.227 0.255 1 * 3
2.0 0.439 0.392 0.439 1 * 3
2.5 0.454 0.443 0.498 2 * 5 3
3.0 0.612 0.598 0.631 2 * 5 3
3.5 0.732 0.717 0.747 2 * 5 3
4.0 0.744 0.744 0.756 3 * 7 5 3
4.5 0.843 0.843 0.852 3 * 7 5 3
5.0 0.895 0.895 0.896 3 * 7 5 3
5.5 0.908 0.908 0.907 3 * 7 5 3
6.0 0.941 0.941 0.939 3 * 7 5 3
6.5 0.955 0.955 0.953 3 * 7 5 3
7.0 0.967 0.967 0.965 3 * 7 5 3
7.5 0.971 0.971 0.969 3 * 7 5 3
8.0 0.979 0.979 0.977 3 * 7 5 3
8.5 0.984 0.984 0.982 3 * 7 5 3
9.0 0.985 0.985 0.982 3 * 7 5 3
9.5 0.988 0.988 0.987 3 * 7 5 3
10.0 0.991 0.991 0.990 3 * 7 5 3
0.5 0.000 0.000 0.000 1 * 1
1.0 0.015 0.014 0.015 1 * 2
1.5 0.241 0.215 0.241 1 * 3
2.0 0.440 0.393 0.440 1 * 3
2.5 0.466 0.449 0.504 2 * 5 3
3.0 0.626 0.611 0.648 2 * 5 3
3.5 0.729 0.716 0.743 2 * 5 3
4.0 0.781 0.774 0.797 2 * 6 3
4.5 0.851 0.851 0.858 3 * 7 5 3
5.0 0.883 0.883 0.884 3 * 7 5 3
5.5 0.930 0.930 0.930 3 * 7 5 3
6.0 0.941 0.941 0.938 3 * 7 5 3
6.5 0.963 0.963 0.961 3 * 7 5 3
7.0 0.963 0.963 0.960 3 * 7 5 3
7.5 0.970 0.970 0.968 3 * 7 5 3
8.0 0.977 0.977 0.974 3 * 7 5 3
8.5 0.986 0.986 0.985 3 * 7 5 3
9.0 0.986 0.986 0.985 3 * 7 5 3
9.5 0.988 0.988 0.986 3 * 7 5 3
10.0 0.990 0.990 0.988 3 * 7 5 3
0.5 0.000 0.000 0.000 1 * 1
1.0 0.000 0.000 0.000 1 * 1
1.5 0.266 0.237 0.266 1 * 3
2.0 0.437 0.390 0.437 1 * 3
2.5 0.436 0.422 0.474 2 * 5 3
3.0 0.614 0.599 0.634 2 * 5 3
3.5 0.726 0.712 0.742 2 * 5 3
4.0 0.764 0.755 0.784 2 * 6 3
4.5 0.849 0.849 0.853 3 * 7 5 3
5.0 0.895 0.895 0.898 3 * 7 5 3
5.5 0.924 0.924 0.924 3 * 7 5 3
6.0 0.937 0.937 0.935 3 * 7 5 3
6.5 0.953 0.953 0.950 3 * 7 5 3
7.0 0.963 0.963 0.961 3 * 7 5 3
7.5 0.973 0.973 0.970 3 * 7 5 3
8.0 0.977 0.977 0.975 3 * 7 5 3
8.5 0.981 0.981 0.978 3 * 7 5 3
9.0 0.984 0.984 0.982 3 * 7 5 3
9.5 0.986 0.986 0.984 3 * 7 5 3
10.0 0.988 0.988 0.986 3 * 7 5 3
0.5 0.000 0.000 0.000 1 * 1
1.0 0.000 0.000 0.000 1 * 1
1.5 0.250 0.223 0.250 1 * 3
2.0 0.435 0.388 0.435 1 * 3
2.5 0.460 0.443 0.497 2 * 5 3
3.0 0.606 0.591 0.628 2 * 5 3
3.5 0.623 0.615 0.630 2 * 6 3
4.0 0.740 0.740 0.751 3 * 7 5 3
4.5 0.848 0.848 0.851 3 * 7 5 3
5.0 0.889 0.889 0.893 3 * 7 5 3
5.5 0.922 0.922 0.920 3 * 7 5 3
6.0 0.941 0.941 0.939 3 * 7 5 3
6.5 0.960 0.960 0.958 3 * 7 5 3
7.0 0.968 0.968 0.965 3 * 7 5 3
7.5 0.971 0.971 0.969 3 * 7 5 3
8.0 0.975 0.975 0.973 3 * 7 5 3
8.5 0.982 0.982 0.979 3 * 7 5 3
9.0 0.987 0.987 0.985 3 * 7 5 3
9.5 0.987 0.987 0.985 3 * 7 5 3
10.0 0.991 0.991 0.989 3 * 7 5 3
0.5 0.000 0.000 0.000 1 * 1
1.0 0.000 0.000 0.000 1 * 1
1.5 0.259 0.232 0.259 1 * 3
2.0 0.435 0.388 0.435 1 * 3
2.5 0.479 0.455 0.479 1 * 4
3.0 0.624 0.608 0.645 2 * 5 3
3.5 0.729 0.715 0.742 2 * 5 3
4.0 0.753 0.753 0.765 3 * 7 5 3
4.5 0.838 0.838 0.843 3 * 7 5 3
5.0 0.893 0.893 0.895 3 * 7 5 3
5.5 0.920 0.920 0.921 3 * 7 5 3
6.0 0.937 0.937 0.934 3 * 7 5 3
6.5 0.956 0.956 0.954 3 * 7 5 3
7.0 0.962 0.962 0.961 3 * 7 5 3
7.5 0.974 0.974 0.971 3 * 7 5 3
8.0 0.978 0.978 0.975 3 * 7 5 3
8.5 0.983 0.983 0.981 3 * 7 5 3
9.0 0.984 0.984 0.982 3 * 7 5 3
9.5 0.990 0.990 0.988 3 * 7 5 3
10.0 0.990 0.990 0.989 3 * 7 5 3
0.5 0.000 0.000 0.000 1 * 1
1.0 0.000 0.000 0.000 1 * 1
1.5 0.238 0.212 0.238 1 * 3
2.0 0.457 0.408 0.457 1 * 3
2.5 0.453 0.437 0.491 2 * 5 3
3.0 0.618 0.603 0.638 2 * 5 3
3.5 0.729 0.715 0.743 2 * 5 3
4.0 0.726 0.726 0.737 3 * 7 5 3
4.5 0.848 0.848 0.855 3 * 7 5 3
5.0 0.894 0.894 0.896 3 * 7 5 3
5.5 0.925 0.925 0.926 3 * 7 5 3
6.0 0.937 0.937 0.934 3 * 7 5 3
6.5 0.950 0.950 0.944 3 * 7 5 3
7.0 0.967 0.967 0.964 3 * 7 5 3
7.5 0.974 0.974 0.972 3 * 7 5 3
8.0 0.976 0.976 0.973 3 * 7 5 3
8.5 0.982 0.982 0.980 3 * 7 5 3
9.0 0.985 0.985 0.983 3 * 7 5 3
9.5 0.988 0.988 0.987 3 * 7 5 3
10.0 0.990 0.990 0.988 3 * 7 5 3
0.5 0.000 0.000 0.000 1 * 1
1.0 0.000 0.000 0.000 1 * 1
1.5 0.250 0.224 0.250 1 * 3
2.0 0.447 0.399 0.447 1 * 3
2.5 0.462 0.446 0.501 2 * 5 3
3.0 0.600 0.583 0.628 2 * 5 3
3.5 0.670 0.653 0.698 2 * 6 3
4.0 0.746 0.746 0.754 3 * 7 5 3
4.5 0.841 0.841 0.843 3 * 7 5 3
5.0 0.887 0.887 0.891 3 * 7 5 3
5.5 0.921 0.921 0.922 3 * 7 5 3
6.0 0.940 0.940 0.936 3 * 7 5 3
6.5 0.958 0.958 0.955 3 * 7 5 3
7.0 0.969 0.969 0.968 3 * 7 5 3
7.5 0.970 0.970 0.968 3 * 7 5 3
8.0 0.973 0.973 0.970 3 * 7 5 3
8.5 0.984 0.984 0.982 3 * 7 5 3
9.0 0.988 0.988 0.987 3 * 7 5 3
9.5 0.988 0.988 0.986 3 * 7 5 3
10.0 0.991 0.991 0.989 3 * 7 5 3
0.5 0.000 0.000 0.000 1 * 1
1.0 0.000 0.000 0.000 1 * 1
1.5 0.260 0.232 0.260 1 * 3
2.0 0.447 0.399 0.447 1 * 3
2.5 0.471 0.449 0.471 1 * 4
3.0 0.613 0.598 0.634 2 * 5 3
3.5 0.741 0.726 0.757 2 * 5 3
4.0 0.776 0.768 0.792 2 * 6 3
4.5 0.843 0.843 0.847 3 * 7 5 3
5.0 0.886 0.886 0.887 3 * 7 5 3
5.5 0.923 0.923 0.922 3 * 7 5 3
6.0 0.938 0.938 0.937 3 * 7 5 3
6.5 0.951 0.951 0.948 3 * 7 5 3
7.0 0.968 0.968 0.966 3 * 7 5 3
7.5 0.974 0.974 0.970 3 * 7 5 3
8.0 0.979 0.979 0.977 3 * 7 5 3
8.5 0.982 0.982 0.979 3 * 7 5 3
9.0 0.986 0.986 0.983 3 * 7 5 3
9.5 0.989 0.989 0.988 3 * 7 5 3
10.0 0.990 0.990 0.988 3 * 7 5 3
0.5 0.000 0.000 0.000 1 * 1
1.0 0.000 0.000 0.000 1 * 1
1.5 0.256 0.228 0.256 1 * 3
2.0 0.350 0.324 0.350 1 * 4
2.5 0.418 0.406 0.397 1 * 5
3.0 0.609 0.594 0.633 2 * 5 3
3.5 0.735 0.721 0.750 2 * 5 3
4.0 0.733 0.733 0.741 3 * 7 5 3
4.5 0.838 0.838 0.844 3 * 7 5 3
5.0 0.839 0.848 0.851 3 * 8 5 3
5.5 0.924 0.924 0.923 3 * 7 5 3
6.0 0.937 0.937 0.933 3 * 7 5 3
6.5 0.953 0.953 0.950 3 * 7 5 3
7.0 0.965 0.965 0.962 3 * 7 5 3
7.5 0.972 0.972 0.969 3 * 7 5 3
8.0 0.978 0.978 0.976 3 * 7 5 3
8.5 0.984 0.984 0.982 3 * 7 5 3
9.0 0.987 0.987 0.985 3 * 7 5 3
9.5 0.988 0.988 0.986 3 * 7 5 3
10.0 0.988 0.988 0.987 3 * 7 5 3
0.5 0.000 0.000 0.000 1 * 1
1.0 0.000 0.000 0.000 1 * 1
1.5 0.222 0.198 0.222 1 * 3
2.0 0.438 0.390 0.438 1 * 3
2.5 0.472 0.455 0.506 2 * 5 3
3.0 0.615 0.601 0.635 2 * 5 3
3.5 0.723 0.709 0.738 2 * 5 3
4.0 0.738 0.738 0.746 3 * 7 5 3
4.5 0.836 0.836 0.841 3 * 7 5 3
5.0 0.898 0.898 0.899 3 * 7 5 3
5.5 0.915 0.915 0.912 3 * 7 5 3
6.0 0.941 0.941 0.940 3 * 7 5 3
6.5 0.955 0.955 0.952 3 * 7 5 3
7.0 0.964 0.964 0.961 3 * 7 5 3
7.5 0.972 0.972 0.970 3 * 7 5 3
8.0 0.978 0.978 0.975 3 * 7 5 3
8.5 0.979 0.979 0.977 3 * 7 5 3
9.0 0.984 0.984 0.983 3 * 7 5 3
9.5 0.985 0.985 0.983 3 * 7 5 3
10.0 0.989 0.989 0.987 3 * 7 5 3
0.5 0.000 0.000 0.000 1 * 1
1.0 0.000 0.000 0.000 1 * 1
1.5 0.252 0.225 0.252 1 * 3
2.0 0.358 0.331 0.358 1 * 4
2.5 0.470 0.443 0.470 1 * 4
3.0 0.612 0.598 0.630 2 * 5 3
3.5 0.742 0.728 0.754 2 * 5 3
4.0 0.720 0.720 0.713 3 * 7 5 3
4.5 0.835 0.835 0.841 3 * 7 5 3
5.0 0.895 0.895 0.898 3 * 7 5 3
5.5 0.932 0.932 0.934 3 * 7 5 3
6.0 0.947 0.947 0.945 3 * 7 5 3
6.5 0.952 0.952 0.951 3 * 7 5 3
7.0 0.966 0.966 0.964 3 * 7 5 3
7.5 0.973 0.973 0.971 3 * 7 5 3
8.0 0.979 0.979 0.976 3 * 7 5 3
8.5 0.983 0.983 0.981 3 * 7 5 3
9.0 0.986 0.986 0.983 3 * 7 5 3
9.5 0.987 0.987 0.985 3 * 7 5 3
10.0 0.992 0.992 0.990 3 * 7 5 3
0.5 0.000 0.000 0.000 1 * 1
1.0 0.000 0.000 0.000 1 * 1
1.5 0.261 0.233 0.261 1 * 3
2.0 0.349 0.320 0.349 1 * 4
2.5 0.452 0.435 0.488 2 * 5 3
3.0 0.603 0.588 0.625 2 * 5 3
3.5 0.734 0.721 0.745 2 * 5 3
4.0 0.716 0.704 0.753 2 * 7 3
4.5 0.842 0.842 0.843 3 * 7 5 3
5.0 0.898 0.898 0.901 3 * 7 5 3
5.5 0.912 0.912 0.912 3 * 7 5 3
6.0 0.933 0.933 0.932 3 * 7 5 3
6.5 0.956 0.956 0.954 3 * 7 5 3
7.0 0.963 0.963 0.960 3 * 7 5 3
7.5 0.973 0.973 0.970 3 * 7 5 3
8.0 0.979 0.979 0.977 3 * 7 5 3
8.5 0.981 0.981 0.979 3 * 7 5 3
9.0 0.984 0.984 0.983 3 * 7 5 3
9.5 0.989 0.989 0.987 3 * 7 5 3
10.0 0.989 0.989 0.987 3 * 7 5 3
0.5 0.000 0.000 0.000 1 * 1
1.0 0.000 0.000 0.000 1 * 1
1.5 0.239 0.213 0.239 1 * 3
2.0 0.448 0.399 0.448 1 * 3
2.5 0.388 0.373 0.388 1 * 5
3.0 0.621 0.605 0.645 2 * 5 3
3.5 0.738 0.725 0.747 2 * 5 3
4.0 0.711 0.699 0.747 2 * 7 3
4.5 0.857 0.857 0.860 3 * 7 5 3
5.0 0.883 0.883 0.887 3 * 7 5 3
5.5 0.921 0.921 0.919 3 * 7 5 3
6.0 0.936 0.936 0.935 3 * 7 5 3
6.5 0.953 0.953 0.952 3 * 7 5 3
7.0 0.970 0.970 0.969 3 * 7 5 3
7.5 0.972 0.972 0.969 3 * 7 5 3
8.0 0.978 0.978 0.975 3 * 7 5 3
8.5 0.983 0.983 0.981 3 * 7 5 3
9.0 0.986 0.986 0.985 3 * 7 5 3
9.5 0.990 0.990 0.988 3 * 7 5 3
10.0 0.990 0.990 0.989 3 * 7 5 3
0.5 0.000 0.000 0.000 1 * 1
1.0 0.000 0.000 0.000 1 * 2
1.5 0.242 0.216 0.242 1 * 3
2.0 0.452 0.403 0.452 1 * 3
2.5 0.455 0.438 0.490 2 * 5 3
3.0 0.617 0.602 0.640 2 * 5 3
3.5 0.729 0.716 0.739 2 * 5 3
4.0 0.699 0.699 0.705 3 * 7 5 3
4.5 0.837 0.837 0.840 3 * 7 5 3
5.0 0.897 0.897 0.899 3 * 7 5 3
5.5 0.926 0.926 0.926 3 * 7 5 3
6.0 0.945 0.945 0.942 3 * 7 5 3
6.5 0.960 0.960 0.959 3 * 7 5 3
7.0 0.965 0.965 0.963 3 * 7 5 3
7.5 0.973 0.973 0.971 3 * 7 5 3
8.0 0.982 0.982 0.979 3 * 7 5 3
8.5 0.985 0.985 0.983 3 * 7 5 3
9.0 0.987 0.987 0.985 3 * 7 5 3
9.5 0.990 0.990 0.990 3 * 7 5 3
10.0 0.990 0.990 0.989 3 * 7 5 3
0.5 0.000 0.000 0.000 1 * 1
1.0 0.000 0.000 0.000 1 * 1
1.5 0.258 0.230 0.258 1 * 3
2.0 0.447 0.399 0.447 1 * 3
2.5 0.482 0.461 0.482 1 * 4
3.0 0.625 0.610 0.646 2 * 5 3
3.5 0.737 0.723 0.750 2 * 5 3
4.0 0.778 0.770 0.796 2 * 6 3
4.5 0.825 0.825 0.826 3 * 7 5 3
5.0 0.893 0.893 0.895 3 * 7 5 3
5.5 0.925 0.925 0.924 3 * 7 5 3
6.0 0.941 0.941 0.941 3 * 7 5 3
6.5 0.953 0.953 0.949 3 * 7 5 3
7.0 0.969 0.969 0.968 3 * 7 5 3
7.5 0.972 0.972 0.970 3 * 7 5 3
8.0 0.977 0.977 0.975 3 * 7 5 3
8.5 0.983 0.983 0.982 3 * 7 5 3
9.0 0.982 0.982 0.979 3 * 7 5 3
9.5 0.989 0.989 0.987 3 * 7 5 3
10.0 0.988 0.988 0.986 3 * 7 5 3
0.5 0.000 0.000 0.000 1 * 1
1.0 0.000 -0.000 -0.000 1 * 2
1.5 0.260 0.232 0.260 1 * 3
2.0 0.440 0.392 0.440 1 * 3
2.5 0.453 0.439 0.494 2 * 5 3
3.0 0.608 0.593 0.630 2 * 5 3
3.5 0.680 0.662 0.713 2 * 6 3
4.0 0.716 0.716 0.719 3 * 7 5 3
4.5 0.836 0.836 0.841 3 * 7 5 3
5.0 0.901 0.901 0.905 3 * 7 5 3
5.5 0.918 0.918 0.918 3 * 7 5 3
6.0 0.939 0.939 0.937 3 * 7 5 3
6.5 0.954 0.954 0.952 3 * 7 5 3
7.0 0.965 0.965 0.963 3 * 7 5 3
7.5 0.973 0.973 0.970 3 * 7 5 3
8.0 0.978 0.978 0.976 3 * 7 5 3
8.5 0.980 0.980 0.979 3 * 7 5 3
9.0 0.987 0.987 0.986 3 * 7 5 3
9.5 0.988 0.988 0.987 3 * 7 5 3
10.0 0.989 0.989 0.988 3 * 7 5 3
0.5 0.000 0.000 0.000 1 * 1
1.0 0.000 0.000 0.000 1 * 1
1.5 0.249 0.222 0.249 1 * 3
2.0 0.441 0.394 0.441 1 * 3
2.5 0.453 0.440 0.494 2 * 5 3
3.0 0.627 0.612 0.650 2 * 5 3
3.5 0.732 0.718 0.747 2 * 5 3
4.0 0.751 0.751 0.758 3 * 7 5 3
4.5 0.840 0.840 0.846 3 * 7 5 3
5.0 0.890 0.890 0.891 3 * 7 5 3
5.5 0.917 0.917 0.915 3 * 7 5 3
6.0 0.940 0.940 0.938 3 * 7 5 3
6.5 0.956 0.956 0.954 3 * 7 5 3
7.0 0.964 0.964 0.962 3 * 7 5 3
7.5 0.975 0.975 0.973 3 * 7 5 3
8.0 0.978 0.978 0.976 3 * 7 5 3
8.5 0.982 0.982 0.981 3 * 7 5 3
9.0 0.989 0.989 0.987 3 * 7 5 3
9.5 0.988 0.988 0.985 3 * 7 5 3
10.0 0.992 0.992 0.990 3 * 7 5 3
0.5 0.000 0.000 0.000 1 * 1
1.0 0.000 0.000 0.000 1 * 1
1.5 0.261 0.233 0.261 1 * 3
2.0 0.435 0.388 0.435 1 * 3
2.5 0.456 0.439 0.493 2 * 5 3
3.0 0.609 0.595 0.627 2 * 5 3
3.5 0.728 0.714 0.739 2 * 5 3
4.0 0.728 0.728 0.735 3 * 7 5 3
4.5 0.839 0.839 0.844 3 * 7 5 3
5.0 0.890 0.890 0.890 3 * 7 5 3
5.5 0.918 0.918 0.917 3 * 7 5 3
6.0 0.940 0.940 0.940 3 * 7 5 3
6.5 0.955 0.955 0.953 3 * 7 5 3
7.0 0.964 0.964 0.961 3 * 7 5 3
7.5 0.970 0.970 0.967 3 * 7 5 3
8.0 0.980 0.980 0.978 3 * 7 5 3
8.5 0.982 0.982 0.980 3 * 7 5 3
9.0 0.984 0.984 0.983 3 * 7 5 3
9.5 0.987 0.987 0.985 3 * 7 5 3
10.0 0.988 0.988 0.986 3 * 7 5 3
0.5 0.000 0.000 0.000 1 * 1
1.0 0.037 0.032 0.037 1 * 2
1.5 0.243 0.217 0.243 1 * 3
2.0 0.440 0.393 0.440 1 * 3
2.5 0.447 0.433 0.487 2 * 5 3
3.0 0.601 0.586 0.625 2 * 5 3
3.5 0.731 0.718 0.742 2 * 5 3
4.0 0.746 0.746 0.751 3 * 7 5 3
4.5 0.840 0.840 0.847 3 * 7 5 3
5.0 0.888 0.888 0.892 3 * 7 5 3
5.5 0.915 0.915 0.916 3 * 7 5 3
6.0 0.936 0.936 0.934 3 * 7 5 3
6.5 0.952 0.952 0.950 3 * 7 5 3
7.0 0.961 0.961 0.959 3 * 7 5 3
7.5 0.969 0.969 0.968 3 * 7 5 3
8.0 0.979 0.979 0.977 3 * 7 5 3
8.5 0.983 0.983 0.981 3 * 7 5 3
9.0 0.985 0.985 0.982 3 * 7 5 3
9.5 0.988 0.988 0.987 3 * 7 5 3
10.0 0.987 0.987 0.985 3 * 7 5 3
0.5 0.000 0.000 0.000 1 * 1
1.0 0.000 0.000 0.000 1 * 1
1.5 0.246 0.220 0.246 1 * 3
2.0 0.445 0.397 0.445 1 * 3
2.5 0.468 0.451 0.507 2 * 5 3
3.0 0.631 0.616 0.649 2 * 5 3
3.5 0.741 0.728 0.753 2 * 5 3
4.0 0.744 0.744 0.756 3 * 7 5 3
4.5 0.847 0.847 0.856 3 * 7 5 3
5.0 0.899 0.899 0.900 3 * 7 5 3
5.5 0.920 0.920 0.920 3 * 7 5 3
6.0 0.936 0.936 0.933 3 * 7 5 3
6.5 0.955 0.955 0.951 3 * 7 5 3
7.0 0.960 0.960 0.956 3 * 7 5 3
7.5 0.971 0.971 0.968 3 * 7 5 3
8.0 0.978 0.978 0.976 3 * 7 5 3
8.5 0.982 0.982 0.979 3 * 7 5 3
9.0 0.985 0.985 0.983 3 * 7 5 3
9.5 0.989 0.989 0.988 3 * 7 5 3
10.0 0.991 0.991 0.989 3 * 7 5 3
0.5 0.000 0.000 0.000 1 * 1
1.0 0.000 0.000 0.000 1 * 1
1.5 0.267 0.239 0.267 1 * 3
2.0 0.452 0.403 0.452 1 * 3
2.5 0.414 0.402 0.395 1 * 5
3.0 0.623 0.610 0.640 2 * 5 3
3.5 0.722 0.707 0.736 2 * 5 3
4.0 0.745 0.745 0.753 3 * 7 5 3
4.5 0.847 0.847 0.852 3 * 7 5 3
5.0 0.882 0.882 0.885 3 * 7 5 3
5.5 0.919 0.919 0.916 3 * 7 5 3
6.0 0.947 0.947 0.946 3 * 7 5 3
6.5 0.956 0.956 0.955 3 * 7 5 3
7.0 0.960 0.960 0.957 3 * 7 5 3
7.5 0.972 0.972 0.969 3 * 7 5 3
8.0 0.974 0.974 0.972 3 * 7 5 3
8.5 0.982 0.982 0.979 3 * 7 5 3
9.0 0.982 0.982 0.979 3 * 7 5 3
9.5 0.992 0.992 0.991 3 * 7 5 3
10.0 0.992 0.992 0.990 3 * 7 5 3
0.5 0.000 0.000 0.000 1 * 1
1.0 0.000 0.000 0.000 1 * 1
1.5 0.238 0.213 0.238 1 * 3
2.0 0.464 0.414 0.464 1 * 3
2.5 0.478 0.461 0.511 2 * 5 3
3.0 0.619 0.604 0.643 2 * 5 3
3.5 0.729 0.715 0.742 2 * 5 3
4.0 0.776 0.768 0.794 2 * 6 3
4.5 0.845 0.845 0.847 3 * 7 5 3
5.0 0.897 0.897 0.899 3 * 7 5 3
5.5 0.923 0.923 0.925 3 * 7 5 3
6.0 0.948 0.948 0.947 3 * 7 5 3
6.5 0.951 0.951 0.949 3 * 7 5 3
7.0 0.964 0.964 0.962 3 * 7 5 3
7.5 0.966 0.966 0.963 3 * 7 5 3
8.0 0.978 0.978 0.976 3 * 7 5 3
8.5 0.983 0.983 0.980 3 * 7 5 3
9.0 0.987 0.987 0.986 3 * 7 5 3
9.5 0.987 0.987 0.985 3 * 7 5 3
10.0 0.988 0.988 0.987 3 * 7 5 3
0.5 0.000 0.000 0.000 1 * 1
1.0 0.000 0.000 0.000 1 * 1
1.5 0.236 0.210 0.236 1 * 3
2.0 0.445 0.397 0.445 1 * 3
2.5 0.476 0.455 0.476 1 * 4
3.0 0.622 0.607 0.644 2 * 5 3
3.5 0.722 0.708 0.737 2 * 5 3
4.0 0.770 0.761 0.785 2 * 6 3
4.5 0.847 0.847 0.852 3 * 7 5 3
5.0 0.885 0.885 0.887 3 * 7 5 3
5.5 0.932 0.932 0.934 3 * 7 5 3
6.0 0.940 0.940 0.940 3 * 7 5 3
6.5 0.948 0.948 0.944 3 * 7 5 3
7.0 0.965 0.965 0.965 3 * 7 5 3
7.5 0.970 0.970 0.968 3 * 7 5 3
8.0 0.976 0.976 0.974 3 * 7 5 3
8.5 0.985 0.985 0.982 3 * 7 5 3
9.0 0.984 0.984 0.983 3 * 7 5 3
9.5 0.988 0.988 0.986 3 * 7 5 3
10.0 0.992 0.992 0.990 3 * 7 5 3
0.5 0.000 0.000 0.000 1 * 1
1.0 0.000 0.000 0.000 1 * 1
1.5 0.254 0.227 0.254 1 * 3
2.0 0.468 0.417 0.468 1 * 3
2.5 0.453 0.438 0.492 2 * 5 3
3.0 0.610 0.595 0.633 2 * 5 3
3.5 0.739 0.725 0.750 2 * 5 3
4.0 0.767 0.758 0.787 2 * 6 3
4.5 0.855 0.855 0.859 3 * 7 5 3
5.0 0.892 0.892 0.894 3 * 7 5 3
5.5 0.921 0.921 0.919 3 * 7 5 3
6.0 0.944 0.944 0.942 3 * 7 5 3
6.5 0.958 0.958 0.955 3 * 7 5 3
7.0 0.961 0.961 0.958 3 * 7 5 3
7.5 0.975 0.975 0.973 3 * 7 5 3
8.0 0.978 0.978 0.975 3 * 7 5 3
8.5 0.980 0.980 0.978 3 * 7 5 3
9.0 0.987 0.987 0.985 3 * 7 5 3
9.5 0.986 0.986 0.984 3 * 7 5 3
10.0 0.991 0.991 0.989 3 * 7 5 3
0.5 0.000 0.000 0.000 1 * 1
1.0 0.000 0.000 0.000 1 * 1
1.5 0.268 0.240 0.268 1 * 3
2.0 0.451 0.403 0.451 1 * 3
2.5 0.472 0.455 0.508 2 * 5 3
3.0 0.615 0.600 0.638 2 * 5 3
3.5 0.730 0.717 0.743 2 * 5 3
4.0 0.712 0.699 0.748 2 * 7 3
4.5 0.840 0.840 0.845 3 * 7 5 3
5.0 0.899 0.899 0.902 3 * 7 5 3
5.5 0.927 0.927 0.925 3 * 7 5 3
6.0 0.940 0.940 0.940 3 * 7 5 3
6.5 0.955 0.955 0.953 3 * 7 5 3
7.0 0.961 0.961 0.958 3 * 7 5 3
7.5 0.970 0.970 0.967 3 * 7 5 3
8.0 0.975 0.975 0.973 3 * 7 5 3
8.5 0.979 0.979 0.978 3 * 7 5 3
9.0 0.983 0.983 0.981 3 * 7 5 3
9.5 0.988 0.988 0.987 3 * 7 5 3
10.0 0.989 0.989 0.987 3 * 7 5 3
0.5 0.000 0.000 0.000 1 * 1
1.0 0.058 0.051 0.058 1 * 2
1.5 0.192 0.174 0.192 1 * 4
2.0 0.442 0.395 0.442 1 * 3
2.5 0.469 0.443 0.469 1 * 4
3.0 0.605 0.590 0.626 2 * 5 3
3.5 0.736 0.722 0.750 2 * 5 3
4.0 0.752 0.752 0.760 3 * 7 5 3
4.5 0.845 0.845 0.848 3 * 7 5 3
5.0 0.896 0.896 0.902 3 * 7 5 3
5.5 0.923 0.923 0.925 3 * 7 5 3
6.0 0.946 0.946 0.945 3 * 7 5 3
6.5 0.954 0.954 0.952 3 * 7 5 3
7.0 0.967 0.967 0.964 3 * 7 5 3
7.5 0.972 0.972 0.969 3 * 7 5 3
8.0 0.979 0.979 0.976 3 * 7 5 3
8.5 0.981 0.981 0.980 3 * 7 5 3
9.0 0.990 0.990 0.989 3 * 7 5 3
9.5 0.985 0.985 0.983 3 * 7 5 3
10.0 0.988 0.988 0.986 3 * 7 5 3
0.5 0.000 0.000 0.000 1 * 1
1.0 0.000 0.000 0.000 1 * 1
1.5 0.251 0.224 0.251 1 * 3
2.0 0.452 0.404 0.452 1 * 3
2.5 0.471 0.447 0.471 1 * 4
3.0 0.610 0.594 0.634 2 * 5 3
3.5 0.733 0.719 0.746 2 * 5 3
4.0 0.761 0.761 0.770 3 * 7 5 3
4.5 0.835 0.835 0.839 3 * 7 5 3
5.0 0.892 0.892 0.893 3 * 7 5 3
5.5 0.932 0.932 0.930 3 * 7 5 3
6.0 0.944 0.944 0.942 3 * 7 5 3
6.5 0.957 0.957 0.953 3 * 7 5 3
7.0 0.963 0.963 0.960 3 * 7 5 3
7.5 0.970 0.970 0.967 3 * 7 5 3
8.0 0.979 0.979 0.978 3 * 7 5 3
8.5 0.983 0.983 0.980 3 * 7 5 3
9.0 0.985 0.985 0.982 3 * 7 5 3
9.5 0.988 0.988 0.986 3 * 7 5 3
10.0 0.990 0.990 0.988 3 * 7 5 3
0.5 0.000 0.000 0.000 1 * 1
1.0 0.018 0.016 0.018 1 * 2
1.5 0.243 0.217 0.243 1 * 3
2.0 0.452 0.404 0.452 1 * 3
2.5 0.447 0.431 0.484 2 * 5 3
3.0 0.620 0.605 0.641 2 * 5 3
3.5 0.738 0.725 0.749 2 * 5 3
4.0 0.764 0.764 0.778 3 * 7 5 3
4.5 0.845 0.845 0.849 3 * 7 5 3
5.0 0.890 0.890 0.888 3 * 7 5 3
5.5 0.922 0.922 0.922 3 * 7 5 3
6.0 0.949 0.949 0.949 3 * 7 5 3
6.5 0.958 0.958 0.956 3 * 7 5 3
7.0 0.967 0.967 0.966 3 * 7 5 3
7.5 0.969 0.969 0.966 3 * 7 5 3
8.0 0.978 0.978 0.975 3 * 7 5 3
8.5 0.979 0.979 0.976 3 * 7 5 3
9.0 0.987 0.987 0.985 3 * 7 5 3
9.5 0.987 0.987 0.985 3 * 7 5 3
10.0 0.988 0.988 0.986 3 * 7 5 3
0.5 0.000 0.000 0.000 1 * 1
1.0 0.033 0.029 0.033 1 * 2
1.5 0.272 0.242 0.272 1 * 3
2.0 0.439 0.391 0.439 1 * 3
2.5 0.452 0.436 0.484 2 * 5 3
3.0 0.623 0.609 0.642 2 * 5 3
3.5 0.676 0.658 0.706 2 * 6 3
4.0 0.733 0.733 0.745 3 * 7 5 3
4.5 0.843 0.843 0.850 3 * 7 5 3
5.0 0.894 0.894 0.897 3 * 7 5 3
5.5 0.926 0.926 0.925 3 * 7 5 3
6.0 0.949 0.949 0.947 3 * 7 5 3
6.5 0.956 0.956 0.953 3 * 7 5 3
7.0 0.966 0.966 0.962 3 * 7 5 3
7.5 0.974 0.974 0.970 3 * 7 5 3
8.0 0.981 0.981 0.979 3 * 7 5 3
8.5 0.986 0.986 0.984 3 * 7 5 3
9.0 0.988 0.988 0.986 3 * 7 5 3
9.5 0.989 0.989 0.987 3 * 7 5 3
10.0 0.991 0.991 0.989 3 * 7 5 3
0.5 0.000 0.000 0.000 1 * 1
1.0 0.032 0.028 0.032 1 * 2
1.5 0.244 0.218 0.244 1 * 3
2.0 0.439 0.392 0.439 1 * 3
2.5 0.449 0.434 0.488 2 * 5 3
3.0 0.616 0.601 0.635 2 * 5 3
3.5 0.730 0.716 0.744 2 * 5 3
4.0 0.745 0.745 0.752 3 * 7 5 3
4.5 0.846 0.846 0.853 3 * 7 5 3
5.0 0.889 0.889 0.891 3 * 7 5 3
5.5 0.926 0.926 0.926 3 * 7 5 3
6.0 0.861 0.861 0.898 3 * 8 6 3
6.5 0.955 0.955 0.952 3 * 7 5 3
7.0 0.965 0.965 0.962 3 * 7 5 3
7.5 0.971 0.971 0.969 3 * 7 5 3
8.0 0.976 0.976 0.974 3 * 7 5 3
8.5 0.980 0.980 0.979 3 * 7 5 3
9.0 0.985 0.985 0.983 3 * 7 5 3
9.5 0.988 0.988 0.987 3 * 7 5 3
10.0 0.990 0.990 0.989 3 * 7 5 3
0.5 0.000 0.000 0.000 1 * 1
1.0 0.000 0.000 0.000 1 * 1
1.5 0.250 0.223 0.250 1 * 3
2.0 0.436 0.389 0.436 1 * 3
2.5 0.485 0.461 0.485 1 * 4
3.0 0.605 0.589 0.629 2 * 5 3
3.5 0.733 0.719 0.747 2 * 5 3
4.0 0.721 0.721 0.726 3 * 7 5 3
4.5 0.837 0.837 0.844 3 * 7 5 3
5.0 0.888 0.888 0.891 3 * 7 5 3
5.5 0.922 0.922 0.924 3 * 7 5 3
6.0 0.938 0.938 0.934 3 * 7 5 3
6.5 0.957 0.957 0.955 3 * 7 5 3
7.0 0.968 0.968 0.965 3 * 7 5 3
7.5 0.973 0.973 0.970 3 * 7 5 3
8.0 0.979 0.979 0.977 3 * 7 5 3
8.5 0.982 0.982 0.980 3 * 7 5 3
9.0 0.986 0.986 0.984 3 * 7 5 3
9.5 0.989 0.989 0.988 3 * 7 5 3
10.0 0.990 0.990 0.989 3 * 7 5 3
0.5 0.000 0.000 0.000 1 * 1
1.0 0.018 0.016 0.018 1 * 2
1.5 0.240 0.215 0.240 1 * 3
2.0 0.446 0.397 0.446 1 * 3
2.5 0.461 0.444 0.496 2 * 5 3
3.0 0.619 0.604 0.641 2 * 5 3
3.5 0.736 0.723 0.747 2 * 5 3
4.0 0.697 0.693 0.695 2 * 7 3
4.5 0.852 0.852 0.856 3 * 7 5 3
5.0 0.894 0.894 0.894 3 * 7 5 3
5.5 0.924 0.924 0.925 3 * 7 5 3
6.0 0.940 0.940 0.937 3 * 7 5 3
6.5 0.956 0.956 0.953 3 * 7 5 3
7.0 0.963 0.963 0.960 3 * 7 5 3
7.5 0.976 0.976 0.973 3 * 7 5 3
8.0 0.974 0.974 0.971 3 * 7 5 3
8.5 0.983 0.983 0.981 3 * 7 5 3
9.0 0.987 0.987 0.985 3 * 7 5 3
9.5 0.988 0.988 0.986 3 * 7 5 3
10.0 0.990 0.990 0.988 3 * 7 5 3
0.5 0.000 0.000 0.000 1 * 1
1.0 0.011 0.009 0.011 1 * 2
1.5 0.252 0.225 0.252 1 * 3
2.0 0.446 0.398 0.446 1 * 3
2.5 0.453 0.437 0.485 2 * 5 3
3.0 0.617 0.602 0.640 2 * 5 3
3.5 0.627 0.625 0.625 2 * 6 3
4.0 0.750 0.750 0.760 3 * 7 5 3
4.5 0.847 0.847 0.849 3 * 7 5 3
5.0 0.828 0.837 0.841 3 * 8 5 3
5.5 0.929 0.929 0.928 3 * 7 5 3
6.0 0.945 0.945 0.944 3 * 7 5 3
6.5 0.954 0.954 0.952 3 * 7 5 3
7.0 0.963 0.963 0.960 3 * 7 5 3
7.5 0.969 0.969 0.966 3 * 7 5 3
8.0 0.980 0.980 0.978 3 * 7 5 3
8.5 0.982 0.982 0.980 3 * 7 5 3
9.0 0.984 0.984 0.981 3 * 7 5 3
9.5 0.988 0.988 0.986 3 * 7 5 3
10.0 0.991 0.991 0.989 3 * 7 5 3
0.5 0.000 0.000 0.000 1 * 1
1.0 0.000 0.000 0.000 1 * 1
1.5 0.238 0.212 0.238 1 * 3
2.0 0.449 0.400 0.449 1 * 3
2.5 0.478 0.453 0.478 1 * 4
3.0 0.617 0.601 0.642 2 * 5 3
3.5 0.639 0.616 0.688 2 * 7 3
4.0 0.707 0.695 0.741 2 * 7 3
4.5 0.837 0.837 0.841 3 * 7 5 3
5.0 0.893 0.893 0.894 3 * 7 5 3
5.5 0.925 0.925 0.926 3 * 7 5 3
6.0 0.940 0.940 0.937 3 * 7 5 3
6.5 0.953 0.953 0.951 3 * 7 5 3
7.0 0.961 0.961 0.957 3 * 7 5 3
7.5 0.971 0.971 0.969 3 * 7 5 3
8.0 0.979 0.979 0.976 3 * 7 5 3
8.5 0.985 0.985 0.984 3 * 7 5 3
9.0 0.982 0.982 0.980 3 * 7 5 3
9.5 0.987 0.987 0.986 3 * 7 5 3
10.0 0.991 0.991 0.990 3 * 7 5 3
0.5 0.000 0.000 0.000 1 * 1
1.0 0.000 0.000 0.000 1 * 1
1.5 0.233 0.208 0.233 1 * 3
2.0 0.436 0.389 0.436 1 * 3
2.5 0.451 0.436 0.490 2 * 5 3
3.0 0.629 0.613 0.653 2 * 5 3
3.5 0.739 0.725 0.752 2 * 5 3
4.0 0.755 0.748 0.770 2 * 6 3
4.5 0.842 0.842 0.850 3 * 7 5 3
5.0 0.891 0.891 0.893 3 * 7 5 3
5.5 0.920 0.920 0.920 3 * 7 5 3
6.0 0.937 0.937 0.933 3 * 7 5 3
6.5 0.956 0.956 0.952 3 * 7 5 3
7.0 0.968 0.968 0.965 3 * 7 5 3
7.5 0.972 0.972 0.969 3 * 7 5 3
8.0 0.976 0.976 0.973 3 * 7 5 3
8.5 0.981 0.981 0.978 3 * 7 5 3
9.0 0.985 0.985 0.983 3 * 7 5 3
9.5 0.989 0.989 0.988 3 * 7 5 3
10.0 0.992 0.992 0.992 3 * 7 5 3
0.5 0.000 0.000 0.000 1 * 1
1.0 0.000 0.000 0.000 1 * 1
1.5 0.254 0.226 0.254 1 * 3
2.0 0.446 0.398 0.446 1 * 3
2.5 0.424 0.412 0.402 1 * 5
3.0 0.604 0.588 0.630 2 * 5 3
3.5 0.678 0.660 0.710 2 * 6 3
4.0 0.782 0.775 0.798 2 * 6 3
4.5 0.842 0.842 0.850 3 * 7 5 3
5.0 0.902 0.902 0.902 3 * 7 5 3
5.5 0.926 0.926 0.924 3 * 7 5 3
6.0 0.944 0.944 0.942 3 * 7 5 3
6.5 0.956 0.956 0.955 3 * 7 5 3
7.0 0.958 0.958 0.955 3 * 7 5 3
7.5 0.975 0.975 0.973 3 * 7 5 3
8.0 0.980 0.980 0.978 3 * 7 5 3
8.5 0.982 0.982 0.980 3 * 7 5 3
9.0 0.989 0.989 0.988 3 * 7 5 3
9.5 0.990 0.990 0.988 3 * 7 5 3
10.0 0.988 0.988 0.986 3 * 7 5 3
0.5 0.000 0.000 0.000 1 * 1
1.0 0.000 0.000 0.000 1 * 1
1.5 0.261 0.233 0.261 1 * 3
2.0 0.430 0.384 0.430 1 * 3
2.5 0.458 0.442 0.493 2 * 5 3
3.0 0.622 0.608 0.642 2 * 5 3
3.5 0.743 0.729 0.756 2 * 5 3
4.0 0.747 0.747 0.755 3 * 7 5 3
4.5 0.848 0.848 0.857 3 * 7 5 3
5.0 0.892 0.892 0.894 3 * 7 5 3
5.5 0.920 0.920 0.920 3 * 7 5 3
6.0 0.941 0.941 0.940 3 * 7 5 3
6.5 0.956 0.956 0.954 3 * 7 5 3
7.0 0.963 0.963 0.961 3 * 7 5 3
7.5 0.973 0.973 0.970 3 * 7 5 3
8.0 0.979 0.979 0.977 3 * 7 5 3
8.5 0.983 0.983 0.981 3 * 7 5 3
9.0 0.986 0.986 0.984 3 * 7 5 3
9.5 0.988 0.988 0.986 3 * 7 5 3
10.0 0.993 0.993 0.991 3 * 7 5 3
0.5 0.000 0.000 0.000 1 * 1
1.0 0.000 0.000 0.000 1 * 1
1.5 0.281 0.251 0.281 1 * 3
2.0 0.444 0.397 0.444 1 * 3
2.5 0.476 0.452 0.476 1 * 4
3.0 0.625 0.611 0.644 2 * 5 3
3.5 0.736 0.722 0.749 2 * 5 3
4.0 0.776 0.776 0.785 3 * 7 5 3
4.5 0.842 0.842 0.848 3 * 7 5 3
5.0 0.900 0.900 0.899 3 * 7 5 3
5.5 0.918 0.918 0.917 3 * 7 5 3
6.0 0.945 0.945 0.945 3 * 7 5 3
6.5 0.958 0.958 0.957 3 * 7 5 3
7.0 0.963 0.963 0.960 3 * 7 5 3
7.5 0.971 0.971 0.969 3 * 7 5 3
8.0 0.980 0.980 0.978 3 * 7 5 3
8.5 0.979 0.979 0.976 3 * 7 5 3
9.0 0.986 0.986 0.984 3 * 7 5 3
9.5 0.989 0.989 0.988 3 * 7 5 3
10.0 0.988 0.988 0.986 3 * 7 5 3
0.5 0.000 0.000 0.000 1 * 1
1.0 0.014 0.013 0.014 1 * 2
1.5 0.229 0.204 0.229 1 * 3
2.0 0.347 0.322 0.347 1 * 4
2.5 0.453 0.436 0.490 2 * 5 3
3.0 0.615 0.600 0.638 2 * 5 3
3.5 0.670 0.652 0.702 2 * 6 3
4.0 0.774 0.774 0.784 3 * 7 5 3
4.5 0.850 0.850 0.853 3 * 7 5 3
5.0 0.887 0.887 0.889 3 * 7 5 3
5.5 0.918 0.918 0.918 3 * 7 5 3
6.0 0.943 0.943 0.943 3 * 7 5 3
6.5 0.955 0.955 0.952 3 * 7 5 3
7.0 0.964 0.964 0.962 3 * 7 5 3
7.5 0.976 0.976 0.973 3 * 7 5 3
8.0 0.978 0.978 0.976 3 * 7 5 3
8.5 0.982 0.982 0.980 3 * 7 5 3
9.0 0.987 0.987 0.985 3 * 7 5 3
9.5 0.990 0.990 0.989 3 * 7 5 3
10.0 0.990 0.990 0.988 3 * 7 5 3
0.5 0.000 0.000 0.000 1 * 1
1.0 0.042 0.037 0.042 1 * 2
1.5 0.255 0.227 0.255 1 * 3
2.0 0.448 0.400 0.448 1 * 3
2.5 0.469 0.452 0.507 2 * 5 3
3.0 0.596 0.580 0.621 2 * 5 3
3.5 0.730 0.715 0.745 2 * 5 3
4.0 0.737 0.737 0.746 3 * 7 5 3
4.5 0.849 0.849 0.855 3 * 7 5 3
5.0 0.887 0.887 0.887 3 * 7 5 3
5.5 0.916 0.916 0.913 3 * 7 5 3
6.0 0.943 0.943 0.941 3 * 7 5 3
6.5 0.956 0.956 0.954 3 * 7 5 3
7.0 0.968 0.968 0.965 3 * 7 5 3
7.5 0.972 0.972 0.970 3 * 7 5 3
8.0 0.977 0.977 0.975 3 * 7 5 3
8.5 0.980 0.980 0.978 3 * 7 5 3
9.0 0.983 0.983 0.982 3 * 7 5 3
9.5 0.987 0.987 0.985 3 * 7 5 3
10.0 0.990 0.990 0.988 3 * 7 5 3
0.5 0.000 0.000 0.000 1 * 1
1.0 0.000 0.000 0.000 1 * 1
1.5 0.246 0.219 0.246 1 * 3
2.0 0.447 0.399 0.447 1 * 3
2.5 0.473 0.457 0.506 2 * 5 3
3.0 0.622 0.606 0.645 2 * 5 3
3.5 0.737 0.723 0.754 2 * 5 3
4.0 0.759 0.759 0.770 3 * 7 5 3
4.5 0.844 0.844 0.847 3 * 7 5 3
5.0 0.887 0.887 0.892 3 * 7 5 3
5.5 0.916 0.916 0.916 3 * 7 5 3
6.0 0.942 0.942 0.940 3 * 7 5 3
6.5 0.955 0.955 0.954 3 * 7 5 3
7.0 0.969 0.969 0.966 3 * 7 5 3
7.5 0.971 0.971 0.969 3 * 7 5 3
8.0 0.978 0.978 0.976 3 * 7 5 3
8.5 0.980 0.980 0.978 3 * 7 5 3
9.0 0.985 0.985 0.982 3 * 7 5 3
9.5 0.987 0.987 0.985 3 * 7 5 3
10.0 0.990 0.990 0.988 3 * 7 5 3
0.5 0.000 0.000 0.000 1 * 1
1.0 0.009 0.008 0.009 1 * 2
1.5 0.266 0.238 0.266 1 * 3
2.0 0.441 0.394 0.441 1 * 3
2.5 0.454 0.441 0.495 2 * 5 3
3.0 0.615 0.600 0.638 2 * 5 3
3.5 0.727 0.711 0.746 2 * 5 3
4.0 0.737 0.737 0.746 3 * 7 5 3
4.5 0.844 0.844 0.848 3 * 7 5 3
5.0 0.894 0.894 0.896 3 * 7 5 3
5.5 0.923 0.923 0.924 3 * 7 5 3
6.0 0.940 0.940 0.939 3 * 7 5 3
6.5 0.953 0.953 0.951 3 * 7 5 3
7.0 0.965 0.965 0.962 3 * 7 5 3
7.5 0.970 0.970 0.968 3 * 7 5 3
8.0 0.981 0.981 0.979 3 * 7 5 3
8.5 0.981 0.981 0.978 3 * 7 5 3
9.0 0.987 0.987 0.985 3 * 7 5 3
9.5 0.991 0.991 0.990 3 * 7 5 3
10.0 0.990 0.990 0.989 3 * 7 5 3
0.5 0.000 0.000 0.000 1 * 1
1.0 0.000 0.000 0.000 1 * 1
1.5 0.258 0.230 0.258 1 * 3
2.0 0.458 0.409 0.458 1 * 3
2.5 0.478 0.463 0.508 2 * 5 3
3.0 0.612 0.597 0.634 2 * 5 3
3.5 0.732 0.719 0.745 2 * 5 3
4.0 0.743 0.743 0.751 3 * 7 5 3
4.5 0.855 0.855 0.860 3 * 7 5 3
5.0 0.892 0.892 0.891 3 * 7 5 3
5.5 0.923 0.923 0.921 3 * 7 5 3
6.0 0.939 0.939 0.938 3 * 7 5 3
6.5 0.955 0.955 0.951 3 * 7 5 3
7.0 0.963 0.963 0.961 3 * 7 5 3
7.5 0.976 0.976 0.974 3 * 7 5 3
8.0 0.978 0.978 0.977 3 * 7 5 3
8.5 0.983 0.983 0.981 3 * 7 5 3
9.0 0.987 0.987 0.985 3 * 7 5 3
9.5 0.988 0.988 0.987 3 * 7 5 3
10.0 0.991 0.991 0.990 3 * 7 5 3
