0.5 0.000 0.000 0.000 1 * 1
1.0 0.049 0.034 0.049 1 * 2
1.5 0.274 0.198 0.274 1 * 3
2.0 0.448 0.324 0.448 1 * 3
2.5 0.392 0.350 0.451 2 * 7 3
3.0 0.605 0.556 0.641 2 * 9 3
3.5 0.670 0.633 0.706 3 * 11 9 3
4.0 0.743 0.743 0.790 3 * 19 9 3
4.5 0.847 0.847 0.861 3 * 27 9 3
5.0 0.897 0.897 0.905 3 * 27 9 3
5.5 0.939 0.939 0.942 3 * 27 9 3
6.0 0.961 0.961 0.964 3 * 27 9 3
6.5 0.976 0.976 0.978 3 * 27 9 3
7.0 0.982 0.982 0.983 3 * 27 9 3
7.5 0.990 0.990 0.992 3 * 27 9 3
8.0 0.993 0.993 0.995 3 * 27 9 3
8.5 0.996 0.996 0.996 3 * 27 9 3
9.0 0.998 0.998 0.999 3 * 27 9 3
9.5 0.998 0.998 0.998 3 * 27 9 3
10.0 0.999 0.999 1.000 3 * 27 9 3
0.5 0.000 0.000 0.000 1 * 1
1.0 0.000 0.000 0.000 1 * 1
1.5 0.253 0.183 0.253 1 * 3
2.0 0.441 0.319 0.441 1 * 3
2.5 0.384 0.342 0.446 2 * 7 3
3.0 0.552 0.469 0.404 1 * 10
3.5 0.674 0.645 0.714 3 * 13 9 3
4.0 0.727 0.706 0.790 2 * 19 3
4.5 0.851 0.851 0.870 3 * 26 9 3
5.0 0.909 0.909 0.918 3 * 27 9 3
5.5 0.939 0.939 0.943 3 * 27 9 3
6.0 0.960 0.960 0.964 3 * 27 9 3
6.5 0.976 0.976 0.979 3 * 27 9 3
7.0 0.985 0.985 0.987 3 * 27 9 3
7.5 0.989 0.989 0.992 3 * 27 9 3
8.0 0.992 0.992 0.991 3 * 27 9 3
8.5 0.996 0.996 0.997 3 * 27 9 3
9.0 0.996 0.996 0.996 3 * 27 9 3
9.5 0.997 0.997 0.996 3 * 27 9 3
10.0 0.999 0.999 0.999 3 * 27 9 3
0.5 0.000 0.000 0.000 1 * 1
1.0 0.000 0.000 0.000 1 * 1
1.5 0.241 0.175 0.241 1 * 3
2.0 0.343 0.256 0.343 1 * 4
2.5 0.414 0.371 0.474 2 * 8 3
3.0 0.607 0.557 0.645 2 * 9 3
3.5 0.675 0.646 0.715 3 * 13 9 3
4.0 0.751 0.744 0.800 3 * 18 9 3
4.5 0.840 0.840 0.856 3 * 26 9 3
5.0 0.902 0.902 0.911 3 * 27 9 3
5.5 0.934 0.934 0.939 3 * 27 9 3
6.0 0.958 0.958 0.961 3 * 27 9 3
6.5 0.973 0.973 0.977 3 * 27 9 3
7.0 0.984 0.984 0.985 3 * 27 9 3
7.5 0.989 0.989 0.991 3 * 27 9 3
8.0 0.993 0.993 0.995 3 * 27 9 3
8.5 0.997 0.997 0.997 3 * 27 9 3
9.0 0.998 0.998 0.998 3 * 27 9 3
9.5 0.998 0.998 0.998 3 * 27 9 3
10.0 0.999 0.999 1.000 3 * 27 9 3
0.5 0.000 0.000 0.000 1 * 1
1.0 0.000 0.000 0.000 1 * 1
1.5 0.240 0.174 0.240 1 * 3
2.0 0.436 0.315 0.436 1 * 3
2.5 0.365 0.326 0.323 1 * 8
3.0 0.605 0.555 0.641 2 * 9 3
3.5 0.692 0.659 0.727 3 * 12 9 3
4.0 0.744 0.744 0.794 3 * 19 9 3
4.5 0.829 0.829 0.847 3 * 25 9 3
5.0 0.906 0.906 0.916 3 * 27 9 3
5.5 0.936 0.936 0.942 3 * 27 9 3
6.0 0.958 0.958 0.961 3 * 27 9 3
6.5 0.972 0.972 0.974 3 * 27 9 3
7.0 0.986 0.986 0.989 3 * 27 9 3
7.5 0.989 0.989 0.992 3 * 27 9 3
8.0 0.994 0.994 0.995 3 * 27 9 3
8.5 0.997 0.997 0.998 3 * 27 9 3
9.0 0.997 0.997 0.997 3 * 27 9 3
9.5 0.999 0.999 0.999 3 * 27 9 3
10.0 0.999 0.999 0.999 3 * 27 9 3
0.5 0.000 0.000 0.000 1 * 1
1.0 0.000 0.000 0.000 1 * 1
1.5 0.249 0.180 0.249 1 * 3
2.0 0.350 0.268 0.350 1 * 4
2.5 0.404 0.364 0.452 2 * 8 3
3.0 0.610 0.562 0.641 2 * 9 3
3.5 0.679 0.649 0.718 3 * 13 9 3
4.0 0.736 0.735 0.787 3 * 19 9 3
4.5 0.851 0.851 0.860 3 * 27 9 3
5.0 0.910 0.910 0.920 3 * 27 9 3
5.5 0.933 0.933 0.937 3 * 27 9 3
6.0 0.957 0.957 0.962 3 * 27 9 3
6.5 0.973 0.973 0.975 3 * 27 9 3
7.0 0.984 0.984 0.984 3 * 27 9 3
7.5 0.985 0.985 0.985 3 * 27 9 3
8.0 0.992 0.992 0.992 3 * 27 9 3
8.5 0.994 0.994 0.994 3 * 27 9 3
9.0 0.998 0.998 0.998 3 * 27 9 3
9.5 0.998 0.998 0.997 3 * 27 9 3
10.0 0.998 0.998 0.997 3 * 27 9 3
0.5 0.000 0.000 0.000 1 * 1
1.0 0.000 0.000 0.000 1 * 1
1.5 0.267 0.193 0.267 1 * 3
2.0 0.454 0.328 0.454 1 * 3
2.5 0.405 0.361 0.466 2 * 7 3
3.0 0.595 0.548 0.628 2 * 9 3
3.5 0.692 0.659 0.730 3 * 12 9 3
4.0 0.735 0.735 0.776 3 * 20 9 3
4.5 0.850 0.850 0.862 3 * 27 9 3
5.0 0.907 0.907 0.915 3 * 27 9 3
5.5 0.938 0.938 0.942 3 * 27 9 3
6.0 0.956 0.956 0.957 3 * 27 9 3
6.5 0.973 0.973 0.977 3 * 27 9 3
7.0 0.981 0.981 0.981 3 * 27 9 3
7.5 0.989 0.989 0.989 3 * 27 9 3
8.0 0.994 0.994 0.994 3 * 27 9 3
8.5 0.994 0.994 0.995 3 * 27 9 3
9.0 0.998 0.998 0.999 3 * 27 9 3
9.5 0.998 0.998 0.998 3 * 27 9 3
10.0 0.999 0.999 0.998 3 * 27 9 3
0.5 0.000 0.000 0.000 1 * 1
1.0 0.000 0.000 0.000 1 * 1
1.5 0.239 0.173 0.239 1 * 3
2.0 0.445 0.322 0.445 1 * 3
2.5 0.413 0.368 0.476 2 * 7 3
3.0 0.606 0.557 0.642 2 * 9 3
3.5 0.669 0.636 0.702 3 * 12 9 3
4.0 0.737 0.737 0.790 3 * 19 9 3
4.5 0.847 0.847 0.865 3 * 26 9 3
5.0 0.903 0.903 0.909 3 * 27 9 3
5.5 0.939 0.939 0.941 3 * 27 9 3
6.0 0.961 0.961 0.965 3 * 27 9 3
6.5 0.973 0.973 0.975 3 * 27 9 3
7.0 0.982 0.982 0.984 3 * 27 9 3
7.5 0.989 0.989 0.990 3 * 27 9 3
8.0 0.995 0.995 0.996 3 * 27 9 3
8.5 0.994 0.994 0.994 3 * 27 9 3
9.0 0.997 0.997 0.997 3 * 27 9 3
9.5 0.998 0.998 0.998 3 * 27 9 3
10.0 0.999 0.999 1.000 3 * 27 9 3
0.5 0.000 0.000 0.000 1 * 1
1.0 0.000 0.000 0.000 1 * 1
1.5 0.234 0.169 0.234 1 * 3
2.0 0.439 0.317 0.439 1 * 3
2.5 0.428 0.382 0.490 2 * 7 3
3.0 0.537 0.456 0.395 1 * 10
3.5 0.675 0.647 0.716 3 * 13 9 3
4.0 0.749 0.749 0.802 3 * 20 9 3
4.5 0.852 0.852 0.865 3 * 27 9 3
5.0 0.902 0.902 0.909 3 * 27 9 3
5.5 0.936 0.936 0.940 3 * 27 9 3
6.0 0.962 0.962 0.966 3 * 27 9 3
6.5 0.974 0.974 0.978 3 * 27 9 3
7.0 0.982 0.982 0.983 3 * 27 9 3
7.5 0.991 0.991 0.992 3 * 27 9 3
8.0 0.993 0.993 0.994 3 * 27 9 3
8.5 0.997 0.997 0.998 3 * 27 9 3
9.0 0.996 0.996 0.996 3 * 27 9 3
9.5 0.997 0.997 0.997 3 * 27 9 3
10.0 0.999 0.999 1.000 3 * 27 9 3
0.5 0.000 0.000 0.000 1 * 1
1.0 0.000 0.000 0.000 1 * 1
1.5 0.247 0.179 0.247 1 * 3
2.0 0.457 0.330 0.457 1 * 3
2.5 0.418 0.373 0.484 2 * 7 3
3.0 0.612 0.563 0.645 2 * 9 3
3.5 0.681 0.652 0.723 3 * 13 9 3
4.0 0.739 0.737 0.792 3 * 19 9 3
4.5 0.851 0.851 0.869 3 * 27 9 3
5.0 0.904 0.904 0.913 3 * 27 9 3
5.5 0.937 0.937 0.941 3 * 27 9 3
6.0 0.962 0.962 0.968 3 * 27 9 3
6.5 0.975 0.975 0.979 3 * 27 9 3
7.0 0.982 0.982 0.982 3 * 27 9 3
7.5 0.987 0.987 0.987 3 * 27 9 3
8.0 0.992 0.992 0.990 3 * 27 9 3
8.5 0.996 0.996 0.997 3 * 27 9 3
9.0 0.998 0.998 0.998 3 * 27 9 3
9.5 0.998 0.998 0.998 3 * 27 9 3
10.0 0.999 0.999 1.000 3 * 27 9 3
0.5 0.000 0.000 0.000 1 * 1
1.0 0.000 0.000 0.000 1 * 1
1.5 0.252 0.183 0.252 1 * 3
2.0 0.454 0.329 0.454 1 * 3
2.5 0.414 0.370 0.477 2 * 7 3
3.0 0.597 0.549 0.633 2 * 9 3
3.5 0.676 0.644 0.710 3 * 12 9 3
4.0 0.748 0.748 0.795 3 * 20 9 3
4.5 0.858 0.858 0.874 3 * 27 9 3
5.0 0.905 0.905 0.912 3 * 27 9 3
5.5 0.942 0.942 0.951 3 * 27 9 3
6.0 0.960 0.960 0.964 3 * 27 9 3
6.5 0.977 0.977 0.978 3 * 27 9 3
7.0 0.985 0.985 0.986 3 * 27 9 3
7.5 0.991 0.991 0.992 3 * 27 9 3
8.0 0.995 0.995 0.996 3 * 27 9 3
8.5 0.995 0.995 0.995 3 * 27 9 3
9.0 0.997 0.997 0.998 3 * 27 9 3
9.5 0.998 0.998 0.997 3 * 27 9 3
10.0 0.998 0.998 0.999 3 * 27 9 3
0.5 0.000 0.000 0.000 1 * 1
1.0 0.000 0.000 0.000 1 * 1
1.5 0.222 0.161 0.222 1 * 3
2.0 0.431 0.311 0.431 1 * 3
2.5 0.400 0.360 0.454 2 * 8 3
3.0 0.605 0.557 0.637 2 * 9 3
3.5 0.686 0.654 0.731 3 * 12 9 3
4.0 0.742 0.738 0.793 3 * 18 9 3
4.5 0.854 0.854 0.864 3 * 27 9 3
5.0 0.894 0.894 0.902 3 * 27 9 3
5.5 0.938 0.938 0.942 3 * 27 9 3
6.0 0.962 0.962 0.965 3 * 27 9 3
6.5 0.975 0.975 0.976 3 * 27 9 3
7.0 0.984 0.984 0.985 3 * 27 9 3
7.5 0.992 0.992 0.993 3 * 27 9 3
8.0 0.993 0.993 0.994 3 * 27 9 3
8.5 0.996 0.996 0.997 3 * 27 9 3
9.0 0.997 0.997 0.997 3 * 27 9 3
9.5 0.998 0.998 0.999 3 * 27 9 3
10.0 0.999 0.999 1.000 3 * 27 9 3
0.5 0.000 0.000 0.000 1 * 1
1.0 0.000 0.000 0.000 1 * 1
1.5 0.250 0.181 0.250 1 * 3
2.0 0.329 0.252 0.329 1 * 4
2.5 0.411 0.353 0.465 2 * 6 3
3.0 0.607 0.555 0.650 2 * 9 3
3.5 0.676 0.644 0.708 3 * 12 9 3
4.0 0.735 0.731 0.782 3 * 18 9 3
4.5 0.838 0.838 0.855 3 * 26 9 3
5.0 0.903 0.903 0.912 3 * 27 9 3
5.5 0.935 0.935 0.942 3 * 27 9 3
6.0 0.960 0.960 0.965 3 * 27 9 3
6.5 0.975 0.975 0.977 3 * 27 9 3
7.0 0.983 0.983 0.984 3 * 27 9 3
7.5 0.986 0.986 0.986 3 * 27 9 3
8.0 0.994 0.994 0.995 3 * 27 9 3
8.5 0.996 0.996 0.998 3 * 27 9 3
9.0 0.997 0.997 0.997 3 * 27 9 3
9.5 0.998 0.998 0.998 3 * 27 9 3
10.0 0.999 0.999 1.000 3 * 27 9 3
0.5 0.000 0.000 0.000 1 * 1
1.0 0.015 0.011 0.015 1 * 2
1.5 0.236 0.171 0.236 1 * 3
2.0 0.460 0.332 0.460 1 * 3
2.5 0.399 0.346 0.462 2 * 7 3
3.0 0.629 0.578 0.664 2 * 9 3
3.5 0.687 0.655 0.733 3 * 12 9 3
4.0 0.743 0.743 0.792 3 * 20 9 3
4.5 0.838 0.838 0.862 3 * 25 9 3
5.0 0.903 0.903 0.911 3 * 27 9 3
5.5 0.938 0.938 0.943 3 * 27 9 3
6.0 0.957 0.957 0.961 3 * 27 9 3
6.5 0.973 0.973 0.974 3 * 27 9 3
7.0 0.982 0.982 0.984 3 * 27 9 3
7.5 0.989 0.989 0.991 3 * 27 9 3
8.0 0.993 0.993 0.993 3 * 27 9 3
8.5 0.994 0.994 0.995 3 * 27 9 3
9.0 0.996 0.996 0.995 3 * 27 9 3
9.5 0.999 0.999 1.000 3 * 27 9 3
10.0 0.999 0.999 0.999 3 * 27 9 3
0.5 0.000 0.000 0.000 1 * 1
1.0 0.019 0.014 0.019 1 * 2
1.5 0.260 0.188 0.260 1 * 3
2.0 0.350 0.266 0.350 1 * 4
2.5 0.433 0.368 0.491 2 * 6 3
3.0 0.605 0.556 0.640 2 * 9 3
3.5 0.676 0.643 0.715 3 * 12 9 3
4.0 0.732 0.730 0.781 3 * 18 9 3
4.5 0.850 0.850 0.868 3 * 26 9 3
5.0 0.905 0.905 0.912 3 * 27 9 3
5.5 0.937 0.937 0.942 3 * 27 9 3
6.0 0.958 0.958 0.963 3 * 27 9 3
6.5 0.976 0.976 0.980 3 * 27 9 3
7.0 0.981 0.981 0.983 3 * 27 9 3
7.5 0.990 0.990 0.993 3 * 27 9 3
8.0 0.995 0.995 0.996 3 * 27 9 3
8.5 0.997 0.997 0.998 3 * 27 9 3
9.0 0.998 0.998 0.999 3 * 27 9 3
9.5 0.997 0.997 0.997 3 * 27 9 3
10.0 0.999 0.999 0.998 3 * 27 9 3
0.5 0.000 0.000 0.000 1 * 1
1.0 0.000 0.000 0.000 1 * 1
1.5 0.264 0.191 0.264 1 * 3
2.0 0.339 0.257 0.339 1 * 4
2.5 0.401 0.359 0.460 2 * 7 3
3.0 0.612 0.563 0.647 2 * 9 3
3.5 0.666 0.641 0.711 3 * 14 9 3
4.0 0.739 0.738 0.789 3 * 19 9 3
4.5 0.841 0.841 0.857 3 * 26 9 3
5.0 0.904 0.904 0.913 3 * 27 9 3
5.5 0.934 0.934 0.939 3 * 27 9 3
6.0 0.959 0.959 0.959 3 * 27 9 3
6.5 0.974 0.974 0.975 3 * 27 9 3
7.0 0.981 0.981 0.983 3 * 27 9 3
7.5 0.991 0.991 0.992 3 * 27 9 3
8.0 0.994 0.994 0.995 3 * 27 9 3
8.5 0.995 0.995 0.996 3 * 27 9 3
9.0 0.997 0.997 0.997 3 * 27 9 3
9.5 0.999 0.999 1.000 3 * 27 9 3
10.0 0.999 0.999 1.000 3 * 27 9 3
0.5 0.000 0.000 0.000 1 * 1
1.0 0.000 0.000 0.000 1 * 1
1.5 0.239 0.173 0.239 1 * 3
2.0 0.443 0.321 0.443 1 * 3
2.5 0.416 0.371 0.482 2 * 7 3
3.0 0.615 0.565 0.651 2 * 9 3
3.5 0.637 0.598 0.656 2 * 12 3
4.0 0.736 0.730 0.783 3 * 18 9 3
4.5 0.833 0.785 0.853 2 * 26 3
5.0 0.907 0.907 0.914 3 * 27 9 3
5.5 0.939 0.939 0.947 3 * 27 9 3
6.0 0.959 0.959 0.962 3 * 27 9 3
6.5 0.974 0.974 0.976 3 * 27 9 3
7.0 0.983 0.983 0.984 3 * 27 9 3
7.5 0.988 0.988 0.988 3 * 27 9 3
8.0 0.992 0.992 0.992 3 * 27 9 3
8.5 0.995 0.995 0.995 3 * 27 9 3
9.0 0.996 0.996 0.997 3 * 27 9 3
9.5 0.998 0.998 0.997 3 * 27 9 3
10.0 0.999 0.999 0.999 3 * 27 9 3
0.5 0.000 0.000 0.000 1 * 1
1.0 0.000 0.000 0.000 1 * 1
1.5 0.243 0.176 0.243 1 * 3
2.0 0.447 0.323 0.447 1 * 3
2.5 0.418 0.374 0.479 2 * 7 3
3.0 0.602 0.553 0.635 2 * 9 3
3.5 0.698 0.665 0.740 3 * 12 9 3
4.0 0.751 0.743 0.801 3 * 18 9 3
4.5 0.846 0.846 0.868 3 * 26 9 3
5.0 0.911 0.911 0.920 3 * 27 9 3
5.5 0.942 0.942 0.949 3 * 27 9 3
6.0 0.962 0.962 0.964 3 * 27 9 3
6.5 0.973 0.973 0.975 3 * 27 9 3
7.0 0.982 0.982 0.984 3 * 27 9 3
7.5 0.990 0.990 0.991 3 * 27 9 3
8.0 0.994 0.994 0.995 3 * 27 9 3
8.5 0.994 0.994 0.994 3 * 27 9 3
9.0 0.997 0.997 0.997 3 * 27 9 3
9.5 0.998 0.998 0.999 3 * 27 9 3
10.0 0.999 0.999 1.000 3 * 27 9 3
0.5 0.000 0.000 0.000 1 * 1
1.0 0.000 0.000 0.000 1 * 1
1.5 0.202 0.151 0.202 1 * 4
2.0 0.448 0.324 0.448 1 * 3
2.5 0.415 0.370 0.481 2 * 7 3
3.0 0.567 0.526 0.590 2 * 10 3
3.5 0.672 0.640 0.712 3 * 12 9 3
4.0 0.735 0.735 0.784 3 * 19 9 3
4.5 0.836 0.836 0.853 3 * 25 9 3
5.0 0.908 0.908 0.916 3 * 27 9 3
5.5 0.940 0.940 0.945 3 * 27 9 3
6.0 0.961 0.961 0.965 3 * 27 9 3
6.5 0.977 0.977 0.980 3 * 27 9 3
7.0 0.984 0.984 0.984 3 * 27 9 3
7.5 0.988 0.988 0.990 3 * 27 9 3
8.0 0.992 0.992 0.993 3 * 27 9 3
8.5 0.996 0.996 0.998 3 * 27 9 3
9.0 0.997 0.997 0.998 3 * 27 9 3
9.5 0.999 0.999 0.999 3 * 27 9 3
10.0 0.999 0.999 1.000 3 * 27 9 3
0.5 0.000 0.000 0.000 1 * 1
1.0 0.000 0.000 0.000 1 * 1
1.5 0.240 0.174 0.240 1 * 3
2.0 0.445 0.321 0.445 1 * 3
2.5 0.338 0.313 0.331 1 * 7
3.0 0.608 0.559 0.645 2 * 9 3
3.5 0.685 0.653 0.723 3 * 12 9 3
4.0 0.751 0.745 0.802 3 * 18 9 3
4.5 0.848 0.848 0.862 3 * 27 9 3
5.0 0.900 0.900 0.909 3 * 27 9 3
5.5 0.933 0.933 0.937 3 * 27 9 3
6.0 0.960 0.960 0.964 3 * 27 9 3
6.5 0.971 0.971 0.974 3 * 27 9 3
7.0 0.985 0.985 0.988 3 * 27 9 3
7.5 0.990 0.990 0.991 3 * 27 9 3
8.0 0.993 0.993 0.993 3 * 27 9 3
8.5 0.996 0.996 0.998 3 * 27 9 3
9.0 0.995 0.995 0.995 3 * 27 9 3
9.5 0.998 0.998 0.998 3 * 27 9 3
10.0 0.999 0.999 0.999 3 * 27 9 3
0.5 0.000 0.000 0.000 1 * 1
1.0 0.000 0.000 0.000 1 * 1
1.5 0.236 0.171 0.236 1 * 3
2.0 0.266 0.204 0.266 1 * 5
2.5 0.415 0.374 0.469 2 * 8 3
3.0 0.613 0.563 0.650 2 * 9 3
3.5 0.668 0.640 0.711 3 * 13 9 3
4.0 0.741 0.736 0.787 3 * 18 9 3
4.5 0.854 0.854 0.866 3 * 27 9 3
5.0 0.901 0.901 0.911 3 * 27 9 3
5.5 0.935 0.935 0.940 3 * 27 9 3
6.0 0.958 0.958 0.960 3 * 27 9 3
6.5 0.972 0.972 0.974 3 * 27 9 3
7.0 0.983 0.983 0.983 3 * 27 9 3
7.5 0.988 0.988 0.989 3 * 27 9 3
8.0 0.993 0.993 0.995 3 * 27 9 3
8.5 0.995 0.995 0.995 3 * 27 9 3
9.0 0.997 0.997 0.997 3 * 27 9 3
9.5 0.998 0.998 0.999 3 * 27 9 3
10.0 0.999 0.999 0.999 3 * 27 9 3
0.5 0.000 0.000 0.000 1 * 1
1.0 0.020 0.014 0.020 1 * 2
1.5 0.226 0.164 0.226 1 * 3
2.0 0.443 0.320 0.443 1 * 3
2.5 0.383 0.334 0.436 2 * 6 3
3.0 0.606 0.558 0.641 2 * 9 3
3.5 0.688 0.655 0.725 3 * 12 9 3
4.0 0.741 0.736 0.788 3 * 18 9 3
4.5 0.836 0.836 0.851 3 * 26 9 3
5.0 0.903 0.903 0.911 3 * 27 9 3
5.5 0.935 0.935 0.940 3 * 27 9 3
6.0 0.961 0.961 0.963 3 * 27 9 3
6.5 0.974 0.974 0.976 3 * 27 9 3
7.0 0.981 0.981 0.984 3 * 27 9 3
7.5 0.987 0.987 0.986 3 * 27 9 3
8.0 0.993 0.993 0.996 3 * 27 9 3
8.5 0.997 0.997 0.998 3 * 27 9 3
9.0 0.998 0.998 0.999 3 * 27 9 3
9.5 0.999 0.999 1.000 3 * 27 9 3
10.0 0.999 0.999 1.000 3 * 27 9 3
0.5 0.000 0.000 0.000 1 * 1
1.0 0.000 0.000 0.000 1 * 1
1.5 0.243 0.176 0.243 1 * 3
2.0 0.452 0.327 0.452 1 * 3
2.5 0.367 0.331 0.331 1 * 8
3.0 0.611 0.561 0.646 2 * 9 3
3.5 0.667 0.633 0.691 3 * 12 9 3
4.0 0.745 0.741 0.795 3 * 18 9 3
4.5 0.846 0.846 0.866 3 * 26 9 3
5.0 0.902 0.902 0.910 3 * 27 9 3
5.5 0.937 0.937 0.943 3 * 27 9 3
6.0 0.960 0.960 0.961 3 * 27 9 3
6.5 0.973 0.973 0.973 3 * 27 9 3
7.0 0.983 0.983 0.982 3 * 27 9 3
7.5 0.988 0.988 0.989 3 * 27 9 3
8.0 0.993 0.993 0.994 3 * 27 9 3
8.5 0.994 0.994 0.995 3 * 27 9 3
9.0 0.996 0.996 0.997 3 * 27 9 3
9.5 0.998 0.998 0.998 3 * 27 9 3
10.0 0.998 0.998 0.999 3 * 27 9 3
0.5 0.001 0.001 0.000 1 * 2
1.0 0.000 0.000 0.000 1 * 1
1.5 0.242 0.176 0.242 1 * 3
2.0 0.336 0.252 0.336 1 * 4
2.5 0.397 0.354 0.461 2 * 8 3
3.0 0.611 0.563 0.645 2 * 9 3
3.5 0.683 0.651 0.724 3 * 12 9 3
4.0 0.731 0.726 0.782 3 * 18 9 3
4.5 0.845 0.845 0.864 3 * 26 9 3
5.0 0.896 0.896 0.902 3 * 27 9 3
5.5 0.942 0.942 0.947 3 * 27 9 3
6.0 0.964 0.964 0.969 3 * 27 9 3
6.5 0.974 0.974 0.979 3 * 27 9 3
7.0 0.983 0.983 0.983 3 * 27 9 3
7.5 0.990 0.990 0.992 3 * 27 9 3
8.0 0.990 0.990 0.991 3 * 27 9 3
8.5 0.994 0.994 0.995 3 * 27 9 3
9.0 0.997 0.997 0.998 3 * 27 9 3
9.5 0.998 0.998 0.998 3 * 27 9 3
10.0 0.999 0.999 1.000 3 * 27 9 3
0.5 0.000 0.000 0.000 1 * 1
1.0 0.000 0.000 0.000 1 * 1
1.5 0.230 0.167 0.230 1 * 3
2.0 0.332 0.246 0.332 1 * 4
2.5 0.433 0.392 0.484 2 * 8 3
3.0 0.612 0.562 0.648 2 * 9 3
3.5 0.664 0.636 0.705 3 * 13 9 3
4.0 0.745 0.745 0.792 3 * 19 9 3
4.5 0.850 0.850 0.865 3 * 26 9 3
5.0 0.907 0.907 0.917 3 * 27 9 3
5.5 0.941 0.941 0.947 3 * 27 9 3
6.0 0.961 0.961 0.964 3 * 27 9 3
6.5 0.975 0.975 0.977 3 * 27 9 3
7.0 0.984 0.984 0.984 3 * 27 9 3
7.5 0.990 0.990 0.991 3 * 27 9 3
8.0 0.993 0.993 0.993 3 * 27 9 3
8.5 0.995 0.995 0.995 3 * 27 9 3
9.0 0.997 0.997 0.997 3 * 27 9 3
9.5 0.997 0.997 0.997 3 * 27 9 3
10.0 0.999 0.999 0.999 3 * 27 9 3
0.5 0.000 0.000 0.000 1 * 1
1.0 0.003 0.002 0.003 1 * 3
1.5 0.253 0.183 0.253 1 * 3
2.0 0.441 0.319 0.441 1 * 3
2.5 0.405 0.361 0.468 2 * 7 3
3.0 0.609 0.559 0.645 2 * 9 3
3.5 0.683 0.654 0.725 3 * 13 9 3
4.0 0.739 0.739 0.789 3 * 19 9 3
4.5 0.838 0.838 0.852 3 * 26 9 3
5.0 0.909 0.909 0.918 3 * 27 9 3
5.5 0.944 0.944 0.949 3 * 27 9 3
6.0 0.961 0.961 0.965 3 * 27 9 3
6.5 0.977 0.977 0.980 3 * 27 9 3
7.0 0.983 0.983 0.985 3 * 27 9 3
7.5 0.988 0.988 0.990 3 * 27 9 3
8.0 0.994 0.994 0.996 3 * 27 9 3
8.5 0.995 0.995 0.995 3 * 27 9 3
9.0 0.998 0.998 0.998 3 * 27 9 3
9.5 0.999 0.999 0.999 3 * 27 9 3
10.0 0.998 0.998 0.999 3 * 27 9 3
0.5 0.000 0.000 0.000 1 * 1
1.0 0.000 0.000 0.000 1 * 1
1.5 0.258 0.187 0.258 1 * 3
2.0 0.338 0.254 0.338 1 * 4
2.5 0.426 0.383 0.481 2 * 8 3
3.0 0.616 0.565 0.657 2 * 9 3
3.5 0.684 0.652 0.726 3 * 12 9 3
4.0 0.738 0.733 0.788 3 * 18 9 3
4.5 0.845 0.845 0.866 3 * 26 9 3
5.0 0.902 0.902 0.910 3 * 27 9 3
5.5 0.946 0.946 0.954 3 * 27 9 3
6.0 0.957 0.957 0.958 3 * 27 9 3
6.5 0.974 0.974 0.977 3 * 27 9 3
7.0 0.984 0.984 0.987 3 * 27 9 3
7.5 0.990 0.990 0.991 3 * 27 9 3
8.0 0.992 0.992 0.993 3 * 27 9 3
8.5 0.994 0.994 0.994 3 * 27 9 3
9.0 0.997 0.997 0.997 3 * 27 9 3
9.5 0.997 0.997 0.997 3 * 27 9 3
10.0 1.000 1.000 1.000 3 * 27 9 3
0.5 0.000 0.000 0.000 1 * 1
1.0 0.000 0.000 0.000 1 * 1
1.5 0.244 0.177 0.244 1 * 3
2.0 0.338 0.256 0.338 1 * 4
2.5 0.448 0.405 0.501 2 * 9 3
3.0 0.608 0.558 0.646 2 * 9 3
3.5 0.674 0.646 0.718 3 * 13 9 3
4.0 0.733 0.732 0.783 3 * 19 9 3
4.5 0.839 0.839 0.855 3 * 26 9 3
5.0 0.903 0.903 0.910 3 * 27 9 3
5.5 0.945 0.945 0.951 3 * 27 9 3
6.0 0.963 0.963 0.969 3 * 27 9 3
6.5 0.976 0.976 0.977 3 * 27 9 3
7.0 0.985 0.985 0.988 3 * 27 9 3
7.5 0.991 0.991 0.992 3 * 27 9 3
8.0 0.995 0.995 0.997 3 * 27 9 3
8.5 0.996 0.996 0.997 3 * 27 9 3
9.0 0.996 0.996 0.997 3 * 27 9 3
9.5 0.998 0.998 0.999 3 * 27 9 3
10.0 0.999 0.999 1.000 3 * 27 9 3
0.5 0.000 0.000 0.000 1 * 1
1.0 0.000 0.000 0.000 1 * 1
1.5 0.260 0.188 0.260 1 * 3
2.0 0.435 0.315 0.435 1 * 3
2.5 0.412 0.368 0.474 2 * 7 3
3.0 0.565 0.522 0.595 2 * 10 3
3.5 0.670 0.639 0.709 3 * 12 9 3
4.0 0.748 0.748 0.800 3 * 19 9 3
4.5 0.855 0.855 0.866 3 * 27 9 3
5.0 0.901 0.901 0.907 3 * 27 9 3
5.5 0.938 0.938 0.946 3 * 27 9 3
6.0 0.958 0.958 0.964 3 * 27 9 3
6.5 0.973 0.973 0.974 3 * 27 9 3
7.0 0.982 0.982 0.983 3 * 27 9 3
7.5 0.990 0.990 0.992 3 * 27 9 3
8.0 0.993 0.993 0.993 3 * 27 9 3
8.5 0.995 0.995 0.997 3 * 27 9 3
9.0 0.997 0.997 0.999 3 * 27 9 3
9.5 0.998 0.998 0.998 3 * 27 9 3
10.0 0.999 0.999 0.999 3 * 27 9 3
0.5 0.000 0.000 0.000 1 * 1
1.0 0.000 0.000 0.000 1 * 1
1.5 0.260 0.188 0.260 1 * 3
2.0 0.274 0.214 0.274 1 * 5
2.5 0.407 0.363 0.470 2 * 7 3
3.0 0.572 0.531 0.592 2 * 10 3
3.5 0.674 0.645 0.715 3 * 13 9 3
4.0 0.738 0.733 0.788 3 * 18 9 3
4.5 0.839 0.839 0.854 3 * 26 9 3
5.0 0.902 0.902 0.911 3 * 27 9 3
5.5 0.937 0.937 0.940 3 * 27 9 3
6.0 0.960 0.960 0.963 3 * 27 9 3
6.5 0.974 0.974 0.975 3 * 27 9 3
7.0 0.982 0.982 0.984 3 * 27 9 3
7.5 0.987 0.987 0.989 3 * 27 9 3
8.0 0.992 0.992 0.992 3 * 27 9 3
8.5 0.996 0.996 0.996 3 * 27 9 3
9.0 0.998 0.998 0.998 3 * 27 9 3
9.5 0.998 0.998 0.998 3 * 27 9 3
10.0 0.998 0.998 0.998 3 * 27 9 3
0.5 0.000 0.000 0.000 1 * 1
1.0 0.000 0.000 0.000 1 * 1
1.5 0.254 0.184 0.254 1 * 3
2.0 0.451 0.326 0.451 1 * 3
2.5 0.420 0.376 0.485 2 * 8 3
3.0 0.613 0.564 0.647 2 * 9 3
3.5 0.680 0.648 0.722 3 * 12 9 3
4.0 0.748 0.748 0.801 3 * 19 9 3
4.5 0.840 0.840 0.855 3 * 26 9 3
5.0 0.897 0.897 0.903 3 * 27 9 3
5.5 0.936 0.936 0.940 3 * 27 9 3
6.0 0.958 0.958 0.962 3 * 27 9 3
6.5 0.973 0.973 0.976 3 * 27 9 3
7.0 0.982 0.982 0.982 3 * 27 9 3
7.5 0.989 0.989 0.990 3 * 27 9 3
8.0 0.993 0.993 0.994 3 * 27 9 3
8.5 0.996 0.996 0.997 3 * 27 9 3
9.0 0.998 0.998 0.999 3 * 27 9 3
9.5 0.998 0.998 0.999 3 * 27 9 3
10.0 0.999 0.999 1.000 3 * 27 9 3
0.5 0.000 0.000 0.000 1 * 1
1.0 0.000 0.000 0.000 1 * 1
1.5 0.254 0.184 0.254 1 * 3
2.0 0.443 0.321 0.443 1 * 3
2.5 0.423 0.382 0.473 2 * 8 3
3.0 0.579 0.532 0.613 2 * 9 3
3.5 0.683 0.651 0.730 3 * 12 9 3
4.0 0.743 0.738 0.792 3 * 18 9 3
4.5 0.843 0.843 0.856 3 * 26 9 3
5.0 0.912 0.912 0.925 3 * 27 9 3
5.5 0.940 0.940 0.944 3 * 27 9 3
6.0 0.959 0.959 0.962 3 * 27 9 3
6.5 0.977 0.977 0.981 3 * 27 9 3
7.0 0.984 0.984 0.985 3 * 27 9 3
7.5 0.990 0.990 0.992 3 * 27 9 3
8.0 0.996 0.996 0.998 3 * 27 9 3
8.5 0.996 0.996 0.996 3 * 27 9 3
9.0 0.996 0.996 0.996 3 * 27 9 3
9.5 0.998 0.998 0.999 3 * 27 9 3
10.0 0.999 0.999 0.999 3 * 27 9 3
0.5 0.000 0.000 0.000 1 * 1
1.0 0.000 0.000 0.000 1 * 1
1.5 0.247 0.179 0.247 1 * 3
2.0 0.430 0.311 0.430 1 * 3
2.5 0.419 0.374 0.480 2 * 7 3
3.0 0.608 0.559 0.644 2 * 9 3
3.5 0.676 0.644 0.715 3 * 12 9 3
4.0 0.746 0.746 0.796 3 * 20 9 3
4.5 0.837 0.837 0.854 3 * 25 9 3
5.0 0.901 0.901 0.907 3 * 27 9 3
5.5 0.937 0.937 0.941 3 * 27 9 3
6.0 0.965 0.965 0.971 3 * 27 9 3
6.5 0.970 0.970 0.971 3 * 27 9 3
7.0 0.983 0.983 0.984 3 * 27 9 3
7.5 0.989 0.989 0.990 3 * 27 9 3
8.0 0.994 0.994 0.996 3 * 27 9 3
8.5 0.996 0.996 0.997 3 * 27 9 3
9.0 0.996 0.996 0.997 3 * 27 9 3
9.5 0.997 0.997 0.998 3 * 27 9 3
10.0 0.998 0.998 0.999 3 * 27 9 3
0.5 0.000 0.000 0.000 1 * 1
1.0 0.000 0.000 0.000 1 * 1
1.5 0.256 0.185 0.256 1 * 3
2.0 0.347 0.259 0.347 1 * 4
2.5 0.404 0.346 0.460 2 * 6 3
3.0 0.597 0.549 0.629 2 * 9 3
3.5 0.678 0.644 0.710 3 * 12 9 3
4.0 0.736 0.735 0.783 3 * 19 9 3
4.5 0.852 0.852 0.865 3 * 27 9 3
5.0 0.905 0.905 0.913 3 * 27 9 3
5.5 0.943 0.943 0.950 3 * 27 9 3
6.0 0.960 0.960 0.963 3 * 27 9 3
6.5 0.974 0.974 0.977 3 * 27 9 3
7.0 0.984 0.984 0.987 3 * 27 9 3
7.5 0.990 0.990 0.991 3 * 27 9 3
8.0 0.992 0.992 0.993 3 * 27 9 3
8.5 0.996 0.996 0.997 3 * 27 9 3
9.0 0.997 0.997 0.998 3 * 27 9 3
9.5 0.997 0.997 0.997 3 * 27 9 3
10.0 0.999 0.999 0.999 3 * 27 9 3
0.5 0.000 0.000 0.000 1 * 1
1.0 0.000 0.000 0.000 1 * 1
1.5 0.259 0.187 0.259 1 * 3
2.0 0.336 0.256 0.336 1 * 4
2.5 0.420 0.376 0.480 2 * 7 3
3.0 0.614 0.565 0.646 2 * 9 3
3.5 0.662 0.629 0.689 3 * 12 9 3
4.0 0.732 0.725 0.775 3 * 18 9 3
4.5 0.842 0.842 0.858 3 * 26 9 3
5.0 0.905 0.905 0.914 3 * 27 9 3
5.5 0.936 0.936 0.943 3 * 27 9 3
6.0 0.964 0.964 0.968 3 * 27 9 3
6.5 0.972 0.972 0.974 3 * 27 9 3
7.0 0.984 0.984 0.985 3 * 27 9 3
7.5 0.990 0.990 0.990 3 * 27 9 3
8.0 0.994 0.994 0.995 3 * 27 9 3
8.5 0.995 0.995 0.995 3 * 27 9 3
9.0 0.997 0.997 0.998 3 * 27 9 3
9.5 0.999 0.999 1.000 3 * 27 9 3
10.0 0.999 0.999 0.999 3 * 27 9 3
0.5 0.000 0.000 0.000 1 * 1
1.0 0.000 0.000 0.000 1 * 1
1.5 0.191 0.143 0.191 1 * 4
2.0 0.344 0.259 0.344 1 * 4
2.5 0.435 0.392 0.489 2 * 8 3
3.0 0.606 0.557 0.641 2 * 9 3
3.5 0.678 0.646 0.716 3 * 12 9 3
4.0 0.746 0.746 0.791 3 * 21 9 3
4.5 0.851 0.851 0.863 3 * 27 9 3
5.0 0.906 0.906 0.914 3 * 27 9 3
5.5 0.934 0.934 0.939 3 * 27 9 3
6.0 0.962 0.962 0.966 3 * 27 9 3
6.5 0.974 0.974 0.979 3 * 27 9 3
7.0 0.984 0.984 0.985 3 * 27 9 3
7.5 0.989 0.989 0.990 3 * 27 9 3
8.0 0.993 0.993 0.995 3 * 27 9 3
8.5 0.996 0.996 0.996 3 * 27 9 3
9.0 0.998 0.998 0.999 3 * 27 9 3
9.5 0.998 0.998 0.999 3 * 27 9 3
10.0 0.999 0.999 0.999 3 * 27 9 3
0.5 0.000 0.000 0.000 1 * 1
1.0 0.025 0.017 0.025 1 * 2
1.5 0.224 0.163 0.224 1 * 3
2.0 0.343 0.259 0.343 1 * 4
2.5 0.314 0.288 0.300 1 * 7
3.0 0.602 0.553 0.637 2 * 9 3
3.5 0.672 0.644 0.719 3 * 13 9 3
4.0 0.733 0.728 0.779 3 * 18 9 3
4.5 0.847 0.847 0.860 3 * 27 9 3
5.0 0.905 0.905 0.912 3 * 27 9 3
5.5 0.936 0.936 0.941 3 * 27 9 3
6.0 0.962 0.962 0.965 3 * 27 9 3
6.5 0.977 0.977 0.980 3 * 27 9 3
7.0 0.982 0.982 0.982 3 * 27 9 3
7.5 0.990 0.990 0.992 3 * 27 9 3
8.0 0.993 0.993 0.993 3 * 27 9 3
8.5 0.996 0.996 0.997 3 * 27 9 3
9.0 0.996 0.996 0.996 3 * 27 9 3
9.5 0.998 0.998 0.998 3 * 27 9 3
10.0 0.999 0.999 0.999 3 * 27 9 3
0.5 0.000 0.000 0.000 1 * 1
1.0 0.000 0.000 0.000 1 * 1
1.5 0.241 0.175 0.241 1 * 3
2.0 0.453 0.328 0.453 1 * 3
2.5 0.403 0.359 0.466 2 * 7 3
3.0 0.604 0.556 0.639 2 * 9 3
3.5 0.692 0.659 0.732 3 * 12 9 3
4.0 0.743 0.737 0.791 3 * 18 9 3
4.5 0.839 0.839 0.860 3 * 25 9 3
5.0 0.903 0.903 0.913 3 * 27 9 3
5.5 0.937 0.937 0.944 3 * 27 9 3
6.0 0.964 0.964 0.970 3 * 27 9 3
6.5 0.977 0.977 0.981 3 * 27 9 3
7.0 0.985 0.985 0.984 3 * 27 9 3
7.5 0.988 0.988 0.990 3 * 27 9 3
8.0 0.993 0.993 0.995 3 * 27 9 3
8.5 0.996 0.996 0.997 3 * 27 9 3
9.0 0.997 0.997 0.997 3 * 27 9 3
9.5 0.998 0.998 0.999 3 * 27 9 3
10.0 0.999 0.999 1.000 3 * 27 9 3
0.5 0.000 0.000 0.000 1 * 1
1.0 0.000 0.000 0.000 1 * 1
1.5 0.236 0.171 0.236 1 * 3
2.0 0.429 0.311 0.429 1 * 3
2.5 0.427 0.384 0.482 2 * 8 3
3.0 0.628 0.578 0.664 2 * 9 3
3.5 0.620 0.524 0.436 1 * 12
4.0 0.735 0.735 0.778 3 * 19 9 3
4.5 0.851 0.851 0.866 3 * 27 9 3
5.0 0.907 0.907 0.916 3 * 27 9 3
5.5 0.935 0.935 0.940 3 * 27 9 3
6.0 0.962 0.962 0.966 3 * 27 9 3
6.5 0.973 0.973 0.975 3 * 27 9 3
7.0 0.986 0.986 0.988 3 * 27 9 3
7.5 0.989 0.989 0.992 3 * 27 9 3
8.0 0.994 0.994 0.996 3 * 27 9 3
8.5 0.995 0.995 0.996 3 * 27 9 3
9.0 0.996 0.996 0.995 3 * 27 9 3
9.5 0.999 0.999 0.999 3 * 27 9 3
10.0 0.999 0.999 1.000 3 * 27 9 3
0.5 0.000 0.000 0.000 1 * 1
1.0 0.000 0.000 0.000 1 * 1
1.5 0.234 0.170 0.234 1 * 3
2.0 0.334 0.255 0.334 1 * 4
2.5 0.438 0.394 0.494 2 * 8 3
3.0 0.576 0.533 0.599 2 * 10 3
3.5 0.670 0.642 0.715 3 * 13 9 3
4.0 0.748 0.747 0.800 3 * 19 9 3
4.5 0.843 0.843 0.860 3 * 26 9 3
5.0 0.907 0.907 0.914 3 * 27 9 3
5.5 0.935 0.935 0.942 3 * 27 9 3
6.0 0.965 0.965 0.969 3 * 27 9 3
6.5 0.975 0.975 0.976 3 * 27 9 3
7.0 0.981 0.981 0.982 3 * 27 9 3
7.5 0.990 0.990 0.991 3 * 27 9 3
8.0 0.991 0.991 0.991 3 * 27 9 3
8.5 0.994 0.994 0.995 3 * 27 9 3
9.0 0.997 0.997 0.997 3 * 27 9 3
9.5 0.998 0.998 0.998 3 * 27 9 3
10.0 0.999 0.999 0.999 3 * 27 9 3
0.5 0.000 0.000 0.000 1 * 1
1.0 0.000 0.000 0.000 1 * 1
1.5 0.268 0.194 0.268 1 * 3
2.0 0.451 0.326 0.451 1 * 3
2.5 0.415 0.373 0.471 2 * 8 3
3.0 0.605 0.557 0.643 2 * 10 3
3.5 0.697 0.660 0.731 3 * 11 9 3
4.0 0.736 0.730 0.783 3 * 18 9 3
4.5 0.857 0.857 0.872 3 * 27 9 3
5.0 0.904 0.904 0.910 3 * 27 9 3
5.5 0.940 0.940 0.947 3 * 27 9 3
6.0 0.963 0.963 0.964 3 * 27 9 3
6.5 0.977 0.977 0.980 3 * 27 9 3
7.0 0.986 0.986 0.989 3 * 27 9 3
7.5 0.990 0.990 0.992 3 * 27 9 3
8.0 0.994 0.994 0.994 3 * 27 9 3
8.5 0.995 0.995 0.997 3 * 27 9 3
9.0 0.998 0.998 0.999 3 * 27 9 3
9.5 0.998 0.998 0.998 3 * 27 9 3
10.0 0.998 0.998 0.999 3 * 27 9 3
0.5 0.000 0.000 0.000 1 * 1
1.0 0.000 0.000 0.000 1 * 1
1.5 0.262 0.189 0.262 1 * 3
2.0 0.427 0.309 0.427 1 * 3
2.5 0.423 0.377 0.487 2 * 7 3
3.0 0.614 0.564 0.648 2 * 9 3
3.5 0.683 0.650 0.724 3 * 12 9 3
4.0 0.721 0.721 0.771 3 * 19 9 3
4.5 0.838 0.838 0.857 3 * 26 9 3
5.0 0.907 0.907 0.913 3 * 27 9 3
5.5 0.936 0.936 0.940 3 * 27 9 3
6.0 0.961 0.961 0.965 3 * 27 9 3
6.5 0.975 0.975 0.979 3 * 27 9 3
7.0 0.981 0.981 0.983 3 * 27 9 3
7.5 0.989 0.989 0.991 3 * 27 9 3
8.0 0.992 0.992 0.993 3 * 27 9 3
8.5 0.995 0.995 0.995 3 * 27 9 3
9.0 0.998 0.998 0.999 3 * 27 9 3
9.5 0.998 0.998 0.998 3 * 27 9 3
10.0 1.000 1.000 1.000 3 * 27 9 3
0.5 0.000 0.000 0.000 1 * 1
1.0 0.043 0.030 0.043 1 * 2
1.5 0.271 0.196 0.271 1 * 3
2.0 0.447 0.323 0.447 1 * 3
2.5 0.426 0.380 0.490 2 * 7 3
3.0 0.571 0.528 0.599 2 * 10 3
3.5 0.679 0.650 0.719 3 * 13 9 3
4.0 0.757 0.757 0.801 3 * 21 9 3
4.5 0.851 0.799 0.871 2 * 26 3
5.0 0.904 0.904 0.912 3 * 27 9 3
5.5 0.936 0.936 0.940 3 * 27 9 3
6.0 0.962 0.962 0.965 3 * 27 9 3
6.5 0.976 0.976 0.979 3 * 27 9 3
7.0 0.984 0.984 0.987 3 * 27 9 3
7.5 0.989 0.989 0.989 3 * 27 9 3
8.0 0.994 0.994 0.995 3 * 27 9 3
8.5 0.995 0.995 0.995 3 * 27 9 3
9.0 0.996 0.996 0.996 3 * 27 9 3
9.5 0.998 0.998 0.998 3 * 27 9 3
10.0 0.998 0.998 1.000 3 * 27 9 3
0.5 0.000 0.000 0.000 1 * 1
1.0 0.000 0.000 0.000 1 * 1
1.5 0.255 0.185 0.255 1 * 3
2.0 0.333 0.250 0.333 1 * 4
2.5 0.401 0.361 0.452 2 * 8 3
3.0 0.608 0.558 0.647 2 * 9 3
3.5 0.674 0.646 0.718 3 * 13 9 3
4.0 0.740 0.735 0.781 3 * 18 9 3
4.5 0.847 0.847 0.863 3 * 27 9 3
5.0 0.905 0.905 0.913 3 * 27 9 3
5.5 0.937 0.937 0.943 3 * 27 9 3
6.0 0.960 0.960 0.963 3 * 27 9 3
6.5 0.973 0.973 0.976 3 * 27 9 3
7.0 0.984 0.984 0.985 3 * 27 9 3
7.5 0.989 0.989 0.990 3 * 27 9 3
8.0 0.994 0.994 0.995 3 * 27 9 3
8.5 0.996 0.996 0.996 3 * 27 9 3
9.0 0.997 0.997 0.998 3 * 27 9 3
9.5 0.998 0.998 0.998 3 * 27 9 3
10.0 0.999 0.999 0.999 3 * 27 9 3
0.5 0.000 0.000 0.000 1 * 1
1.0 0.024 0.017 0.024 1 * 2
1.5 0.268 0.194 0.268 1 * 3
2.0 0.335 0.257 0.335 1 * 4
2.5 0.398 0.356 0.457 2 * 7 3
3.0 0.576 0.532 0.609 2 * 10 3
3.5 0.681 0.652 0.728 3 * 13 9 3
4.0 0.738 0.731 0.786 3 * 18 9 3
4.5 0.839 0.839 0.861 3 * 25 9 3
5.0 0.902 0.902 0.912 3 * 27 9 3
5.5 0.937 0.937 0.941 3 * 27 9 3
6.0 0.961 0.961 0.965 3 * 27 9 3
6.5 0.973 0.973 0.976 3 * 27 9 3
7.0 0.980 0.980 0.981 3 * 27 9 3
7.5 0.989 0.989 0.990 3 * 27 9 3
8.0 0.993 0.993 0.993 3 * 27 9 3
8.5 0.996 0.996 0.996 3 * 27 9 3
9.0 0.997 0.997 0.997 3 * 27 9 3
9.5 0.998 0.998 0.998 3 * 27 9 3
10.0 0.998 0.998 0.998 3 * 27 9 3
0.5 0.000 0.000 0.000 1 * 1
1.0 0.019 0.013 0.019 1 * 2
1.5 0.253 0.183 0.253 1 * 3
2.0 0.441 0.319 0.441 1 * 3
2.5 0.424 0.382 0.475 2 * 8 3
3.0 0.566 0.525 0.589 2 * 10 3
3.5 0.676 0.644 0.718 3 * 12 9 3
4.0 0.737 0.735 0.787 3 * 19 9 3
4.5 0.849 0.849 0.862 3 * 27 9 3
5.0 0.902 0.902 0.912 3 * 27 9 3
5.5 0.937 0.937 0.942 3 * 27 9 3
6.0 0.962 0.962 0.968 3 * 27 9 3
6.5 0.974 0.974 0.977 3 * 27 9 3
7.0 0.982 0.982 0.983 3 * 27 9 3
7.5 0.990 0.990 0.992 3 * 27 9 3
8.0 0.993 0.993 0.994 3 * 27 9 3
8.5 0.996 0.996 0.997 3 * 27 9 3
9.0 0.998 0.998 1.000 3 * 27 9 3
9.5 0.998 0.998 0.998 3 * 27 9 3
10.0 0.998 0.998 0.998 3 * 27 9 3
0.5 0.000 0.000 0.000 1 * 1
1.0 0.000 0.000 0.000 1 * 1
1.5 0.234 0.170 0.234 1 * 3
2.0 0.329 0.250 0.329 1 * 4
2.5 0.420 0.379 0.473 2 * 8 3
3.0 0.614 0.565 0.649 2 * 9 3
3.5 0.688 0.656 0.728 3 * 12 9 3
4.0 0.743 0.741 0.793 3 * 19 9 3
4.5 0.837 0.787 0.859 2 * 26 3
5.0 0.900 0.900 0.907 3 * 27 9 3
5.5 0.934 0.934 0.939 3 * 27 9 3
6.0 0.959 0.959 0.963 3 * 27 9 3
6.5 0.974 0.974 0.976 3 * 27 9 3
7.0 0.983 0.983 0.983 3 * 27 9 3
7.5 0.991 0.991 0.993 3 * 27 9 3
8.0 0.993 0.993 0.994 3 * 27 9 3
8.5 0.994 0.994 0.994 3 * 27 9 3
9.0 0.999 0.999 1.000 3 * 27 9 3
9.5 0.998 0.998 0.999 3 * 27 9 3
10.0 0.999 0.999 1.000 3 * 27 9 3
0.5 0.000 0.000 0.000 1 * 1
1.0 0.000 0.000 0.000 1 * 1
1.5 0.244 0.177 0.244 1 * 3
2.0 0.433 0.313 0.433 1 * 3
2.5 0.399 0.341 0.447 2 * 6 3
3.0 0.577 0.531 0.617 2 * 10 3
3.5 0.680 0.651 0.718 3 * 13 9 3
4.0 0.735 0.734 0.784 3 * 19 9 3
4.5 0.855 0.855 0.870 3 * 27 9 3
5.0 0.898 0.898 0.905 3 * 27 9 3
5.5 0.938 0.938 0.943 3 * 27 9 3
6.0 0.957 0.957 0.959 3 * 27 9 3
6.5 0.971 0.971 0.973 3 * 27 9 3
7.0 0.983 0.983 0.984 3 * 27 9 3
7.5 0.990 0.990 0.991 3 * 27 9 3
8.0 0.994 0.994 0.996 3 * 27 9 3
8.5 0.996 0.996 0.995 3 * 27 9 3
9.0 0.997 0.997 0.998 3 * 27 9 3
9.5 0.998 0.998 0.998 3 * 27 9 3
10.0 0.999 0.999 0.999 3 * 27 9 3
0.5 0.000 0.000 0.000 1 * 1
1.0 0.000 0.000 0.000 1 * 1
1.5 0.236 0.171 0.236 1 * 3
2.0 0.434 0.314 0.434 1 * 3
2.5 0.430 0.367 0.487 2 * 6 3
3.0 0.536 0.455 0.394 1 * 10
3.5 0.684 0.651 0.724 3 * 12 9 3
4.0 0.735 0.735 0.785 3 * 19 9 3
4.5 0.845 0.845 0.865 3 * 26 9 3
5.0 0.902 0.902 0.910 3 * 27 9 3
5.5 0.938 0.938 0.943 3 * 27 9 3
6.0 0.958 0.958 0.962 3 * 27 9 3
6.5 0.974 0.974 0.976 3 * 27 9 3
7.0 0.983 0.983 0.986 3 * 27 9 3
7.5 0.988 0.988 0.988 3 * 27 9 3
8.0 0.993 0.993 0.993 3 * 27 9 3
8.5 0.995 0.995 0.997 3 * 27 9 3
9.0 0.997 0.997 0.997 3 * 27 9 3
9.5 0.998 0.998 0.999 3 * 27 9 3
10.0 0.999 0.999 1.000 3 * 27 9 3
0.5 0.000 0.000 0.000 1 * 1
1.0 0.032 0.022 0.032 1 * 2
1.5 0.241 0.174 0.241 1 * 3
2.0 0.443 0.321 0.443 1 * 3
2.5 0.416 0.372 0.479 2 * 7 3
3.0 0.597 0.548 0.633 2 * 9 3
3.5 0.667 0.636 0.702 3 * 12 9 3
4.0 0.747 0.744 0.799 3 * 18 9 3
4.5 0.851 0.851 0.865 3 * 26 9 3
5.0 0.892 0.892 0.897 3 * 27 9 3
5.5 0.940 0.940 0.947 3 * 27 9 3
6.0 0.960 0.960 0.964 3 * 27 9 3
6.5 0.974 0.974 0.977 3 * 27 9 3
7.0 0.984 0.984 0.985 3 * 27 9 3
7.5 0.991 0.991 0.992 3 * 27 9 3
8.0 0.992 0.992 0.992 3 * 27 9 3
8.5 0.996 0.996 0.998 3 * 27 9 3
9.0 0.998 0.998 0.998 3 * 27 9 3
9.5 0.998 0.998 0.998 3 * 27 9 3
10.0 0.999 0.999 0.999 3 * 27 9 3
0.5 0.000 0.000 0.000 1 * 1
1.0 0.017 0.012 0.017 1 * 2
1.5 0.247 0.180 0.247 1 * 3
2.0 0.428 0.310 0.428 1 * 3
2.5 0.427 0.384 0.484 2 * 8 3
3.0 0.611 0.562 0.647 2 * 9 3
3.5 0.692 0.655 0.729 3 * 11 9 3
4.0 0.722 0.700 0.782 2 * 19 3
4.5 0.843 0.843 0.860 3 * 26 9 3
5.0 0.901 0.901 0.909 3 * 27 9 3
5.5 0.938 0.938 0.946 3 * 27 9 3
6.0 0.963 0.963 0.968 3 * 27 9 3
6.5 0.974 0.974 0.976 3 * 27 9 3
7.0 0.985 0.985 0.986 3 * 27 9 3
7.5 0.987 0.987 0.989 3 * 27 9 3
8.0 0.992 0.992 0.993 3 * 27 9 3
8.5 0.994 0.994 0.996 3 * 27 9 3
9.0 0.997 0.997 0.998 3 * 27 9 3
9.5 0.999 0.999 0.999 3 * 27 9 3
10.0 0.998 0.998 0.997 3 * 27 9 3
