0.5 0.000 0.000 0.000 1 * 1
1.0 0.000 0.000 0.000 1 * 1
1.5 0.261 0.189 0.261 1 * 3
2.0 0.334 0.251 0.334 1 * 4
2.5 0.417 0.357 0.471 2 * 6 3
3.0 0.603 0.554 0.638 2 * 9 3
3.5 0.636 0.598 0.638 2 * 11 3
4.0 0.752 0.752 0.798 3 * 20 9 3
4.5 0.841 0.841 0.861 3 * 25 9 3
5.0 0.907 0.907 0.916 3 * 27 9 3
5.5 0.940 0.940 0.943 3 * 27 9 3
6.0 0.959 0.959 0.961 3 * 27 9 3
6.5 0.975 0.975 0.977 3 * 27 9 3
7.0 0.981 0.981 0.981 3 * 27 9 3
7.5 0.988 0.988 0.990 3 * 27 9 3
8.0 0.993 0.993 0.994 3 * 27 9 3
8.5 0.996 0.996 0.996 3 * 27 9 3
9.0 0.998 0.998 0.998 3 * 27 9 3
9.5 0.998 0.998 0.999 3 * 27 9 3
10.0 0.998 0.998 0.998 3 * 27 9 3
0.5 0.000 0.000 0.000 1 * 1
1.0 0.000 0.000 0.000 1 * 1
1.5 0.238 0.172 0.238 1 * 3
2.0 0.344 0.258 0.344 1 * 4
2.5 0.426 0.361 0.483 2 * 6 3
3.0 0.593 0.545 0.628 2 * 9 3
3.5 0.647 0.614 0.657 3 * 12 10 3
4.0 0.743 0.743 0.789 3 * 20 9 3
4.5 0.843 0.843 0.862 3 * 25 9 3
5.0 0.898 0.898 0.905 3 * 27 9 3
5.5 0.938 0.938 0.942 3 * 27 9 3
6.0 0.959 0.959 0.963 3 * 27 9 3
6.5 0.978 0.978 0.981 3 * 27 9 3
7.0 0.980 0.980 0.981 3 * 27 9 3
7.5 0.990 0.990 0.990 3 * 27 9 3
8.0 0.992 0.992 0.992 3 * 27 9 3
8.5 0.996 0.996 0.997 3 * 27 9 3
9.0 0.996 0.996 0.996 3 * 27 9 3
9.5 0.996 0.996 0.996 3 * 27 9 3
10.0 0.999 0.999 1.000 3 * 27 9 3
0.5 0.000 0.000 0.000 1 * 1
1.0 0.003 0.002 0.002 1 * 2
1.5 0.249 0.181 0.249 1 * 3
2.0 0.339 0.257 0.339 1 * 4
2.5 0.347 0.310 0.306 1 * 8
3.0 0.600 0.552 0.632 2 * 9 3
3.5 0.649 0.619 0.667 3 * 13 9 3
4.0 0.736 0.735 0.789 3 * 19 9 3
4.5 0.841 0.841 0.858 3 * 26 9 3
5.0 0.894 0.894 0.897 3 * 27 9 3
5.5 0.937 0.937 0.941 3 * 27 9 3
6.0 0.960 0.960 0.965 3 * 27 9 3
6.5 0.975 0.975 0.977 3 * 27 9 3
7.0 0.982 0.982 0.985 3 * 27 9 3
7.5 0.989 0.989 0.991 3 * 27 9 3
8.0 0.994 0.994 0.996 3 * 27 9 3
8.5 0.994 0.994 0.996 3 * 27 9 3
9.0 0.997 0.997 0.998 3 * 27 9 3
9.5 0.999 0.999 0.999 3 * 27 9 3
10.0 0.999 0.999 1.000 3 * 27 9 3
0.5 0.000 0.000 0.000 1 * 1
1.0 0.031 0.022 0.031 1 * 2
1.5 0.221 0.160 0.221 1 * 3
2.0 0.464 0.335 0.464 1 * 3
2.5 0.394 0.352 0.455 2 * 7 3
3.0 0.605 0.556 0.641 2 * 9 3
3.5 0.653 0.621 0.680 3 * 12 9 3
4.0 0.739 0.739 0.784 3 * 20 9 3
4.5 0.832 0.786 0.859 2 * 25 3
5.0 0.898 0.898 0.906 3 * 27 9 3
5.5 0.938 0.938 0.941 3 * 27 9 3
6.0 0.958 0.958 0.960 3 * 27 9 3
6.5 0.974 0.974 0.976 3 * 27 9 3
7.0 0.985 0.985 0.986 3 * 27 9 3
7.5 0.990 0.990 0.991 3 * 27 9 3
8.0 0.994 0.994 0.995 3 * 27 9 3
8.5 0.995 0.995 0.996 3 * 27 9 3
9.0 0.998 0.998 0.998 3 * 27 9 3
9.5 0.999 0.999 1.000 3 * 27 9 3
10.0 0.999 0.999 0.999 3 * 27 9 3
0.5 0.000 0.000 0.000 1 * 1
1.0 0.000 0.000 0.000 1 * 1
1.5 0.245 0.178 0.245 1 * 3
2.0 0.453 0.328 0.453 1 * 3
2.5 0.386 0.345 0.444 2 * 8 3
3.0 0.606 0.558 0.637 2 * 9 3
3.5 0.652 0.624 0.689 3 * 13 9 3
4.0 0.752 0.752 0.806 3 * 19 9 3
4.5 0.836 0.787 0.859 2 * 26 3
5.0 0.900 0.900 0.909 3 * 27 9 3
5.5 0.937 0.937 0.943 3 * 27 9 3
6.0 0.961 0.961 0.964 3 * 27 9 3
6.5 0.974 0.974 0.975 3 * 27 9 3
7.0 0.982 0.982 0.984 3 * 27 9 3
7.5 0.987 0.987 0.987 3 * 27 9 3
8.0 0.991 0.991 0.991 3 * 27 9 3
8.5 0.997 0.997 0.998 3 * 27 9 3
9.0 0.998 0.998 1.000 3 * 27 9 3
9.5 0.997 0.997 0.997 3 * 27 9 3
10.0 0.999 0.999 0.999 3 * 27 9 3
0.5 0.000 0.000 0.000 1 * 1
1.0 0.000 0.000 0.000 1 * 1
1.5 0.251 0.182 0.251 1 * 3
2.0 0.445 0.321 0.445 1 * 3
2.5 0.406 0.362 0.470 2 * 7 3
3.0 0.614 0.564 0.648 2 * 9 3
3.5 0.641 0.602 0.668 2 * 13 3
4.0 0.756 0.756 0.804 3 * 21 9 3
4.5 0.861 0.861 0.873 3 * 27 9 3
5.0 0.905 0.905 0.916 3 * 27 9 3
5.5 0.939 0.939 0.943 3 * 27 9 3
6.0 0.956 0.956 0.957 3 * 27 9 3
6.5 0.973 0.973 0.976 3 * 27 9 3
7.0 0.983 0.983 0.984 3 * 27 9 3
7.5 0.990 0.990 0.991 3 * 27 9 3
8.0 0.992 0.992 0.993 3 * 27 9 3
8.5 0.994 0.994 0.995 3 * 27 9 3
9.0 0.994 0.994 0.993 3 * 27 9 3
9.5 0.998 0.998 0.998 3 * 27 9 3
10.0 0.998 0.998 0.998 3 * 27 9 3
0.5 0.000 0.000 0.000 1 * 1
1.0 0.000 0.000 0.000 1 * 1
1.5 0.241 0.175 0.241 1 * 3
2.0 0.339 0.255 0.339 1 * 4
2.5 0.422 0.376 0.486 2 * 7 3
3.0 0.607 0.558 0.641 2 * 9 3
3.5 0.646 0.612 0.654 3 * 12 10 3
4.0 0.727 0.706 0.787 2 * 19 3
4.5 0.842 0.842 0.857 3 * 26 9 3
5.0 0.902 0.902 0.910 3 * 27 9 3
5.5 0.934 0.934 0.937 3 * 27 9 3
6.0 0.956 0.956 0.960 3 * 27 9 3
6.5 0.974 0.974 0.976 3 * 27 9 3
7.0 0.986 0.986 0.988 3 * 27 9 3
7.5 0.988 0.988 0.989 3 * 27 9 3
8.0 0.992 0.992 0.993 3 * 27 9 3
8.5 0.995 0.995 0.996 3 * 27 9 3
9.0 0.997 0.997 0.998 3 * 27 9 3
9.5 0.998 0.998 0.999 3 * 27 9 3
10.0 0.998 0.998 0.998 3 * 27 9 3
0.5 0.000 0.000 0.000 1 * 1
1.0 0.000 0.000 0.000 1 * 1
1.5 0.247 0.179 0.247 1 * 3
2.0 0.450 0.326 0.450 1 * 3
2.5 0.438 0.396 0.488 2 * 8 3
3.0 0.601 0.553 0.634 2 * 9 3
3.5 0.661 0.628 0.677 3 * 12 10 3
4.0 0.741 0.741 0.790 3 * 19 9 3
4.5 0.851 0.851 0.863 3 * 27 9 3
5.0 0.906 0.906 0.917 3 * 27 9 3
5.5 0.940 0.940 0.943 3 * 27 9 3
6.0 0.956 0.956 0.956 3 * 27 9 3
6.5 0.972 0.972 0.975 3 * 27 9 3
7.0 0.981 0.981 0.982 3 * 27 9 3
7.5 0.988 0.988 0.989 3 * 27 9 3
8.0 0.994 0.994 0.995 3 * 27 9 3
8.5 0.996 0.996 0.997 3 * 27 9 3
9.0 0.998 0.998 0.998 3 * 27 9 3
9.5 0.999 0.999 1.000 3 * 27 9 3
10.0 0.999 0.999 1.000 3 * 27 9 3
0.5 0.000 0.000 0.000 1 * 1
1.0 0.000 0.000 0.000 1 * 1
1.5 0.236 0.171 0.236 1 * 3
2.0 0.332 0.250 0.332 1 * 4
2.5 0.426 0.361 0.483 2 * 6 3
3.0 0.600 0.551 0.633 2 * 9 3
3.5 0.697 0.661 0.741 3 * 11 9 3
4.0 0.742 0.742 0.786 3 * 20 9 3
4.5 0.844 0.844 0.858 3 * 26 9 3
5.0 0.902 0.902 0.908 3 * 27 9 3
5.5 0.932 0.932 0.936 3 * 27 9 3
6.0 0.956 0.956 0.957 3 * 27 9 3
6.5 0.977 0.977 0.980 3 * 27 9 3
7.0 0.983 0.983 0.984 3 * 27 9 3
7.5 0.989 0.989 0.991 3 * 27 9 3
8.0 0.993 0.993 0.994 3 * 27 9 3
8.5 0.996 0.996 0.997 3 * 27 9 3
9.0 0.997 0.997 0.997 3 * 27 9 3
9.5 0.999 0.999 0.999 3 * 27 9 3
10.0 0.999 0.999 0.999 3 * 27 9 3
0.5 0.000 0.000 0.000 1 * 1
1.0 0.000 0.000 0.000 1 * 1
1.5 0.263 0.191 0.263 1 * 3
2.0 0.441 0.319 0.441 1 * 3
2.5 0.423 0.381 0.476 2 * 8 3
3.0 0.528 0.449 0.391 1 * 10
3.5 0.650 0.618 0.681 3 * 12 9 3
4.0 0.746 0.744 0.796 3 * 19 9 3
4.5 0.853 0.853 0.866 3 * 27 9 3
5.0 0.897 0.897 0.906 3 * 27 9 3
5.5 0.939 0.939 0.943 3 * 27 9 3
6.0 0.960 0.960 0.963 3 * 27 9 3
6.5 0.974 0.974 0.975 3 * 27 9 3
7.0 0.983 0.983 0.985 3 * 27 9 3
7.5 0.989 0.989 0.990 3 * 27 9 3
8.0 0.992 0.992 0.994 3 * 27 9 3
8.5 0.996 0.996 0.996 3 * 27 9 3
9.0 0.995 0.995 0.995 3 * 27 9 3
9.5 0.998 0.998 0.999 3 * 27 9 3
10.0 0.999 0.999 0.999 3 * 27 9 3
0.5 0.000 0.000 0.000 1 * 1
1.0 0.000 0.000 0.000 1 * 1
1.5 0.259 0.187 0.259 1 * 3
2.0 0.447 0.324 0.447 1 * 3
2.5 0.395 0.353 0.453 2 * 7 3
3.0 0.602 0.553 0.637 2 * 9 3
3.5 0.665 0.636 0.700 3 * 13 9 3
4.0 0.741 0.737 0.790 3 * 18 9 3
4.5 0.852 0.852 0.869 3 * 26 9 3
5.0 0.901 0.901 0.911 3 * 27 9 3
5.5 0.944 0.944 0.949 3 * 27 9 3
6.0 0.960 0.960 0.960 3 * 27 9 3
6.5 0.969 0.969 0.969 3 * 27 9 3
7.0 0.982 0.982 0.982 3 * 27 9 3
7.5 0.988 0.988 0.987 3 * 27 9 3
8.0 0.994 0.994 0.995 3 * 27 9 3
8.5 0.995 0.995 0.996 3 * 27 9 3
9.0 0.997 0.997 0.997 3 * 27 9 3
9.5 0.999 0.999 0.999 3 * 27 9 3
10.0 1.000 1.000 1.000 3 * 27 9 3
0.5 0.000 0.000 0.000 1 * 1
1.0 0.000 0.000 0.000 1 * 1
1.5 0.248 0.179 0.248 1 * 3
2.0 0.348 0.267 0.348 1 * 4
2.5 0.367 0.328 0.321 1 * 8
3.0 0.527 0.450 0.394 1 * 10
3.5 0.665 0.633 0.696 3 * 12 9 3
4.0 0.744 0.734 0.793 3 * 17 9 3
4.5 0.836 0.836 0.848 3 * 26 9 3
5.0 0.894 0.894 0.899 3 * 27 9 3
5.5 0.938 0.938 0.942 3 * 27 9 3
6.0 0.962 0.962 0.966 3 * 27 9 3
6.5 0.974 0.974 0.976 3 * 27 9 3
7.0 0.983 0.983 0.985 3 * 27 9 3
7.5 0.990 0.990 0.990 3 * 27 9 3
8.0 0.993 0.993 0.993 3 * 27 9 3
8.5 0.995 0.995 0.995 3 * 27 9 3
9.0 0.997 0.997 0.997 3 * 27 9 3
9.5 0.998 0.998 0.998 3 * 27 9 3
10.0 0.999 0.999 0.999 3 * 27 9 3
0.5 0.000 0.000 0.000 1 * 1
1.0 0.006 0.005 0.006 1 * 2
1.5 0.245 0.177 0.245 1 * 3
2.0 0.440 0.319 0.440 1 * 3
2.5 0.387 0.346 0.445 2 * 7 3
3.0 0.605 0.556 0.640 2 * 9 3
3.5 0.675 0.643 0.716 3 * 12 9 3
4.0 0.736 0.736 0.786 3 * 19 9 3
4.5 0.839 0.789 0.859 2 * 26 3
5.0 0.904 0.904 0.914 3 * 27 9 3
5.5 0.942 0.942 0.948 3 * 27 9 3
6.0 0.893 0.893 0.862 3 * 27 9 3
6.5 0.971 0.971 0.972 3 * 27 9 3
7.0 0.987 0.987 0.989 3 * 27 9 3
7.5 0.989 0.989 0.991 3 * 27 9 3
8.0 0.994 0.994 0.994 3 * 27 9 3
8.5 0.995 0.995 0.996 3 * 27 9 3
9.0 0.998 0.998 0.997 3 * 27 9 3
9.5 0.998 0.998 0.999 3 * 27 9 3
10.0 0.999 0.999 1.000 3 * 27 9 3
0.5 -0.000 -0.000 -0.000 1 * 2
1.0 0.000 0.000 0.000 1 * 1
1.5 0.231 0.167 0.231 1 * 3
2.0 0.339 0.254 0.339 1 * 4
2.5 0.398 0.355 0.459 2 * 7 3
3.0 0.604 0.556 0.637 2 * 9 3
3.5 0.683 0.651 0.721 3 * 12 9 3
4.0 0.740 0.740 0.787 3 * 19 9 3
4.5 0.830 0.830 0.848 3 * 25 9 3
5.0 0.905 0.905 0.912 3 * 27 9 3
5.5 0.938 0.938 0.944 3 * 27 9 3
6.0 0.960 0.960 0.964 3 * 27 9 3
6.5 0.974 0.974 0.974 3 * 27 9 3
7.0 0.983 0.983 0.986 3 * 27 9 3
7.5 0.988 0.988 0.988 3 * 27 9 3
8.0 0.992 0.992 0.994 3 * 27 9 3
8.5 0.994 0.994 0.995 3 * 27 9 3
9.0 0.997 0.997 0.998 3 * 27 9 3
9.5 0.998 0.998 0.999 3 * 27 9 3
10.0 0.999 0.999 0.999 3 * 27 9 3
0.5 0.000 0.000 0.000 1 * 1
1.0 0.000 0.000 0.000 1 * 1
1.5 0.238 0.172 0.238 1 * 3
2.0 0.431 0.312 0.431 1 * 3
2.5 0.413 0.369 0.473 2 * 7 3
3.0 0.608 0.559 0.639 2 * 9 3
3.5 0.639 0.536 0.444 1 * 11
4.0 0.731 0.731 0.779 3 * 19 9 3
4.5 0.844 0.844 0.863 3 * 25 9 3
5.0 0.901 0.901 0.908 3 * 27 9 3
5.5 0.937 0.937 0.941 3 * 27 9 3
6.0 0.959 0.959 0.961 3 * 27 9 3
6.5 0.972 0.972 0.972 3 * 27 9 3
7.0 0.981 0.981 0.981 3 * 27 9 3
7.5 0.987 0.987 0.987 3 * 27 9 3
8.0 0.995 0.995 0.996 3 * 27 9 3
8.5 0.995 0.995 0.995 3 * 27 9 3
9.0 0.997 0.997 0.999 3 * 27 9 3
9.5 0.999 0.999 0.998 3 * 27 9 3
10.0 0.999 0.999 1.000 3 * 27 9 3
0.5 0.000 0.000 0.000 1 * 1
1.0 0.000 0.000 0.000 1 * 1
1.5 0.253 0.184 0.253 1 * 3
2.0 0.333 0.251 0.333 1 * 4
2.5 0.439 0.397 0.491 2 * 9 3
3.0 0.597 0.549 0.631 2 * 9 3
3.5 0.632 0.533 0.446 1 * 11
4.0 0.741 0.741 0.789 3 * 19 9 3
4.5 0.850 0.850 0.866 3 * 27 9 3
5.0 0.904 0.904 0.908 3 * 27 9 3
5.5 0.936 0.936 0.939 3 * 27 9 3
6.0 0.956 0.956 0.960 3 * 27 9 3
6.5 0.972 0.972 0.975 3 * 27 9 3
7.0 0.982 0.982 0.984 3 * 27 9 3
7.5 0.990 0.990 0.990 3 * 27 9 3
8.0 0.992 0.992 0.993 3 * 27 9 3
8.5 0.995 0.995 0.996 3 * 27 9 3
9.0 0.996 0.996 0.995 3 * 27 9 3
9.5 0.998 0.998 0.998 3 * 27 9 3
10.0 0.999 0.999 0.999 3 * 27 9 3
0.5 0.000 0.000 0.000 1 * 1
1.0 0.026 0.018 0.026 1 * 2
1.5 0.236 0.171 0.236 1 * 3
2.0 0.433 0.313 0.433 1 * 3
2.5 0.404 0.361 0.463 2 * 7 3
3.0 0.596 0.546 0.636 2 * 9 3
3.5 0.642 0.538 0.445 1 * 11
4.0 0.748 0.748 0.799 3 * 20 9 3
4.5 0.856 0.856 0.872 3 * 27 9 3
5.0 0.902 0.902 0.911 3 * 27 9 3
5.5 0.933 0.933 0.937 3 * 27 9 3
6.0 0.961 0.961 0.964 3 * 27 9 3
6.5 0.974 0.974 0.975 3 * 27 9 3
7.0 0.982 0.982 0.983 3 * 27 9 3
7.5 0.988 0.988 0.988 3 * 27 9 3
8.0 0.993 0.993 0.996 3 * 27 9 3
8.5 0.995 0.995 0.995 3 * 27 9 3
9.0 0.997 0.997 0.998 3 * 27 9 3
9.5 0.998 0.998 1.000 3 * 27 9 3
10.0 0.998 0.998 1.000 3 * 27 9 3
0.5 0.000 0.000 0.000 1 * 1
1.0 0.000 0.000 0.000 1 * 1
1.5 0.241 0.174 0.241 1 * 3
2.0 0.434 0.313 0.434 1 * 3
2.5 0.390 0.344 0.452 2 * 7 3
3.0 0.611 0.562 0.646 2 * 9 3
3.5 0.621 0.525 0.431 1 * 12
4.0 0.745 0.739 0.788 3 * 18 9 3
4.5 0.845 0.845 0.858 3 * 27 9 3
5.0 0.903 0.903 0.910 3 * 27 9 3
5.5 0.933 0.933 0.936 3 * 27 9 3
6.0 0.958 0.958 0.963 3 * 27 9 3
6.5 0.977 0.977 0.980 3 * 27 9 3
7.0 0.984 0.984 0.986 3 * 27 9 3
7.5 0.989 0.989 0.990 3 * 27 9 3
8.0 0.994 0.994 0.995 3 * 27 9 3
8.5 0.995 0.995 0.997 3 * 27 9 3
9.0 0.997 0.997 0.998 3 * 27 9 3
9.5 0.999 0.999 0.999 3 * 27 9 3
10.0 0.999 0.999 0.999 3 * 27 9 3
0.5 0.000 -0.000 -0.000 1 * 2
1.0 0.000 0.000 0.000 1 * 1
1.5 0.257 0.186 0.257 1 * 3
2.0 0.451 0.326 0.451 1 * 3
2.5 0.410 0.369 0.463 2 * 8 3
3.0 0.601 0.552 0.638 2 * 9 3
3.5 0.672 0.640 0.708 3 * 12 9 3
4.0 0.749 0.744 0.796 3 * 18 9 3
4.5 0.834 0.834 0.852 3 * 25 9 3
5.0 0.903 0.903 0.908 3 * 27 9 3
5.5 0.935 0.935 0.940 3 * 27 9 3
6.0 0.959 0.959 0.960 3 * 27 9 3
6.5 0.972 0.972 0.972 3 * 27 9 3
7.0 0.984 0.984 0.986 3 * 27 9 3
7.5 0.986 0.986 0.985 3 * 27 9 3
8.0 0.994 0.994 0.995 3 * 27 9 3
8.5 0.995 0.995 0.995 3 * 27 9 3
9.0 0.997 0.997 0.997 3 * 27 9 3
9.5 0.998 0.998 0.999 3 * 27 9 3
10.0 0.999 0.999 0.999 3 * 27 9 3
0.5 0.000 0.000 0.000 1 * 1
1.0 0.000 0.000 0.000 1 * 1
1.5 0.229 0.166 0.229 1 * 3
2.0 0.457 0.331 0.457 1 * 3
2.5 0.426 0.384 0.480 2 * 8 3
3.0 0.611 0.562 0.642 2 * 9 3
3.5 0.683 0.653 0.721 3 * 13 9 3
4.0 0.734 0.732 0.786 3 * 19 9 3
4.5 0.826 0.780 0.851 2 * 25 3
5.0 0.899 0.899 0.908 3 * 27 9 3
5.5 0.935 0.935 0.943 3 * 27 9 3
6.0 0.955 0.955 0.959 3 * 27 9 3
6.5 0.976 0.976 0.978 3 * 27 9 3
7.0 0.983 0.983 0.984 3 * 27 9 3
7.5 0.986 0.986 0.985 3 * 27 9 3
8.0 0.991 0.991 0.992 3 * 27 9 3
8.5 0.996 0.996 0.996 3 * 27 9 3
9.0 0.997 0.997 0.998 3 * 27 9 3
9.5 0.998 0.998 0.999 3 * 27 9 3
10.0 0.999 0.999 0.999 3 * 27 9 3
0.5 0.000 0.000 0.000 1 * 1
1.0 0.000 0.000 0.000 1 * 1
1.5 0.257 0.186 0.257 1 * 3
2.0 0.341 0.258 0.341 1 * 4
2.5 0.393 0.355 0.437 2 * 8 3
3.0 0.598 0.550 0.634 2 * 9 3
3.5 0.656 0.630 0.685 3 * 14 9 3
4.0 0.746 0.736 0.788 3 * 17 9 3
4.5 0.841 0.841 0.859 3 * 26 9 3
5.0 0.901 0.901 0.910 3 * 27 9 3
5.5 0.938 0.938 0.943 3 * 27 9 3
6.0 0.961 0.961 0.963 3 * 27 9 3
6.5 0.971 0.971 0.974 3 * 27 9 3
7.0 0.982 0.982 0.984 3 * 27 9 3
7.5 0.990 0.990 0.991 3 * 27 9 3
8.0 0.993 0.993 0.994 3 * 27 9 3
8.5 0.996 0.996 0.997 3 * 27 9 3
9.0 0.997 0.997 0.997 3 * 27 9 3
9.5 0.997 0.997 0.997 3 * 27 9 3
10.0 0.999 0.999 1.000 3 * 27 9 3
0.5 0.000 0.000 0.000 1 * 1
1.0 0.000 0.000 0.000 1 * 1
1.5 0.244 0.177 0.244 1 * 3
2.0 0.452 0.327 0.452 1 * 3
2.5 0.452 0.411 0.497 2 * 9 3
3.0 0.596 0.548 0.628 2 * 9 3
3.5 0.660 0.618 0.674 2 * 11 3
4.0 0.738 0.747 0.795 4 * 20 14 9 3
4.5 0.837 0.787 0.860 2 * 26 3
5.0 0.896 0.896 0.903 3 * 27 9 3
5.5 0.937 0.937 0.943 3 * 27 9 3
6.0 0.962 0.962 0.965 3 * 27 9 3
6.5 0.973 0.973 0.974 3 * 27 9 3
7.0 0.982 0.982 0.983 3 * 27 9 3
7.5 0.988 0.988 0.989 3 * 27 9 3
8.0 0.992 0.992 0.993 3 * 27 9 3
8.5 0.994 0.994 0.995 3 * 27 9 3
9.0 0.998 0.998 0.998 3 * 27 9 3
9.5 0.998 0.998 0.998 3 * 27 9 3
10.0 0.999 0.999 1.000 3 * 27 9 3
0.5 0.000 0.000 0.000 1 * 1
1.0 0.000 0.000 0.000 1 * 1
1.5 0.242 0.175 0.242 1 * 3
2.0 0.350 0.265 0.350 1 * 4
2.5 0.421 0.382 0.467 2 * 9 3
3.0 0.610 0.561 0.645 2 * 9 3
3.5 0.661 0.636 0.711 3 * 14 9 3
4.0 0.737 0.736 0.786 3 * 19 9 3
4.5 0.843 0.843 0.861 3 * 26 9 3
5.0 0.905 0.905 0.911 3 * 27 9 3
5.5 0.938 0.938 0.941 3 * 27 9 3
6.0 0.961 0.961 0.963 3 * 27 9 3
6.5 0.973 0.973 0.975 3 * 27 9 3
7.0 0.982 0.982 0.982 3 * 27 9 3
7.5 0.988 0.988 0.989 3 * 27 9 3
8.0 0.995 0.995 0.996 3 * 27 9 3
8.5 0.996 0.996 0.995 3 * 27 9 3
9.0 0.997 0.997 0.997 3 * 27 9 3
9.5 0.998 0.998 0.998 3 * 27 9 3
10.0 0.997 0.997 0.997 3 * 27 9 3
0.5 0.000 0.000 0.000 1 * 1
1.0 0.000 0.000 0.000 1 * 1
1.5 0.241 0.175 0.241 1 * 3
2.0 0.440 0.319 0.440 1 * 3
2.5 0.412 0.368 0.472 2 * 7 3
3.0 0.613 0.563 0.649 2 * 9 3
3.5 0.673 0.644 0.720 3 * 13 9 3
4.0 0.738 0.733 0.788 3 * 18 9 3
4.5 0.830 0.830 0.846 3 * 25 9 3
5.0 0.901 0.901 0.908 3 * 27 9 3
5.5 0.938 0.938 0.942 3 * 27 9 3
6.0 0.960 0.960 0.962 3 * 27 9 3
6.5 0.903 0.855 0.877 2 * 27 3
7.0 0.982 0.982 0.982 3 * 27 9 3
7.5 0.990 0.990 0.992 3 * 27 9 3
8.0 0.994 0.994 0.995 3 * 27 9 3
8.5 0.997 0.997 0.996 3 * 27 9 3
9.0 0.996 0.996 0.997 3 * 27 9 3
9.5 0.998 0.998 0.999 3 * 27 9 3
10.0 0.999 0.999 0.999 3 * 27 9 3
0.5 0.000 0.000 0.000 1 * 1
1.0 0.000 0.000 0.000 1 * 1
1.5 0.225 0.164 0.225 1 * 3
2.0 0.421 0.304 0.421 1 * 3
2.5 0.409 0.369 0.459 2 * 8 3
3.0 0.616 0.566 0.648 2 * 9 3
3.5 0.631 0.534 0.436 1 * 12
4.0 0.745 0.740 0.792 3 * 18 9 3
4.5 0.848 0.848 0.862 3 * 26 9 3
5.0 0.906 0.906 0.915 3 * 27 9 3
5.5 0.934 0.934 0.939 3 * 27 9 3
6.0 0.959 0.959 0.964 3 * 27 9 3
6.5 0.974 0.974 0.977 3 * 27 9 3
7.0 0.984 0.984 0.987 3 * 27 9 3
7.5 0.990 0.990 0.992 3 * 27 9 3
8.0 0.992 0.992 0.993 3 * 27 9 3
8.5 0.997 0.997 0.998 3 * 27 9 3
9.0 0.997 0.997 0.997 3 * 27 9 3
9.5 0.998 0.998 0.997 3 * 27 9 3
10.0 0.999 0.999 1.000 3 * 27 9 3
0.5 0.000 0.000 0.000 1 * 1
1.0 0.047 0.034 0.047 1 * 3
1.5 0.259 0.188 0.259 1 * 3
2.0 0.343 0.260 0.343 1 * 4
2.5 0.397 0.353 0.459 2 * 7 3
3.0 0.584 0.536 0.621 2 * 9 3
3.5 0.669 0.640 0.714 3 * 13 9 3
4.0 0.745 0.744 0.793 3 * 19 9 3
4.5 0.838 0.789 0.858 2 * 26 3
5.0 0.900 0.900 0.904 3 * 27 9 3
5.5 0.936 0.936 0.941 3 * 27 9 3
6.0 0.960 0.960 0.964 3 * 27 9 3
6.5 0.975 0.975 0.979 3 * 27 9 3
7.0 0.980 0.980 0.980 3 * 27 9 3
7.5 0.989 0.989 0.991 3 * 27 9 3
8.0 0.993 0.993 0.994 3 * 27 9 3
8.5 0.995 0.995 0.995 3 * 27 9 3
9.0 0.996 0.996 0.997 3 * 27 9 3
9.5 0.999 0.999 1.000 3 * 27 9 3
10.0 0.998 0.998 0.999 3 * 27 9 3
0.5 0.000 0.000 0.000 1 * 1
1.0 0.000 0.000 0.000 1 * 1
1.5 0.262 0.190 0.262 1 * 3
2.0 0.440 0.318 0.440 1 * 3
2.5 0.401 0.356 0.465 2 * 7 3
3.0 0.600 0.552 0.635 2 * 9 3
3.5 0.659 0.631 0.689 3 * 13 9 3
4.0 0.746 0.746 0.791 3 * 20 9 3
4.5 0.847 0.847 0.857 3 * 27 9 3
5.0 0.897 0.897 0.905 3 * 27 9 3
5.5 0.939 0.939 0.947 3 * 27 9 3
6.0 0.962 0.962 0.966 3 * 27 9 3
6.5 0.972 0.972 0.974 3 * 27 9 3
7.0 0.983 0.983 0.986 3 * 27 9 3
7.5 0.991 0.991 0.992 3 * 27 9 3
8.0 0.994 0.994 0.995 3 * 27 9 3
8.5 0.996 0.996 0.996 3 * 27 9 3
9.0 0.997 0.997 0.998 3 * 27 9 3
9.5 0.998 0.998 0.999 3 * 27 9 3
10.0 0.999 0.999 0.999 3 * 27 9 3
0.5 0.000 0.000 0.000 1 * 1
1.0 0.000 0.000 0.000 1 * 1
1.5 0.257 0.186 0.257 1 * 3
2.0 0.280 0.221 0.280 1 * 5
2.5 0.416 0.373 0.474 2 * 8 3
3.0 0.614 0.565 0.647 2 * 9 3
3.5 0.681 0.645 0.712 3 * 11 9 3
4.0 0.755 0.750 0.804 3 * 18 9 3
4.5 0.848 0.848 0.864 3 * 26 9 3
5.0 0.904 0.904 0.913 3 * 27 9 3
5.5 0.935 0.935 0.941 3 * 27 9 3
6.0 0.960 0.960 0.965 3 * 27 9 3
6.5 0.976 0.976 0.978 3 * 27 9 3
7.0 0.980 0.980 0.982 3 * 27 9 3
7.5 0.991 0.991 0.992 3 * 27 9 3
8.0 0.991 0.991 0.992 3 * 27 9 3
8.5 0.995 0.995 0.995 3 * 27 9 3
9.0 0.997 0.997 0.996 3 * 27 9 3
9.5 0.998 0.998 0.999 3 * 27 9 3
10.0 0.999 0.999 0.999 3 * 27 9 3
0.5 -0.000 -0.000 -0.000 1 * 2
1.0 0.000 0.000 0.000 1 * 1
1.5 0.238 0.173 0.238 1 * 3
2.0 0.441 0.318 0.441 1 * 3
2.5 0.380 0.340 0.432 2 * 7 3
3.0 0.605 0.556 0.641 2 * 9 3
3.5 0.680 0.647 0.717 3 * 12 9 3
4.0 0.743 0.743 0.794 3 * 19 9 3
4.5 0.842 0.842 0.854 3 * 27 9 3
5.0 0.901 0.901 0.909 3 * 27 9 3
5.5 0.934 0.934 0.941 3 * 27 9 3
6.0 0.959 0.959 0.964 3 * 27 9 3
6.5 0.977 0.977 0.982 3 * 27 9 3
7.0 0.983 0.983 0.984 3 * 27 9 3
7.5 0.990 0.990 0.992 3 * 27 9 3
8.0 0.994 0.994 0.996 3 * 27 9 3
8.5 0.995 0.995 0.996 3 * 27 9 3
9.0 0.997 0.997 0.998 3 * 27 9 3
9.5 0.997 0.997 0.996 3 * 27 9 3
10.0 0.999 0.999 0.999 3 * 27 9 3
0.5 0.000 0.000 0.000 1 * 1
1.0 0.000 0.000 0.000 1 * 1
1.5 0.264 0.191 0.264 1 * 3
2.0 0.340 0.257 0.340 1 * 4
2.5 0.421 0.376 0.485 2 * 7 3
3.0 0.610 0.560 0.645 2 * 9 3
3.5 0.669 0.640 0.707 3 * 13 9 3
4.0 0.742 0.742 0.794 3 * 19 9 3
4.5 0.845 0.845 0.861 3 * 26 9 3
5.0 0.903 0.903 0.909 3 * 27 9 3
5.5 0.934 0.934 0.937 3 * 27 9 3
6.0 0.959 0.959 0.961 3 * 27 9 3
6.5 0.969 0.969 0.971 3 * 27 9 3
7.0 0.981 0.981 0.982 3 * 27 9 3
7.5 0.990 0.990 0.992 3 * 27 9 3
8.0 0.991 0.991 0.991 3 * 27 9 3
8.5 0.996 0.996 0.997 3 * 27 9 3
9.0 0.997 0.997 0.997 3 * 27 9 3
9.5 0.997 0.997 0.998 3 * 27 9 3
10.0 0.998 0.998 0.998 3 * 27 9 3
0.5 0.000 0.000 0.000 1 * 1
1.0 0.000 0.000 0.000 1 * 1
1.5 0.229 0.166 0.229 1 * 3
2.0 0.346 0.262 0.346 1 * 4
2.5 0.346 0.318 0.334 1 * 7
3.0 0.610 0.559 0.650 2 * 9 3
3.5 0.659 0.626 0.692 3 * 12 9 3
4.0 0.751 0.746 0.803 3 * 18 9 3
4.5 0.844 0.844 0.864 3 * 26 9 3
5.0 0.905 0.905 0.915 3 * 27 9 3
5.5 0.934 0.934 0.938 3 * 27 9 3
6.0 0.961 0.961 0.964 3 * 27 9 3
6.5 0.974 0.974 0.977 3 * 27 9 3
7.0 0.984 0.984 0.985 3 * 27 9 3
7.5 0.989 0.989 0.989 3 * 27 9 3
8.0 0.992 0.992 0.990 3 * 27 9 3
8.5 0.997 0.997 0.998 3 * 27 9 3
9.0 0.997 0.997 0.997 3 * 27 9 3
9.5 0.997 0.997 0.998 3 * 27 9 3
10.0 0.999 0.999 0.999 3 * 27 9 3
0.5 0.000 0.000 0.000 1 * 1
1.0 0.000 0.000 0.000 1 * 1
1.5 0.258 0.187 0.258 1 * 3
2.0 0.341 0.263 0.341 1 * 4
2.5 0.398 0.357 0.454 2 * 7 3
3.0 0.591 0.542 0.629 2 * 9 3
3.5 0.678 0.645 0.716 3 * 12 9 3
4.0 0.743 0.743 0.794 3 * 19 9 3
4.5 0.842 0.842 0.859 3 * 26 9 3
5.0 0.898 0.898 0.903 3 * 27 9 3
5.5 0.934 0.934 0.942 3 * 27 9 3
6.0 0.957 0.957 0.962 3 * 27 9 3
6.5 0.970 0.970 0.971 3 * 27 9 3
7.0 0.983 0.983 0.984 3 * 27 9 3
7.5 0.988 0.988 0.990 3 * 27 9 3
8.0 0.991 0.991 0.990 3 * 27 9 3
8.5 0.995 0.995 0.997 3 * 27 9 3
9.0 0.996 0.996 0.997 3 * 27 9 3
9.5 0.998 0.998 0.998 3 * 27 9 3
10.0 0.999 0.999 1.000 3 * 27 9 3
0.5 0.000 0.000 0.000 1 * 1
1.0 0.000 0.000 0.000 1 * 1
1.5 0.242 0.175 0.242 1 * 3
2.0 0.339 0.255 0.339 1 * 4
2.5 0.428 0.385 0.482 2 * 8 3
3.0 0.544 0.506 0.556 2 * 10 3
3.5 0.660 0.627 0.684 3 * 12 9 3
4.0 0.744 0.743 0.794 3 * 19 9 3
4.5 0.854 0.854 0.867 3 * 27 9 3
5.0 0.903 0.903 0.908 3 * 27 9 3
5.5 0.939 0.939 0.943 3 * 27 9 3
6.0 0.960 0.960 0.962 3 * 27 9 3
6.5 0.975 0.975 0.977 3 * 27 9 3
7.0 0.919 0.919 0.886 3 * 28 9 3
7.5 0.989 0.989 0.990 3 * 27 9 3
8.0 0.994 0.994 0.995 3 * 27 9 3
8.5 0.995 0.995 0.996 3 * 27 9 3
9.0 0.997 0.997 0.996 3 * 27 9 3
9.5 0.998 0.998 0.999 3 * 27 9 3
10.0 0.998 0.998 0.999 3 * 27 9 3
0.5 0.000 0.000 0.000 1 * 1
1.0 0.000 0.000 0.000 1 * 1
1.5 0.248 0.180 0.248 1 * 3
2.0 0.333 0.254 0.333 1 * 4
2.5 0.408 0.364 0.470 2 * 7 3
3.0 0.601 0.554 0.634 2 * 9 3
3.5 0.672 0.641 0.708 3 * 12 9 3
4.0 0.734 0.728 0.785 3 * 18 9 3
4.5 0.836 0.836 0.848 3 * 26 9 3
5.0 0.894 0.894 0.903 3 * 27 9 3
5.5 0.933 0.933 0.936 3 * 27 9 3
6.0 0.964 0.964 0.968 3 * 27 9 3
6.5 0.973 0.973 0.974 3 * 27 9 3
7.0 0.982 0.982 0.983 3 * 27 9 3
7.5 0.990 0.990 0.991 3 * 27 9 3
8.0 0.994 0.994 0.996 3 * 27 9 3
8.5 0.995 0.995 0.997 3 * 27 9 3
9.0 0.997 0.997 0.998 3 * 27 9 3
9.5 0.998 0.998 0.999 3 * 27 9 3
10.0 0.998 0.998 0.998 3 * 27 9 3
0.5 0.000 0.000 0.000 1 * 1
1.0 0.000 0.000 0.000 1 * 1
1.5 0.237 0.172 0.237 1 * 3
2.0 0.355 0.267 0.355 1 * 4
2.5 0.416 0.371 0.478 2 * 7 3
3.0 0.551 0.514 0.559 2 * 10 3
3.5 0.680 0.647 0.717 3 * 12 9 3
4.0 0.747 0.747 0.795 3 * 20 9 3
4.5 0.837 0.837 0.853 3 * 26 9 3
5.0 0.905 0.905 0.916 3 * 27 9 3
5.5 0.938 0.938 0.942 3 * 27 9 3
6.0 0.958 0.958 0.960 3 * 27 9 3
6.5 0.972 0.972 0.975 3 * 27 9 3
7.0 0.982 0.982 0.984 3 * 27 9 3
7.5 0.990 0.990 0.992 3 * 27 9 3
8.0 0.991 0.991 0.990 3 * 27 9 3
8.5 0.995 0.995 0.995 3 * 27 9 3
9.0 0.998 0.998 0.999 3 * 27 9 3
9.5 0.998 0.998 0.998 3 * 27 9 3
10.0 0.999 0.999 0.999 3 * 27 9 3
0.5 0.000 0.000 0.000 1 * 1
1.0 0.000 0.000 0.000 1 * 1
1.5 0.243 0.176 0.243 1 * 3
2.0 0.441 0.319 0.441 1 * 3
2.5 0.411 0.351 0.462 2 * 6 3
3.0 0.608 0.559 0.644 2 * 9 3
3.5 0.641 0.541 0.440 1 * 12
4.0 0.730 0.709 0.791 2 * 19 3
4.5 0.848 0.848 0.863 3 * 26 9 3
5.0 0.906 0.906 0.913 3 * 27 9 3
5.5 0.940 0.940 0.947 3 * 27 9 3
6.0 0.958 0.958 0.960 3 * 27 9 3
6.5 0.974 0.974 0.976 3 * 27 9 3
7.0 0.985 0.985 0.986 3 * 27 9 3
7.5 0.990 0.990 0.991 3 * 27 9 3
8.0 0.991 0.991 0.991 3 * 27 9 3
8.5 0.994 0.994 0.995 3 * 27 9 3
9.0 0.997 0.997 0.998 3 * 27 9 3
9.5 0.998 0.998 0.999 3 * 27 9 3
10.0 0.998 0.998 0.999 3 * 27 9 3
0.5 0.000 0.000 0.000 1 * 1
1.0 0.000 0.000 0.000 1 * 1
1.5 0.250 0.181 0.250 1 * 3
2.0 0.279 0.212 0.279 1 * 5
2.5 0.417 0.370 0.483 2 * 7 3
3.0 0.602 0.554 0.636 2 * 9 3
3.5 0.681 0.649 0.717 3 * 12 9 3
4.0 0.728 0.725 0.778 3 * 18 9 3
4.5 0.849 0.849 0.864 3 * 26 9 3
5.0 0.907 0.907 0.910 3 * 27 9 3
5.5 0.936 0.936 0.943 3 * 27 9 3
6.0 0.960 0.960 0.964 3 * 27 9 3
6.5 0.974 0.974 0.975 3 * 27 9 3
7.0 0.983 0.983 0.984 3 * 27 9 3
7.5 0.989 0.989 0.989 3 * 27 9 3
8.0 0.991 0.991 0.991 3 * 27 9 3
8.5 0.994 0.994 0.994 3 * 27 9 3
9.0 0.997 0.997 0.997 3 * 27 9 3
9.5 0.999 0.999 0.999 3 * 27 9 3
10.0 0.998 0.998 0.999 3 * 27 9 3
0.5 0.000 0.000 0.000 1 * 1
1.0 0.013 0.010 0.013 1 * 2
1.5 0.274 0.198 0.274 1 * 3
2.0 0.341 0.262 0.341 1 * 4
2.5 0.419 0.376 0.477 2 * 7 3
3.0 0.603 0.556 0.633 2 * 9 3
3.5 0.652 0.614 0.663 2 * 12 3
4.0 0.746 0.746 0.786 3 * 20 9 3
4.5 0.840 0.840 0.855 3 * 26 9 3
5.0 0.898 0.898 0.904 3 * 27 9 3
5.5 0.939 0.939 0.941 3 * 27 9 3
6.0 0.958 0.958 0.960 3 * 27 9 3
6.5 0.971 0.971 0.971 3 * 27 9 3
7.0 0.982 0.982 0.984 3 * 27 9 3
7.5 0.988 0.988 0.989 3 * 27 9 3
8.0 0.992 0.992 0.991 3 * 27 9 3
8.5 0.994 0.994 0.994 3 * 27 9 3
9.0 0.997 0.997 0.997 3 * 27 9 3
9.5 0.998 0.998 0.998 3 * 27 9 3
10.0 0.999 0.999 0.999 3 * 27 9 3
0.5 0.000 0.000 0.000 1 * 1
1.0 0.000 0.000 0.000 1 * 1
1.5 0.264 0.191 0.264 1 * 3
2.0 0.342 0.257 0.342 1 * 4
2.5 0.393 0.354 0.444 2 * 8 3
3.0 0.600 0.551 0.635 2 * 9 3
3.5 0.689 0.656 0.730 3 * 12 9 3
4.0 0.751 0.751 0.802 3 * 19 9 3
4.5 0.833 0.786 0.857 2 * 25 3
5.0 0.900 0.900 0.904 3 * 27 9 3
5.5 0.935 0.935 0.941 3 * 27 9 3
6.0 0.959 0.959 0.962 3 * 27 9 3
6.5 0.975 0.975 0.977 3 * 27 9 3
7.0 0.980 0.980 0.981 3 * 27 9 3
7.5 0.989 0.989 0.988 3 * 27 9 3
8.0 0.993 0.993 0.996 3 * 27 9 3
8.5 0.994 0.994 0.995 3 * 27 9 3
9.0 0.997 0.997 0.997 3 * 27 9 3
9.5 0.998 0.998 0.999 3 * 27 9 3
10.0 0.999 0.999 0.999 3 * 27 9 3
0.5 0.000 0.000 0.000 1 * 1
1.0 0.000 0.000 0.000 1 * 1
1.5 0.242 0.175 0.242 1 * 3
2.0 0.341 0.261 0.341 1 * 4
2.5 0.435 0.368 0.494 2 * 6 3
3.0 0.545 0.463 0.401 1 * 10
3.5 0.642 0.604 0.658 2 * 12 3
4.0 0.751 0.751 0.801 3 * 19 9 3
4.5 0.836 0.836 0.851 3 * 26 9 3
5.0 0.898 0.898 0.904 3 * 27 9 3
5.5 0.937 0.937 0.942 3 * 27 9 3
6.0 0.959 0.959 0.963 3 * 27 9 3
6.5 0.975 0.975 0.978 3 * 27 9 3
7.0 0.984 0.984 0.986 3 * 27 9 3
7.5 0.987 0.987 0.987 3 * 27 9 3
8.0 0.992 0.992 0.992 3 * 27 9 3
8.5 0.995 0.995 0.995 3 * 27 9 3
9.0 0.997 0.997 0.997 3 * 27 9 3
9.5 0.998 0.998 0.998 3 * 27 9 3
10.0 0.999 0.999 0.999 3 * 27 9 3
0.5 0.000 0.000 0.000 1 * 1
1.0 0.000 0.000 0.000 1 * 1
1.5 0.228 0.165 0.228 1 * 3
2.0 0.451 0.326 0.451 1 * 3
2.5 0.407 0.365 0.465 2 * 8 3
3.0 0.600 0.552 0.634 2 * 9 3
3.5 0.658 0.619 0.681 2 * 12 3
4.0 0.744 0.716 0.797 2 * 21 3
4.5 0.836 0.836 0.851 3 * 26 9 3
5.0 0.910 0.910 0.921 3 * 27 9 3
5.5 0.936 0.936 0.941 3 * 27 9 3
6.0 0.958 0.958 0.962 3 * 27 9 3
6.5 0.974 0.974 0.976 3 * 27 9 3
7.0 0.985 0.985 0.988 3 * 27 9 3
7.5 0.989 0.989 0.991 3 * 27 9 3
8.0 0.992 0.992 0.992 3 * 27 9 3
8.5 0.994 0.994 0.993 3 * 27 9 3
9.0 0.996 0.996 0.997 3 * 27 9 3
9.5 0.997 0.997 0.997 3 * 27 9 3
10.0 0.998 0.998 0.999 3 * 27 9 3
0.5 0.000 0.000 0.000 1 * 2
1.0 0.000 0.000 0.000 1 * 1
1.5 0.232 0.169 0.232 1 * 3
2.0 0.331 0.250 0.331 1 * 4
2.5 0.416 0.375 0.469 2 * 8 3
3.0 0.608 0.560 0.640 2 * 9 3
3.5 0.683 0.654 0.722 3 * 13 9 3
4.0 0.740 0.740 0.790 3 * 19 9 3
4.5 0.841 0.841 0.854 3 * 26 9 3
5.0 0.900 0.900 0.909 3 * 27 9 3
5.5 0.938 0.938 0.942 3 * 27 9 3
6.0 0.960 0.960 0.964 3 * 27 9 3
6.5 0.971 0.971 0.973 3 * 27 9 3
7.0 0.984 0.984 0.987 3 * 27 9 3
7.5 0.988 0.988 0.987 3 * 27 9 3
8.0 0.994 0.994 0.995 3 * 27 9 3
8.5 0.997 0.997 0.998 3 * 27 9 3
9.0 0.997 0.997 0.997 3 * 27 9 3
9.5 0.998 0.998 0.998 3 * 27 9 3
10.0 0.999 0.999 1.000 3 * 27 9 3
0.5 0.000 0.000 0.000 1 * 2
1.0 0.000 0.000 0.000 1 * 1
1.5 0.253 0.183 0.253 1 * 3
2.0 0.457 0.330 0.457 1 * 3
2.5 0.413 0.371 0.468 2 * 8 3
3.0 0.597 0.550 0.627 2 * 9 3
3.5 0.696 0.659 0.733 3 * 11 9 3
4.0 0.748 0.745 0.797 3 * 18 9 3
4.5 0.839 0.839 0.852 3 * 26 9 3
5.0 0.904 0.904 0.915 3 * 27 9 3
5.5 0.937 0.937 0.940 3 * 27 9 3
6.0 0.960 0.960 0.966 3 * 27 9 3
6.5 0.974 0.974 0.974 3 * 27 9 3
7.0 0.982 0.982 0.985 3 * 27 9 3
7.5 0.989 0.989 0.989 3 * 27 9 3
8.0 0.992 0.992 0.995 3 * 27 9 3
8.5 0.996 0.996 0.997 3 * 27 9 3
9.0 0.996 0.996 0.996 3 * 27 9 3
9.5 0.998 0.998 0.999 3 * 27 9 3
10.0 0.999 0.999 0.999 3 * 27 9 3
0.5 0.000 0.000 0.000 1 * 1
1.0 0.016 0.012 0.016 1 * 2
1.5 0.252 0.183 0.252 1 * 3
2.0 0.430 0.311 0.430 1 * 3
2.5 0.395 0.355 0.446 2 * 8 3
3.0 0.588 0.541 0.623 2 * 9 3
3.5 0.667 0.640 0.713 3 * 13 9 3
4.0 0.751 0.746 0.795 3 * 18 9 3
4.5 0.836 0.836 0.849 3 * 26 9 3
5.0 0.896 0.896 0.902 3 * 27 9 3
5.5 0.932 0.932 0.936 3 * 27 9 3
6.0 0.961 0.961 0.965 3 * 27 9 3
6.5 0.973 0.973 0.974 3 * 27 9 3
7.0 0.981 0.981 0.981 3 * 27 9 3
7.5 0.987 0.987 0.987 3 * 27 9 3
8.0 0.994 0.994 0.996 3 * 27 9 3
8.5 0.996 0.996 0.997 3 * 27 9 3
9.0 0.998 0.998 0.999 3 * 27 9 3
9.5 0.999 0.999 0.999 3 * 27 9 3
10.0 0.999 0.999 1.000 3 * 27 9 3
0.5 0.000 0.000 0.000 1 * 1
1.0 0.000 0.000 0.000 1 * 1
1.5 0.259 0.187 0.259 1 * 3
2.0 0.440 0.319 0.440 1 * 3
2.5 0.422 0.360 0.478 2 * 6 3
3.0 0.615 0.567 0.645 2 * 9 3
3.5 0.679 0.649 0.716 3 * 13 9 3
4.0 0.741 0.741 0.792 3 * 19 9 3
4.5 0.854 0.854 0.871 3 * 26 9 3
5.0 0.902 0.902 0.911 3 * 27 9 3
5.5 0.935 0.935 0.940 3 * 27 9 3
6.0 0.962 0.962 0.968 3 * 27 9 3
6.5 0.978 0.978 0.978 3 * 27 9 3
7.0 0.980 0.980 0.981 3 * 27 9 3
7.5 0.987 0.987 0.986 3 * 27 9 3
8.0 0.993 0.993 0.993 3 * 27 9 3
8.5 0.995 0.995 0.996 3 * 27 9 3
9.0 0.997 0.997 0.997 3 * 27 9 3
9.5 0.998 0.998 0.998 3 * 27 9 3
10.0 0.999 0.999 0.999 3 * 27 9 3
0.5 0.000 0.000 0.000 1 * 1
1.0 0.000 0.000 0.000 1 * 1
1.5 0.261 0.189 0.261 1 * 3
2.0 0.330 0.249 0.330 1 * 4
2.5 0.410 0.369 0.462 2 * 8 3
3.0 0.606 0.557 0.641 2 * 9 3
3.5 0.682 0.652 0.725 3 * 13 9 3
4.0 0.713 0.713 0.785 3 * 19 7 3
4.5 0.855 0.855 0.867 3 * 27 9 3
5.0 0.901 0.901 0.906 3 * 27 9 3
5.5 0.940 0.940 0.944 3 * 27 9 3
6.0 0.959 0.959 0.963 3 * 27 9 3
6.5 0.975 0.975 0.978 3 * 27 9 3
7.0 0.982 0.982 0.983 3 * 27 9 3
7.5 0.989 0.989 0.991 3 * 27 9 3
8.0 0.993 0.993 0.994 3 * 27 9 3
8.5 0.994 0.994 0.995 3 * 27 9 3
9.0 0.997 0.997 0.997 3 * 27 9 3
9.5 0.998 0.998 0.998 3 * 27 9 3
10.0 0.999 0.999 0.999 3 * 27 9 3
0.5 0.000 0.000 0.000 1 * 1
1.0 0.000 0.000 0.000 1 * 1
1.5 0.243 0.176 0.243 1 * 3
2.0 0.442 0.320 0.442 1 * 3
2.5 0.396 0.354 0.455 2 * 7 3
3.0 0.604 0.557 0.634 2 * 9 3
3.5 0.683 0.651 0.722 3 * 12 9 3
4.0 0.739 0.732 0.785 3 * 17 9 3
4.5 0.833 0.833 0.850 3 * 26 9 3
5.0 0.893 0.893 0.900 3 * 27 9 3
5.5 0.933 0.933 0.939 3 * 27 9 3
6.0 0.961 0.961 0.964 3 * 27 9 3
6.5 0.976 0.976 0.979 3 * 27 9 3
7.0 0.985 0.985 0.986 3 * 27 9 3
7.5 0.989 0.989 0.991 3 * 27 9 3
8.0 0.992 0.992 0.993 3 * 27 9 3
8.5 0.996 0.996 0.996 3 * 27 9 3
9.0 0.997 0.997 0.998 3 * 27 9 3
9.5 0.997 0.997 0.997 3 * 27 9 3
10.0 0.999 0.999 0.999 3 * 27 9 3
0.5 0.000 0.000 0.000 1 * 1
1.0 0.000 0.000 0.000 1 * 1
1.5 0.245 0.178 0.245 1 * 3
2.0 0.450 0.326 0.450 1 * 3
2.5 0.407 0.364 0.468 2 * 8 3
3.0 0.599 0.551 0.632 2 * 9 3
3.5 0.655 0.627 0.693 3 * 13 9 3
4.0 0.732 0.732 0.781 3 * 19 9 3
4.5 0.849 0.849 0.866 3 * 26 9 3
5.0 0.903 0.903 0.909 3 * 27 9 3
5.5 0.939 0.939 0.945 3 * 27 9 3
6.0 0.961 0.961 0.970 3 * 27 9 3
6.5 0.973 0.973 0.976 3 * 27 9 3
7.0 0.983 0.983 0.984 3 * 27 9 3
7.5 0.989 0.989 0.991 3 * 27 9 3
8.0 0.994 0.994 0.994 3 * 27 9 3
8.5 0.996 0.996 0.997 3 * 27 9 3
9.0 0.997 0.997 0.997 3 * 27 9 3
9.5 0.998 0.998 0.998 3 * 27 9 3
10.0 0.999 0.999 0.999 3 * 27 9 3
0.5 0.000 0.000 0.000 1 * 1
1.0 0.016 0.012 0.016 1 * 2
1.5 0.237 0.171 0.237 1 * 3
2.0 0.444 0.321 0.444 1 * 3
2.5 0.398 0.357 0.451 2 * 7 3
3.0 0.615 0.567 0.644 2 * 9 3
3.5 0.679 0.649 0.722 3 * 13 9 3
4.0 0.738 0.738 0.775 3 * 20 9 3
4.5 0.835 0.785 0.851 2 * 26 3
5.0 0.902 0.902 0.912 3 * 27 9 3
5.5 0.938 0.938 0.940 3 * 27 9 3
6.0 0.961 0.961 0.964 3 * 27 9 3
6.5 0.975 0.975 0.979 3 * 27 9 3
7.0 0.982 0.982 0.983 3 * 27 9 3
7.5 0.988 0.988 0.989 3 * 27 9 3
8.0 0.991 0.991 0.991 3 * 27 9 3
8.5 0.994 0.994 0.994 3 * 27 9 3
9.0 0.997 0.997 0.997 3 * 27 9 3
9.5 0.998 0.998 0.998 3 * 27 9 3
10.0 0.999 0.999 0.999 3 * 27 9 3
0.5 0.000 0.000 0.000 1 * 1
1.0 0.000 0.000 0.000 1 * 1
1.5 0.249 0.180 0.249 1 * 3
2.0 0.445 0.322 0.445 1 * 3
2.5 0.365 0.331 0.334 1 * 8
3.0 0.606 0.557 0.643 2 * 9 3
3.5 0.670 0.641 0.714 3 * 13 9 3
4.0 0.741 0.741 0.790 3 * 20 9 3
4.5 0.849 0.849 0.863 3 * 27 9 3
5.0 0.899 0.899 0.903 3 * 27 9 3
5.5 0.934 0.934 0.941 3 * 27 9 3
6.0 0.958 0.958 0.959 3 * 27 9 3
6.5 0.975 0.975 0.978 3 * 27 9 3
7.0 0.982 0.982 0.984 3 * 27 9 3
7.5 0.988 0.988 0.989 3 * 27 9 3
8.0 0.993 0.993 0.995 3 * 27 9 3
8.5 0.995 0.995 0.997 3 * 27 9 3
9.0 0.997 0.997 0.997 3 * 27 9 3
9.5 0.998 0.998 0.998 3 * 27 9 3
10.0 0.998 0.998 0.999 3 * 27 9 3
