0.5 0.000 0.000 0.000 1 * 1
1.0 0.008 0.007 0.006 1 * 2
1.5 0.259 0.211 0.180 1 * 3
2.0 0.458 0.373 0.317 1 * 3
2.5 0.446 0.431 0.403 2 * 3 5
3.0 0.609 0.593 0.559 2 * 3 5
3.5 0.662 0.644 0.608 2 * 3 6
4.0 0.758 0.745 0.736 2 * 3 6
4.5 0.834 0.834 0.826 3 * 3 5 7
5.0 0.889 0.889 0.886 3 * 3 5 7
5.5 0.917 0.917 0.918 3 * 3 5 7
6.0 0.944 0.944 0.944 3 * 3 5 7
6.5 0.956 0.956 0.955 3 * 3 5 7
7.0 0.958 0.958 0.959 3 * 3 5 7
7.5 0.970 0.970 0.971 3 * 3 5 7
8.0 0.977 0.977 0.977 3 * 3 5 7
8.5 0.982 0.982 0.982 3 * 3 5 7
9.0 0.982 0.982 0.983 3 * 3 5 7
9.5 0.986 0.986 0.986 3 * 3 5 7
10.0 0.988 0.988 0.989 3 * 3 5 7
0.5 0.000 0.000 0.000 1 * 1
1.0 0.000 0.000 0.000 1 * 1
1.5 0.251 0.204 0.174 1 * 3
2.0 0.452 0.368 0.313 1 * 3
2.5 0.438 0.423 0.404 1 * 4
3.0 0.585 0.568 0.535 2 * 3 5
3.5 0.740 0.720 0.680 2 * 3 5
4.0 0.767 0.755 0.744 2 * 3 6
4.5 0.846 0.846 0.841 3 * 3 5 7
5.0 0.892 0.892 0.891 3 * 3 5 7
5.5 0.926 0.926 0.924 3 * 3 5 7
6.0 0.936 0.936 0.937 3 * 3 5 7
6.5 0.955 0.955 0.956 3 * 3 5 7
7.0 0.963 0.963 0.964 3 * 3 5 7
7.5 0.973 0.973 0.974 3 * 3 5 7
8.0 0.979 0.979 0.979 3 * 3 5 7
8.5 0.979 0.979 0.980 3 * 3 5 7
9.0 0.986 0.986 0.987 3 * 3 5 7
9.5 0.989 0.989 0.990 3 * 3 5 7
10.0 0.990 0.990 0.990 3 * 3 5 7
0.5 0.000 0.000 0.000 1 * 1
1.0 0.000 0.000 0.000 1 * 1
1.5 0.259 0.211 0.179 1 * 3
2.0 0.437 0.356 0.303 1 * 3
2.5 0.445 0.430 0.399 2 * 3 5
3.0 0.629 0.612 0.578 2 * 3 5
3.5 0.723 0.704 0.666 2 * 3 5
4.0 0.775 0.762 0.749 2 * 3 6
4.5 0.847 0.847 0.839 3 * 3 5 7
5.0 0.882 0.882 0.879 3 * 3 5 7
5.5 0.916 0.916 0.916 3 * 3 5 7
6.0 0.936 0.936 0.936 3 * 3 5 7
6.5 0.949 0.949 0.950 3 * 3 5 7
7.0 0.968 0.968 0.969 3 * 3 5 7
7.5 0.969 0.969 0.969 3 * 3 5 7
8.0 0.974 0.974 0.975 3 * 3 5 7
8.5 0.983 0.983 0.983 3 * 3 5 7
9.0 0.986 0.986 0.986 3 * 3 5 7
9.5 0.989 0.989 0.989 3 * 3 5 7
10.0 0.989 0.989 0.989 3 * 3 5 7
0.5 0.000 0.000 0.000 1 * 1
1.0 0.000 0.000 0.000 1 * 1
1.5 0.238 0.194 0.165 1 * 3
2.0 0.447 0.364 0.310 1 * 3
2.5 0.445 0.431 0.404 2 * 3 5
3.0 0.609 0.592 0.559 2 * 3 5
3.5 0.721 0.702 0.664 2 * 3 5
4.0 0.700 0.673 0.643 2 * 3 7
4.5 0.836 0.836 0.825 3 * 3 5 7
5.0 0.891 0.891 0.888 3 * 3 5 7
5.5 0.921 0.921 0.920 3 * 3 5 7
6.0 0.938 0.938 0.938 3 * 3 5 7
6.5 0.953 0.953 0.953 3 * 3 5 7
7.0 0.963 0.963 0.965 3 * 3 5 7
7.5 0.972 0.972 0.973 3 * 3 5 7
8.0 0.976 0.976 0.976 3 * 3 5 7
8.5 0.980 0.980 0.980 3 * 3 5 7
9.0 0.985 0.985 0.986 3 * 3 5 7
9.5 0.987 0.987 0.987 3 * 3 5 7
10.0 0.989 0.989 0.990 3 * 3 5 7
0.5 0.000 0.000 0.000 1 * 1
1.0 0.000 0.000 0.000 1 * 1
1.5 0.274 0.223 0.190 1 * 3
2.0 0.430 0.350 0.298 1 * 3
2.5 0.449 0.435 0.406 2 * 3 5
3.0 0.608 0.592 0.560 2 * 3 5
3.5 0.740 0.720 0.680 2 * 3 5
4.0 0.759 0.759 0.737 3 * 3 5 7
4.5 0.842 0.842 0.834 3 * 3 5 7
5.0 0.889 0.889 0.888 3 * 3 5 7
5.5 0.925 0.925 0.925 3 * 3 5 7
6.0 0.934 0.934 0.933 3 * 3 5 7
6.5 0.954 0.954 0.955 3 * 3 5 7
7.0 0.963 0.963 0.964 3 * 3 5 7
7.5 0.970 0.970 0.970 3 * 3 5 7
8.0 0.975 0.975 0.975 3 * 3 5 7
8.5 0.983 0.983 0.984 3 * 3 5 7
9.0 0.982 0.982 0.983 3 * 3 5 7
9.5 0.985 0.985 0.986 3 * 3 5 7
10.0 0.991 0.991 0.991 3 * 3 5 7
0.5 0.000 0.000 0.000 1 * 1
1.0 0.000 0.000 0.000 1 * 1
1.5 0.252 0.205 0.174 1 * 3
2.0 0.447 0.364 0.310 1 * 3
2.5 0.466 0.451 0.422 2 * 3 5
3.0 0.632 0.616 0.582 2 * 3 5
3.5 0.736 0.715 0.674 2 * 3 5
4.0 0.747 0.734 0.727 2 * 3 6
4.5 0.841 0.841 0.832 3 * 3 5 7
5.0 0.892 0.892 0.888 3 * 3 5 7
5.5 0.918 0.918 0.917 3 * 3 5 7
6.0 0.944 0.944 0.944 3 * 3 5 7
6.5 0.955 0.955 0.956 3 * 3 5 7
7.0 0.967 0.967 0.967 3 * 3 5 7
7.5 0.971 0.971 0.972 3 * 3 5 7
8.0 0.975 0.975 0.975 3 * 3 5 7
8.5 0.977 0.977 0.978 3 * 3 5 7
9.0 0.984 0.984 0.985 3 * 3 5 7
9.5 0.989 0.989 0.989 3 * 3 5 7
10.0 0.987 0.987 0.987 3 * 3 5 7
0.5 0.000 0.000 0.000 1 * 1
1.0 0.000 0.000 0.000 1 * 1
1.5 0.228 0.186 0.158 1 * 3
2.0 0.439 0.357 0.304 1 * 3
2.5 0.436 0.422 0.403 1 * 4
3.0 0.608 0.592 0.559 2 * 3 5
3.5 0.738 0.717 0.676 2 * 3 5
4.0 0.743 0.729 0.720 2 * 3 6
4.5 0.840 0.840 0.831 3 * 3 5 7
5.0 0.895 0.895 0.893 3 * 3 5 7
5.5 0.915 0.915 0.913 3 * 3 5 7
6.0 0.937 0.937 0.936 3 * 3 5 7
6.5 0.954 0.954 0.955 3 * 3 5 7
7.0 0.962 0.962 0.962 3 * 3 5 7
7.5 0.970 0.970 0.970 3 * 3 5 7
8.0 0.980 0.980 0.980 3 * 3 5 7
8.5 0.981 0.981 0.982 3 * 3 5 7
9.0 0.988 0.988 0.988 3 * 3 5 7
9.5 0.985 0.985 0.986 3 * 3 5 7
10.0 0.988 0.988 0.989 3 * 3 5 7
0.5 0.000 0.000 0.000 1 * 1
1.0 0.000 0.000 0.000 1 * 1
1.5 0.260 0.212 0.180 1 * 3
2.0 0.448 0.365 0.311 1 * 3
2.5 0.446 0.431 0.412 1 * 4
3.0 0.610 0.594 0.561 2 * 3 5
3.5 0.649 0.630 0.594 2 * 3 6
4.0 0.708 0.681 0.654 2 * 3 7
4.5 0.839 0.839 0.833 3 * 3 5 7
5.0 0.885 0.885 0.883 3 * 3 5 7
5.5 0.925 0.925 0.924 3 * 3 5 7
6.0 0.946 0.946 0.946 3 * 3 5 7
6.5 0.956 0.956 0.956 3 * 3 5 7
7.0 0.966 0.966 0.967 3 * 3 5 7
7.5 0.968 0.968 0.968 3 * 3 5 7
8.0 0.978 0.978 0.979 3 * 3 5 7
8.5 0.981 0.981 0.981 3 * 3 5 7
9.0 0.986 0.986 0.986 3 * 3 5 7
9.5 0.989 0.989 0.989 3 * 3 5 7
10.0 0.989 0.989 0.990 3 * 3 5 7
0.5 0.000 0.000 0.000 1 * 1
1.0 0.001 0.001 0.001 1 * 2
1.5 0.268 0.218 0.185 1 * 3
2.0 0.460 0.375 0.319 1 * 3
2.5 0.463 0.449 0.419 2 * 3 5
3.0 0.620 0.604 0.571 2 * 3 5
3.5 0.601 0.590 0.586 2 * 3 6
4.0 0.756 0.742 0.735 2 * 3 6
4.5 0.847 0.847 0.839 3 * 3 5 7
5.0 0.896 0.896 0.894 3 * 3 5 7
5.5 0.917 0.917 0.917 3 * 3 5 7
6.0 0.943 0.943 0.943 3 * 3 5 7
6.5 0.958 0.958 0.960 3 * 3 5 7
7.0 0.963 0.963 0.964 3 * 3 5 7
7.5 0.969 0.969 0.970 3 * 3 5 7
8.0 0.977 0.977 0.978 3 * 3 5 7
8.5 0.979 0.979 0.979 3 * 3 5 7
9.0 0.983 0.983 0.984 3 * 3 5 7
9.5 0.986 0.986 0.987 3 * 3 5 7
10.0 0.988 0.988 0.988 3 * 3 5 7
0.5 0.000 0.000 0.000 1 * 1
1.0 0.000 0.000 0.000 1 * 1
1.5 0.269 0.219 0.186 1 * 3
2.0 0.445 0.362 0.308 1 * 3
2.5 0.452 0.437 0.407 2 * 3 5
3.0 0.609 0.593 0.561 2 * 3 5
3.5 0.739 0.719 0.679 2 * 3 5
4.0 0.778 0.766 0.756 2 * 3 6
4.5 0.843 0.843 0.834 3 * 3 5 7
5.0 0.885 0.885 0.884 3 * 3 5 7
5.5 0.928 0.928 0.928 3 * 3 5 7
6.0 0.937 0.937 0.938 3 * 3 5 7
6.5 0.958 0.958 0.959 3 * 3 5 7
7.0 0.969 0.969 0.969 3 * 3 5 7
7.5 0.970 0.970 0.971 3 * 3 5 7
8.0 0.977 0.977 0.977 3 * 3 5 7
8.5 0.983 0.983 0.984 3 * 3 5 7
9.0 0.984 0.984 0.985 3 * 3 5 7
9.5 0.987 0.987 0.987 3 * 3 5 7
10.0 0.990 0.990 0.991 3 * 3 5 7
0.5 0.000 0.000 0.000 1 * 1
1.0 0.000 0.000 0.000 1 * 1
1.5 0.246 0.201 0.171 1 * 3
2.0 0.451 0.367 0.312 1 * 3
2.5 0.448 0.432 0.398 2 * 3 5
3.0 0.596 0.580 0.548 2 * 3 5
3.5 0.734 0.714 0.674 2 * 3 5
4.0 0.755 0.755 0.738 3 * 3 5 7
4.5 0.840 0.840 0.833 3 * 3 5 7
5.0 0.897 0.897 0.898 3 * 3 5 7
5.5 0.922 0.922 0.922 3 * 3 5 7
6.0 0.942 0.942 0.942 3 * 3 5 7
6.5 0.958 0.958 0.959 3 * 3 5 7
7.0 0.960 0.960 0.961 3 * 3 5 7
7.5 0.973 0.973 0.974 3 * 3 5 7
8.0 0.976 0.976 0.976 3 * 3 5 7
8.5 0.984 0.984 0.984 3 * 3 5 7
9.0 0.984 0.984 0.985 3 * 3 5 7
9.5 0.988 0.988 0.989 3 * 3 5 7
10.0 0.989 0.989 0.990 3 * 3 5 7
0.5 0.000 0.000 0.000 1 * 1
1.0 0.000 0.000 0.000 1 * 1
1.5 0.261 0.213 0.182 1 * 3
2.0 0.449 0.366 0.311 1 * 3
2.5 0.434 0.420 0.393 2 * 3 5
3.0 0.611 0.594 0.560 2 * 3 5
3.5 0.630 0.612 0.576 2 * 3 6
4.0 0.725 0.725 0.698 3 * 3 5 7
4.5 0.841 0.841 0.830 3 * 3 5 7
5.0 0.894 0.894 0.892 3 * 3 5 7
5.5 0.922 0.922 0.919 3 * 3 5 7
6.0 0.942 0.942 0.944 3 * 3 5 7
6.5 0.893 0.908 0.819 3 * 3 5 8
7.0 0.962 0.962 0.962 3 * 3 5 7
7.5 0.971 0.971 0.972 3 * 3 5 7
8.0 0.976 0.976 0.977 3 * 3 5 7
8.5 0.980 0.980 0.980 3 * 3 5 7
9.0 0.981 0.981 0.982 3 * 3 5 7
9.5 0.987 0.987 0.988 3 * 3 5 7
10.0 0.992 0.992 0.993 3 * 3 5 7
0.5 0.000 0.000 0.000 1 * 1
1.0 0.012 0.010 0.009 1 * 2
1.5 0.241 0.196 0.167 1 * 3
2.0 0.305 0.295 0.278 1 * 4
2.5 0.452 0.437 0.408 2 * 3 5
3.0 0.604 0.588 0.555 2 * 3 5
3.5 0.724 0.706 0.669 2 * 3 5
4.0 0.746 0.746 0.730 3 * 3 5 7
4.5 0.849 0.849 0.839 3 * 3 5 7
5.0 0.887 0.887 0.882 3 * 3 5 7
5.5 0.924 0.924 0.922 3 * 3 5 7
6.0 0.937 0.937 0.936 3 * 3 5 7
6.5 0.953 0.953 0.953 3 * 3 5 7
7.0 0.969 0.969 0.970 3 * 3 5 7
7.5 0.970 0.970 0.971 3 * 3 5 7
8.0 0.972 0.972 0.972 3 * 3 5 7
8.5 0.978 0.978 0.979 3 * 3 5 7
9.0 0.983 0.983 0.984 3 * 3 5 7
9.5 0.990 0.990 0.990 3 * 3 5 7
10.0 0.988 0.988 0.989 3 * 3 5 7
0.5 0.000 0.000 0.000 1 * 1
1.0 0.000 0.000 0.000 1 * 1
1.5 0.253 0.206 0.175 1 * 3
2.0 0.448 0.365 0.310 1 * 3
2.5 0.440 0.425 0.406 1 * 4
3.0 0.614 0.599 0.567 2 * 3 5
3.5 0.641 0.623 0.587 2 * 3 6
4.0 0.764 0.751 0.745 2 * 3 6
4.5 0.847 0.847 0.839 3 * 3 5 7
5.0 0.896 0.896 0.895 3 * 3 5 7
5.5 0.920 0.920 0.920 3 * 3 5 7
6.0 0.942 0.942 0.941 3 * 3 5 7
6.5 0.952 0.952 0.952 3 * 3 5 7
7.0 0.962 0.962 0.961 3 * 3 5 7
7.5 0.967 0.967 0.968 3 * 3 5 7
8.0 0.980 0.980 0.980 3 * 3 5 7
8.5 0.925 0.940 0.847 3 * 3 5 8
9.0 0.982 0.982 0.983 3 * 3 5 7
9.5 0.986 0.986 0.986 3 * 3 5 7
10.0 0.990 0.990 0.991 3 * 3 5 7
0.5 0.000 0.000 0.000 1 * 1
1.0 0.000 0.000 0.000 1 * 1
1.5 0.251 0.204 0.174 1 * 3
2.0 0.439 0.358 0.304 1 * 3
2.5 0.415 0.404 0.383 1 * 4
3.0 0.594 0.577 0.544 2 * 3 5
3.5 0.649 0.630 0.592 2 * 3 6
4.0 0.761 0.761 0.743 3 * 3 5 7
4.5 0.843 0.843 0.833 3 * 3 5 7
5.0 0.901 0.901 0.898 3 * 3 5 7
5.5 0.920 0.920 0.920 3 * 3 5 7
6.0 0.943 0.943 0.943 3 * 3 5 7
6.5 0.951 0.951 0.951 3 * 3 5 7
7.0 0.959 0.959 0.960 3 * 3 5 7
7.5 0.970 0.970 0.970 3 * 3 5 7
8.0 0.977 0.977 0.978 3 * 3 5 7
8.5 0.980 0.980 0.981 3 * 3 5 7
9.0 0.988 0.988 0.988 3 * 3 5 7
9.5 0.988 0.988 0.989 3 * 3 5 7
10.0 0.988 0.988 0.988 3 * 3 5 7
0.5 0.000 0.000 0.000 1 * 1
1.0 0.000 0.000 0.000 1 * 1
1.5 0.238 0.194 0.165 1 * 3
2.0 0.450 0.366 0.312 1 * 3
2.5 0.436 0.423 0.403 1 * 4
3.0 0.601 0.584 0.551 2 * 3 5
3.5 0.735 0.715 0.676 2 * 3 5
4.0 0.782 0.769 0.759 2 * 3 6
4.5 0.837 0.837 0.829 3 * 3 5 7
5.0 0.890 0.890 0.887 3 * 3 5 7
5.5 0.919 0.919 0.917 3 * 3 5 7
6.0 0.935 0.935 0.935 3 * 3 5 7
6.5 0.959 0.959 0.959 3 * 3 5 7
7.0 0.967 0.967 0.968 3 * 3 5 7
7.5 0.969 0.969 0.970 3 * 3 5 7
8.0 0.976 0.976 0.977 3 * 3 5 7
8.5 0.978 0.978 0.979 3 * 3 5 7
9.0 0.986 0.986 0.986 3 * 3 5 7
9.5 0.989 0.989 0.988 3 * 3 5 7
10.0 0.987 0.987 0.988 3 * 3 5 7
0.5 0.000 0.000 0.000 1 * 1
1.0 0.000 0.000 0.000 1 * 1
1.5 0.241 0.197 0.168 1 * 3
2.0 0.303 0.291 0.273 1 * 4
2.5 0.431 0.417 0.389 2 * 3 5
3.0 0.599 0.582 0.549 2 * 3 5
3.5 0.652 0.634 0.600 2 * 3 6
4.0 0.734 0.734 0.713 3 * 3 5 7
4.5 0.845 0.845 0.835 3 * 3 5 7
5.0 0.897 0.897 0.895 3 * 3 5 7
5.5 0.919 0.919 0.917 3 * 3 5 7
6.0 0.947 0.947 0.948 3 * 3 5 7
6.5 0.952 0.952 0.953 3 * 3 5 7
7.0 0.962 0.962 0.963 3 * 3 5 7
7.5 0.972 0.972 0.972 3 * 3 5 7
8.0 0.974 0.974 0.975 3 * 3 5 7
8.5 0.982 0.982 0.982 3 * 3 5 7
9.0 0.987 0.987 0.987 3 * 3 5 7
9.5 0.987 0.987 0.987 3 * 3 5 7
10.0 0.988 0.988 0.989 3 * 3 5 7
0.5 0.000 0.000 0.000 1 * 1
1.0 0.000 0.000 0.000 1 * 1
1.5 0.246 0.201 0.171 1 * 3
2.0 0.456 0.371 0.316 1 * 3
2.5 0.465 0.451 0.424 2 * 3 5
3.0 0.598 0.584 0.554 2 * 3 5
3.5 0.727 0.707 0.666 2 * 3 5
4.0 0.763 0.749 0.742 2 * 3 6
4.5 0.836 0.836 0.826 3 * 3 5 7
5.0 0.896 0.896 0.893 3 * 3 5 7
5.5 0.924 0.924 0.921 3 * 3 5 7
6.0 0.942 0.942 0.942 3 * 3 5 7
6.5 0.951 0.951 0.952 3 * 3 5 7
7.0 0.963 0.963 0.965 3 * 3 5 7
7.5 0.968 0.968 0.969 3 * 3 5 7
8.0 0.980 0.980 0.980 3 * 3 5 7
8.5 0.978 0.978 0.979 3 * 3 5 7
9.0 0.984 0.984 0.984 3 * 3 5 7
9.5 0.989 0.989 0.990 3 * 3 5 7
10.0 0.988 0.988 0.989 3 * 3 5 7
0.5 0.000 0.000 0.000 1 * 1
1.0 0.000 0.000 0.000 1 * 1
1.5 0.258 0.210 0.179 1 * 3
2.0 0.451 0.367 0.312 1 * 3
2.5 0.431 0.418 0.398 1 * 4
3.0 0.606 0.589 0.557 2 * 3 5
3.5 0.737 0.717 0.678 2 * 3 5
4.0 0.718 0.690 0.658 2 * 3 7
4.5 0.847 0.847 0.841 3 * 3 5 7
5.0 0.886 0.886 0.883 3 * 3 5 7
5.5 0.914 0.914 0.913 3 * 3 5 7
6.0 0.936 0.936 0.935 3 * 3 5 7
6.5 0.952 0.952 0.952 3 * 3 5 7
7.0 0.965 0.965 0.965 3 * 3 5 7
7.5 0.971 0.971 0.972 3 * 3 5 7
8.0 0.975 0.975 0.975 3 * 3 5 7
8.5 0.985 0.985 0.985 3 * 3 5 7
9.0 0.985 0.985 0.985 3 * 3 5 7
9.5 0.986 0.986 0.987 3 * 3 5 7
10.0 0.992 0.992 0.992 3 * 3 5 7
0.5 0.000 0.000 0.000 1 * 1
1.0 0.000 0.000 0.000 1 * 1
1.5 0.261 0.213 0.181 1 * 3
2.0 0.454 0.369 0.314 1 * 3
2.5 0.464 0.451 0.423 2 * 3 5
3.0 0.597 0.581 0.548 2 * 3 5
3.5 0.736 0.716 0.676 2 * 3 5
4.0 0.755 0.755 0.735 3 * 3 5 7
4.5 0.849 0.849 0.842 3 * 3 5 7
5.0 0.888 0.888 0.886 3 * 3 5 7
5.5 0.924 0.924 0.923 3 * 3 5 7
6.0 0.936 0.936 0.936 3 * 3 5 7
6.5 0.955 0.955 0.955 3 * 3 5 7
7.0 0.967 0.967 0.967 3 * 3 5 7
7.5 0.974 0.974 0.974 3 * 3 5 7
8.0 0.977 0.977 0.977 3 * 3 5 7
8.5 0.980 0.980 0.980 3 * 3 5 7
9.0 0.986 0.986 0.986 3 * 3 5 7
9.5 0.989 0.989 0.990 3 * 3 5 7
10.0 0.990 0.990 0.990 3 * 3 5 7
0.5 0.000 0.000 0.000 1 * 1
1.0 -0.000 -0.000 -0.000 1 * 2
1.5 0.252 0.205 0.175 1 * 3
2.0 0.302 0.284 0.264 1 * 4
2.5 0.432 0.417 0.386 2 * 3 5
3.0 0.613 0.597 0.564 2 * 3 5
3.5 0.730 0.711 0.674 2 * 3 5
4.0 0.682 0.656 0.626 2 * 3 7
4.5 0.834 0.834 0.825 3 * 3 5 7
5.0 0.904 0.904 0.901 3 * 3 5 7
5.5 0.926 0.926 0.923 3 * 3 5 7
6.0 0.938 0.938 0.937 3 * 3 5 7
6.5 0.958 0.958 0.957 3 * 3 5 7
7.0 0.958 0.958 0.959 3 * 3 5 7
7.5 0.971 0.971 0.972 3 * 3 5 7
8.0 0.975 0.975 0.976 3 * 3 5 7
8.5 0.981 0.981 0.981 3 * 3 5 7
9.0 0.988 0.988 0.988 3 * 3 5 7
9.5 0.984 0.984 0.985 3 * 3 5 7
10.0 0.990 0.990 0.990 3 * 3 5 7
0.5 0.000 0.000 0.000 1 * 1
1.0 0.000 0.000 0.000 1 * 1
1.5 0.238 0.194 0.165 1 * 3
2.0 0.433 0.353 0.300 1 * 3
2.5 0.455 0.440 0.420 1 * 4
3.0 0.602 0.586 0.556 2 * 3 5
3.5 0.727 0.707 0.667 2 * 3 5
4.0 0.757 0.745 0.742 2 * 3 6
4.5 0.827 0.827 0.812 3 * 3 5 7
5.0 0.887 0.887 0.885 3 * 3 5 7
5.5 0.925 0.925 0.923 3 * 3 5 7
6.0 0.945 0.945 0.945 3 * 3 5 7
6.5 0.948 0.948 0.948 3 * 3 5 7
7.0 0.958 0.958 0.960 3 * 3 5 7
7.5 0.971 0.971 0.972 3 * 3 5 7
8.0 0.975 0.975 0.976 3 * 3 5 7
8.5 0.980 0.980 0.981 3 * 3 5 7
9.0 0.988 0.988 0.988 3 * 3 5 7
9.5 0.989 0.989 0.990 3 * 3 5 7
10.0 0.988 0.988 0.989 3 * 3 5 7
0.5 0.000 0.000 0.000 1 * 1
1.0 0.000 0.000 0.000 1 * 1
1.5 0.257 0.210 0.179 1 * 3
2.0 0.441 0.360 0.306 1 * 3
2.5 0.453 0.439 0.413 2 * 3 5
3.0 0.616 0.599 0.565 2 * 3 5
3.5 0.740 0.719 0.679 2 * 3 5
4.0 0.753 0.753 0.735 3 * 3 5 7
4.5 0.853 0.853 0.842 3 * 3 5 7
5.0 0.902 0.902 0.900 3 * 3 5 7
5.5 0.922 0.922 0.920 3 * 3 5 7
6.0 0.943 0.943 0.942 3 * 3 5 7
6.5 0.952 0.952 0.953 3 * 3 5 7
7.0 0.963 0.963 0.963 3 * 3 5 7
7.5 0.970 0.970 0.971 3 * 3 5 7
8.0 0.978 0.978 0.979 3 * 3 5 7
8.5 0.984 0.984 0.985 3 * 3 5 7
9.0 0.986 0.986 0.986 3 * 3 5 7
9.5 0.987 0.987 0.988 3 * 3 5 7
10.0 0.990 0.990 0.990 3 * 3 5 7
0.5 0.000 0.000 0.000 1 * 1
1.0 0.018 0.015 0.013 1 * 2
1.5 0.262 0.214 0.182 1 * 3
2.0 0.449 0.366 0.311 1 * 3
2.5 0.437 0.422 0.393 2 * 3 5
3.0 0.621 0.604 0.570 2 * 3 5
3.5 0.724 0.703 0.661 2 * 3 5
4.0 0.724 0.724 0.702 3 * 3 5 7
4.5 0.841 0.841 0.832 3 * 3 5 7
5.0 0.887 0.887 0.885 3 * 3 5 7
5.5 0.921 0.921 0.921 3 * 3 5 7
6.0 0.939 0.939 0.940 3 * 3 5 7
6.5 0.951 0.951 0.951 3 * 3 5 7
7.0 0.961 0.961 0.961 3 * 3 5 7
7.5 0.972 0.972 0.972 3 * 3 5 7
8.0 0.975 0.975 0.976 3 * 3 5 7
8.5 0.982 0.982 0.982 3 * 3 5 7
9.0 0.985 0.985 0.986 3 * 3 5 7
9.5 0.986 0.986 0.987 3 * 3 5 7
10.0 0.987 0.987 0.988 3 * 3 5 7
0.5 0.000 0.000 0.000 1 * 1
1.0 0.018 0.015 0.013 1 * 3
1.5 0.266 0.217 0.184 1 * 3
2.0 0.303 0.290 0.272 1 * 4
2.5 0.464 0.449 0.418 2 * 3 5
3.0 0.613 0.597 0.564 2 * 3 5
3.5 0.723 0.704 0.666 2 * 3 5
4.0 0.765 0.752 0.748 2 * 3 6
4.5 0.849 0.849 0.842 3 * 3 5 7
5.0 0.893 0.893 0.892 3 * 3 5 7
5.5 0.928 0.928 0.927 3 * 3 5 7
6.0 0.942 0.942 0.941 3 * 3 5 7
6.5 0.953 0.953 0.955 3 * 3 5 7
7.0 0.901 0.916 0.825 3 * 3 5 8
7.5 0.970 0.970 0.970 3 * 3 5 7
8.0 0.978 0.978 0.978 3 * 3 5 7
8.5 0.980 0.980 0.981 3 * 3 5 7
9.0 0.986 0.986 0.986 3 * 3 5 7
9.5 0.990 0.990 0.990 3 * 3 5 7
10.0 0.988 0.988 0.988 3 * 3 5 7
0.5 0.000 0.000 0.000 1 * 1
1.0 0.000 0.000 0.000 1 * 1
1.5 0.249 0.202 0.172 1 * 3
2.0 0.443 0.361 0.307 1 * 3
2.5 0.434 0.418 0.386 2 * 3 5
3.0 0.619 0.602 0.569 2 * 3 5
3.5 0.716 0.697 0.661 2 * 3 5
4.0 0.738 0.738 0.716 3 * 3 5 7
4.5 0.845 0.845 0.837 3 * 3 5 7
5.0 0.894 0.894 0.892 3 * 3 5 7
5.5 0.921 0.921 0.918 3 * 3 5 7
6.0 0.934 0.934 0.934 3 * 3 5 7
6.5 0.956 0.956 0.957 3 * 3 5 7
7.0 0.963 0.963 0.963 3 * 3 5 7
7.5 0.974 0.974 0.974 3 * 3 5 7
8.0 0.980 0.980 0.980 3 * 3 5 7
8.5 0.980 0.980 0.980 3 * 3 5 7
9.0 0.984 0.984 0.985 3 * 3 5 7
9.5 0.986 0.986 0.987 3 * 3 5 7
10.0 0.990 0.990 0.990 3 * 3 5 7
0.5 0.000 0.000 0.000 1 * 1
1.0 0.010 0.008 0.007 1 * 2
1.5 0.252 0.206 0.175 1 * 3
2.0 0.446 0.363 0.309 1 * 3
2.5 0.452 0.437 0.406 2 * 3 5
3.0 0.611 0.594 0.560 2 * 3 5
3.5 0.733 0.714 0.676 2 * 3 5
4.0 0.768 0.756 0.749 2 * 3 6
4.5 0.838 0.838 0.826 3 * 3 5 7
5.0 0.894 0.894 0.891 3 * 3 5 7
5.5 0.920 0.920 0.920 3 * 3 5 7
6.0 0.940 0.940 0.939 3 * 3 5 7
6.5 0.955 0.955 0.955 3 * 3 5 7
7.0 0.963 0.963 0.963 3 * 3 5 7
7.5 0.968 0.968 0.969 3 * 3 5 7
8.0 0.978 0.978 0.979 3 * 3 5 7
8.5 0.982 0.982 0.983 3 * 3 5 7
9.0 0.983 0.983 0.984 3 * 3 5 7
9.5 0.985 0.985 0.986 3 * 3 5 7
10.0 0.991 0.991 0.992 3 * 3 5 7
0.5 0.000 0.000 0.000 1 * 1
1.0 0.000 0.000 0.000 1 * 1
1.5 0.248 0.202 0.172 1 * 3
2.0 0.430 0.350 0.298 1 * 3
2.5 0.436 0.424 0.403 1 * 4
3.0 0.620 0.603 0.570 2 * 3 5
3.5 0.734 0.715 0.676 2 * 3 5
4.0 0.711 0.711 0.687 3 * 3 5 7
4.5 0.842 0.842 0.833 3 * 3 5 7
5.0 0.898 0.898 0.897 3 * 3 5 7
5.5 0.921 0.921 0.919 3 * 3 5 7
6.0 0.938 0.938 0.939 3 * 3 5 7
6.5 0.952 0.952 0.952 3 * 3 5 7
7.0 0.968 0.968 0.969 3 * 3 5 7
7.5 0.971 0.971 0.971 3 * 3 5 7
8.0 0.975 0.975 0.976 3 * 3 5 7
8.5 0.983 0.983 0.984 3 * 3 5 7
9.0 0.988 0.988 0.988 3 * 3 5 7
9.5 0.989 0.989 0.990 3 * 3 5 7
10.0 0.990 0.990 0.991 3 * 3 5 7
0.5 0.000 0.000 0.000 1 * 1
1.0 0.024 0.019 0.016 1 * 2
1.5 0.261 0.213 0.181 1 * 3
2.0 0.435 0.354 0.301 1 * 3
2.5 0.439 0.424 0.396 2 * 3 5
3.0 0.624 0.607 0.575 2 * 3 5
3.5 0.731 0.711 0.671 2 * 3 5
4.0 0.728 0.728 0.702 3 * 3 5 7
4.5 0.842 0.842 0.832 3 * 3 5 7
5.0 0.884 0.884 0.879 3 * 3 5 7
5.5 0.919 0.919 0.918 3 * 3 5 7
6.0 0.940 0.940 0.939 3 * 3 5 7
6.5 0.952 0.952 0.952 3 * 3 5 7
7.0 0.967 0.967 0.968 3 * 3 5 7
7.5 0.972 0.972 0.974 3 * 3 5 7
8.0 0.975 0.975 0.975 3 * 3 5 7
8.5 0.980 0.980 0.981 3 * 3 5 7
9.0 0.986 0.986 0.986 3 * 3 5 7
9.5 0.986 0.986 0.986 3 * 3 5 7
10.0 0.990 0.990 0.991 3 * 3 5 7
0.5 0.000 0.000 0.000 1 * 1
1.0 0.027 0.022 0.019 1 * 2
1.5 0.251 0.204 0.174 1 * 3
2.0 0.305 0.289 0.270 1 * 4
2.5 0.435 0.422 0.402 1 * 4
3.0 0.614 0.596 0.559 2 * 3 5
3.5 0.729 0.709 0.669 2 * 3 5
4.0 0.736 0.736 0.714 3 * 3 5 7
4.5 0.838 0.838 0.827 3 * 3 5 7
5.0 0.890 0.890 0.888 3 * 3 5 7
5.5 0.925 0.925 0.924 3 * 3 5 7
6.0 0.939 0.939 0.938 3 * 3 5 7
6.5 0.959 0.959 0.959 3 * 3 5 7
7.0 0.964 0.964 0.965 3 * 3 5 7
7.5 0.971 0.971 0.972 3 * 3 5 7
8.0 0.921 0.937 0.842 3 * 3 5 8
8.5 0.981 0.981 0.982 3 * 3 5 7
9.0 0.984 0.984 0.984 3 * 3 5 7
9.5 0.985 0.985 0.986 3 * 3 5 7
10.0 0.987 0.987 0.988 3 * 3 5 7
0.5 0.000 0.000 0.000 1 * 1
1.0 0.000 0.000 0.000 1 * 1
1.5 0.269 0.219 0.186 1 * 3
2.0 0.445 0.362 0.308 1 * 3
2.5 0.430 0.416 0.397 1 * 4
3.0 0.623 0.607 0.576 2 * 3 5
3.5 0.733 0.713 0.675 2 * 3 5
4.0 0.773 0.760 0.751 2 * 3 6
4.5 0.836 0.836 0.828 3 * 3 5 7
5.0 0.888 0.888 0.884 3 * 3 5 7
5.5 0.922 0.922 0.920 3 * 3 5 7
6.0 0.938 0.938 0.938 3 * 3 5 7
6.5 0.952 0.952 0.952 3 * 3 5 7
7.0 0.969 0.969 0.970 3 * 3 5 7
7.5 0.971 0.971 0.972 3 * 3 5 7
8.0 0.981 0.981 0.982 3 * 3 5 7
8.5 0.984 0.984 0.984 3 * 3 5 7
9.0 0.986 0.986 0.986 3 * 3 5 7
9.5 0.988 0.988 0.988 3 * 3 5 7
10.0 0.989 0.989 0.990 3 * 3 5 7
0.5 0.000 0.000 0.000 1 * 1
1.0 0.000 0.000 0.000 1 * 1
1.5 0.258 0.210 0.179 1 * 3
2.0 0.443 0.361 0.307 1 * 3
2.5 0.453 0.436 0.418 1 * 4
3.0 0.606 0.589 0.556 2 * 3 5
3.5 0.726 0.707 0.668 2 * 3 5
4.0 0.714 0.714 0.695 3 * 3 5 7
4.5 0.844 0.844 0.838 3 * 3 5 7
5.0 0.896 0.896 0.893 3 * 3 5 7
5.5 0.915 0.915 0.914 3 * 3 5 7
6.0 0.944 0.944 0.945 3 * 3 5 7
6.5 0.954 0.954 0.955 3 * 3 5 7
7.0 0.964 0.964 0.964 3 * 3 5 7
7.5 0.971 0.971 0.971 3 * 3 5 7
8.0 0.973 0.973 0.974 3 * 3 5 7
8.5 0.979 0.979 0.980 3 * 3 5 7
9.0 0.986 0.986 0.987 3 * 3 5 7
9.5 0.990 0.990 0.990 3 * 3 5 7
10.0 0.987 0.987 0.988 3 * 3 5 7
0.5 0.000 0.000 0.000 1 * 1
1.0 0.000 0.000 0.000 1 * 1
1.5 0.261 0.213 0.181 1 * 3
2.0 0.436 0.355 0.302 1 * 3
2.5 0.440 0.423 0.390 2 * 3 5
3.0 0.613 0.596 0.563 2 * 3 5
3.5 0.735 0.714 0.673 2 * 3 5
4.0 0.758 0.758 0.738 3 * 3 5 7
4.5 0.843 0.843 0.838 3 * 3 5 7
5.0 0.894 0.894 0.891 3 * 3 5 7
5.5 0.913 0.913 0.912 3 * 3 5 7
6.0 0.944 0.944 0.944 3 * 3 5 7
6.5 0.952 0.952 0.952 3 * 3 5 7
7.0 0.965 0.965 0.965 3 * 3 5 7
7.5 0.970 0.970 0.971 3 * 3 5 7
8.0 0.973 0.973 0.973 3 * 3 5 7
8.5 0.980 0.980 0.981 3 * 3 5 7
9.0 0.981 0.981 0.982 3 * 3 5 7
9.5 0.990 0.990 0.990 3 * 3 5 7
10.0 0.989 0.989 0.990 3 * 3 5 7
0.5 0.000 0.000 0.000 1 * 1
1.0 0.011 0.009 0.007 1 * 2
1.5 0.252 0.205 0.175 1 * 3
2.0 0.444 0.362 0.308 1 * 3
2.5 0.448 0.434 0.413 1 * 4
3.0 0.611 0.595 0.563 2 * 3 5
3.5 0.713 0.694 0.657 2 * 3 5
4.0 0.738 0.738 0.710 3 * 3 5 7
4.5 0.836 0.836 0.823 3 * 3 5 7
5.0 0.894 0.894 0.892 3 * 3 5 7
5.5 0.919 0.919 0.917 3 * 3 5 7
6.0 0.941 0.941 0.940 3 * 3 5 7
6.5 0.952 0.952 0.952 3 * 3 5 7
7.0 0.962 0.962 0.962 3 * 3 5 7
7.5 0.974 0.974 0.974 3 * 3 5 7
8.0 0.976 0.976 0.977 3 * 3 5 7
8.5 0.978 0.978 0.978 3 * 3 5 7
9.0 0.987 0.987 0.988 3 * 3 5 7
9.5 0.989 0.989 0.989 3 * 3 5 7
10.0 0.989 0.989 0.990 3 * 3 5 7
0.5 0.000 0.000 0.000 1 * 1
1.0 0.000 0.000 0.000 1 * 1
1.5 0.247 0.202 0.172 1 * 3
2.0 0.449 0.366 0.311 1 * 3
2.5 0.440 0.427 0.400 2 * 3 5
3.0 0.616 0.599 0.566 2 * 3 5
3.5 0.735 0.716 0.677 2 * 3 5
4.0 0.721 0.721 0.696 3 * 3 5 7
4.5 0.843 0.843 0.835 3 * 3 5 7
5.0 0.899 0.899 0.896 3 * 3 5 7
5.5 0.924 0.924 0.923 3 * 3 5 7
6.0 0.942 0.942 0.941 3 * 3 5 7
6.5 0.952 0.952 0.953 3 * 3 5 7
7.0 0.964 0.964 0.965 3 * 3 5 7
7.5 0.971 0.971 0.972 3 * 3 5 7
8.0 0.977 0.977 0.977 3 * 3 5 7
8.5 0.981 0.981 0.981 3 * 3 5 7
9.0 0.985 0.985 0.985 3 * 3 5 7
9.5 0.988 0.988 0.988 3 * 3 5 7
10.0 0.989 0.989 0.990 3 * 3 5 7
0.5 0.000 0.000 0.000 1 * 1
1.0 0.000 0.000 0.000 1 * 1
1.5 0.249 0.203 0.173 1 * 3
2.0 0.435 0.354 0.301 1 * 3
2.5 0.437 0.423 0.404 1 * 4
3.0 0.618 0.602 0.569 2 * 3 5
3.5 0.640 0.621 0.583 2 * 3 6
4.0 0.753 0.753 0.732 3 * 3 5 7
4.5 0.842 0.842 0.837 3 * 3 5 7
5.0 0.891 0.891 0.889 3 * 3 5 7
5.5 0.919 0.919 0.919 3 * 3 5 7
6.0 0.942 0.942 0.942 3 * 3 5 7
6.5 0.953 0.953 0.953 3 * 3 5 7
7.0 0.967 0.967 0.967 3 * 3 5 7
7.5 0.974 0.974 0.974 3 * 3 5 7
8.0 0.975 0.975 0.976 3 * 3 5 7
8.5 0.982 0.982 0.982 3 * 3 5 7
9.0 0.985 0.985 0.986 3 * 3 5 7
9.5 0.987 0.987 0.987 3 * 3 5 7
10.0 0.990 0.990 0.990 3 * 3 5 7
0.5 0.000 0.000 0.000 1 * 1
1.0 0.000 0.000 0.000 1 * 1
1.5 0.276 0.225 0.192 1 * 3
2.0 0.451 0.367 0.313 1 * 3
2.5 0.440 0.428 0.406 1 * 4
3.0 0.605 0.589 0.557 2 * 3 5
3.5 0.727 0.707 0.666 2 * 3 5
4.0 0.746 0.746 0.723 3 * 3 5 7
4.5 0.844 0.844 0.836 3 * 3 5 7
5.0 0.890 0.890 0.886 3 * 3 5 7
5.5 0.930 0.930 0.930 3 * 3 5 7
6.0 0.940 0.940 0.940 3 * 3 5 7
6.5 0.954 0.954 0.956 3 * 3 5 7
7.0 0.962 0.962 0.962 3 * 3 5 7
7.5 0.972 0.972 0.973 3 * 3 5 7
8.0 0.977 0.977 0.978 3 * 3 5 7
8.5 0.981 0.981 0.982 3 * 3 5 7
9.0 0.982 0.982 0.983 3 * 3 5 7
9.5 0.987 0.987 0.987 3 * 3 5 7
10.0 0.986 0.986 0.987 3 * 3 5 7
0.5 0.000 0.000 0.000 1 * 1
1.0 0.000 0.000 0.000 1 * 1
1.5 0.255 0.208 0.177 1 * 3
2.0 0.442 0.360 0.306 1 * 3
2.5 0.446 0.431 0.401 2 * 3 5
3.0 0.608 0.591 0.557 2 * 3 5
3.5 0.748 0.728 0.688 2 * 3 5
4.0 0.762 0.748 0.740 2 * 3 6
4.5 0.832 0.832 0.822 3 * 3 5 7
5.0 0.893 0.893 0.890 3 * 3 5 7
5.5 0.919 0.919 0.918 3 * 3 5 7
6.0 0.941 0.941 0.941 3 * 3 5 7
6.5 0.947 0.947 0.947 3 * 3 5 7
7.0 0.964 0.964 0.964 3 * 3 5 7
7.5 0.971 0.971 0.972 3 * 3 5 7
8.0 0.976 0.976 0.977 3 * 3 5 7
8.5 0.979 0.979 0.980 3 * 3 5 7
9.0 0.986 0.986 0.987 3 * 3 5 7
9.5 0.990 0.990 0.990 3 * 3 5 7
10.0 0.991 0.991 0.991 3 * 3 5 7
0.5 0.000 0.000 0.000 1 * 1
1.0 0.000 0.000 0.000 1 * 1
1.5 0.232 0.189 0.161 1 * 3
2.0 0.300 0.284 0.265 1 * 4
2.5 0.460 0.447 0.420 2 * 3 5
3.0 0.622 0.605 0.572 2 * 3 5
3.5 0.726 0.706 0.666 2 * 3 5
4.0 0.671 0.674 0.650 3 * 3 5 7
4.5 0.843 0.843 0.836 3 * 3 5 7
5.0 0.891 0.891 0.886 3 * 3 5 7
5.5 0.920 0.920 0.919 3 * 3 5 7
6.0 0.937 0.937 0.937 3 * 3 5 7
6.5 0.951 0.951 0.952 3 * 3 5 7
7.0 0.908 0.922 0.832 3 * 3 5 8
7.5 0.967 0.967 0.968 3 * 3 5 7
8.0 0.978 0.978 0.978 3 * 3 5 7
8.5 0.981 0.981 0.982 3 * 3 5 7
9.0 0.984 0.984 0.984 3 * 3 5 7
9.5 0.988 0.988 0.988 3 * 3 5 7
10.0 0.991 0.991 0.991 3 * 3 5 7
0.5 0.000 0.000 0.000 1 * 1
1.0 0.009 0.008 0.007 1 * 2
1.5 0.254 0.207 0.176 1 * 3
2.0 0.432 0.352 0.299 1 * 3
2.5 0.453 0.438 0.409 2 * 3 5
3.0 0.622 0.605 0.570 2 * 3 5
3.5 0.723 0.703 0.663 2 * 3 5
4.0 0.693 0.714 0.619 3 * 3 5 7
4.5 0.838 0.838 0.830 3 * 3 5 7
5.0 0.890 0.890 0.888 3 * 3 5 7
5.5 0.919 0.919 0.918 3 * 3 5 7
6.0 0.941 0.941 0.942 3 * 3 5 7
6.5 0.959 0.959 0.959 3 * 3 5 7
7.0 0.961 0.961 0.962 3 * 3 5 7
7.5 0.972 0.972 0.973 3 * 3 5 7
8.0 0.979 0.979 0.979 3 * 3 5 7
8.5 0.980 0.980 0.981 3 * 3 5 7
9.0 0.984 0.984 0.984 3 * 3 5 7
9.5 0.990 0.990 0.990 3 * 3 5 7
10.0 0.989 0.989 0.990 3 * 3 5 7
0.5 0.000 0.000 0.000 1 * 1
1.0 0.000 0.000 0.000 1 * 1
1.5 0.269 0.219 0.186 1 * 3
2.0 0.439 0.358 0.304 1 * 3
2.5 0.442 0.427 0.398 2 * 3 5
3.0 0.609 0.593 0.560 2 * 3 5
3.5 0.680 0.665 0.654 2 * 3 6
4.0 0.761 0.748 0.743 2 * 3 6
4.5 0.842 0.842 0.833 3 * 3 5 7
5.0 0.899 0.899 0.898 3 * 3 5 7
5.5 0.925 0.925 0.924 3 * 3 5 7
6.0 0.940 0.940 0.940 3 * 3 5 7
6.5 0.954 0.954 0.953 3 * 3 5 7
7.0 0.960 0.960 0.961 3 * 3 5 7
7.5 0.974 0.974 0.974 3 * 3 5 7
8.0 0.976 0.976 0.977 3 * 3 5 7
8.5 0.979 0.979 0.980 3 * 3 5 7
9.0 0.988 0.988 0.988 3 * 3 5 7
9.5 0.984 0.984 0.985 3 * 3 5 7
10.0 0.989 0.989 0.990 3 * 3 5 7
0.5 0.000 0.000 0.000 1 * 1
1.0 0.001 0.001 0.001 1 * 2
1.5 0.249 0.203 0.173 1 * 3
2.0 0.455 0.371 0.315 1 * 3
2.5 0.451 0.438 0.412 2 * 3 5
3.0 0.604 0.588 0.557 2 * 3 5
3.5 0.650 0.632 0.597 2 * 3 6
4.0 0.780 0.768 0.760 2 * 3 6
4.5 0.851 0.851 0.843 3 * 3 5 7
5.0 0.887 0.887 0.883 3 * 3 5 7
5.5 0.920 0.920 0.919 3 * 3 5 7
6.0 0.944 0.944 0.944 3 * 3 5 7
6.5 0.952 0.952 0.953 3 * 3 5 7
7.0 0.970 0.970 0.971 3 * 3 5 7
7.5 0.967 0.967 0.968 3 * 3 5 7
8.0 0.977 0.977 0.978 3 * 3 5 7
8.5 0.981 0.981 0.982 3 * 3 5 7
9.0 0.982 0.982 0.983 3 * 3 5 7
9.5 0.991 0.991 0.992 3 * 3 5 7
10.0 0.991 0.991 0.991 3 * 3 5 7
0.5 0.000 0.000 0.000 1 * 1
1.0 0.000 0.000 0.000 1 * 1
1.5 0.247 0.201 0.171 1 * 3
2.0 0.442 0.360 0.307 1 * 3
2.5 0.463 0.450 0.423 2 * 3 5
3.0 0.624 0.607 0.574 2 * 3 5
3.5 0.732 0.713 0.673 2 * 3 5
4.0 0.762 0.748 0.740 2 * 3 6
4.5 0.834 0.834 0.827 3 * 3 5 7
5.0 0.897 0.897 0.893 3 * 3 5 7
5.5 0.920 0.920 0.918 3 * 3 5 7
6.0 0.942 0.942 0.942 3 * 3 5 7
6.5 0.957 0.957 0.958 3 * 3 5 7
7.0 0.963 0.963 0.964 3 * 3 5 7
7.5 0.970 0.970 0.971 3 * 3 5 7
8.0 0.978 0.978 0.979 3 * 3 5 7
8.5 0.978 0.978 0.979 3 * 3 5 7
9.0 0.987 0.987 0.988 3 * 3 5 7
9.5 0.986 0.986 0.987 3 * 3 5 7
10.0 0.987 0.987 0.987 3 * 3 5 7
0.5 0.000 0.000 0.000 1 * 1
1.0 0.027 0.022 0.019 1 * 2
1.5 0.245 0.200 0.170 1 * 3
2.0 0.443 0.360 0.307 1 * 3
2.5 0.445 0.432 0.407 2 * 3 5
3.0 0.598 0.582 0.550 2 * 3 5
3.5 0.731 0.712 0.673 2 * 3 5
4.0 0.776 0.763 0.755 2 * 3 6
4.5 0.839 0.839 0.831 3 * 3 5 7
5.0 0.891 0.891 0.889 3 * 3 5 7
5.5 0.922 0.922 0.922 3 * 3 5 7
6.0 0.941 0.941 0.941 3 * 3 5 7
6.5 0.952 0.952 0.951 3 * 3 5 7
7.0 0.965 0.965 0.965 3 * 3 5 7
7.5 0.972 0.972 0.973 3 * 3 5 7
8.0 0.978 0.978 0.979 3 * 3 5 7
8.5 0.981 0.981 0.981 3 * 3 5 7
9.0 0.986 0.986 0.986 3 * 3 5 7
9.5 0.989 0.989 0.989 3 * 3 5 7
10.0 0.988 0.988 0.989 3 * 3 5 7
0.5 0.000 0.000 0.000 1 * 1
1.0 0.000 0.000 0.000 1 * 1
1.5 0.253 0.206 0.176 1 * 3
2.0 0.441 0.360 0.306 1 * 3
2.5 0.423 0.411 0.391 1 * 4
3.0 0.608 0.591 0.559 2 * 3 5
3.5 0.731 0.711 0.672 2 * 3 5
4.0 0.777 0.765 0.753 2 * 3 6
4.5 0.846 0.846 0.839 3 * 3 5 7
5.0 0.887 0.887 0.886 3 * 3 5 7
5.5 0.921 0.921 0.921 3 * 3 5 7
6.0 0.938 0.938 0.937 3 * 3 5 7
6.5 0.959 0.959 0.960 3 * 3 5 7
7.0 0.965 0.965 0.965 3 * 3 5 7
7.5 0.974 0.974 0.974 3 * 3 5 7
8.0 0.975 0.975 0.975 3 * 3 5 7
8.5 0.977 0.977 0.978 3 * 3 5 7
9.0 0.987 0.987 0.987 3 * 3 5 7
9.5 0.988 0.988 0.988 3 * 3 5 7
10.0 0.989 0.989 0.990 3 * 3 5 7
0.5 0.000 0.000 0.000 1 * 1
1.0 0.021 0.017 0.015 1 * 2
1.5 0.235 0.192 0.163 1 * 3
2.0 0.445 0.362 0.308 1 * 3
2.5 0.456 0.442 0.413 2 * 3 5
3.0 0.617 0.601 0.568 2 * 3 5
3.5 0.655 0.637 0.603 2 * 3 6
4.0 0.749 0.749 0.724 3 * 3 5 7
4.5 0.840 0.840 0.831 3 * 3 5 7
5.0 0.892 0.892 0.890 3 * 3 5 7
5.5 0.925 0.925 0.925 3 * 3 5 7
6.0 0.935 0.935 0.935 3 * 3 5 7
6.5 0.955 0.955 0.954 3 * 3 5 7
7.0 0.966 0.966 0.967 3 * 3 5 7
7.5 0.969 0.969 0.970 3 * 3 5 7
8.0 0.978 0.978 0.979 3 * 3 5 7
8.5 0.981 0.981 0.982 3 * 3 5 7
9.0 0.983 0.983 0.985 3 * 3 5 7
9.5 0.989 0.989 0.990 3 * 3 5 7
10.0 0.990 0.990 0.990 3 * 3 5 7
0.5 0.000 0.000 0.000 1 * 1
1.0 0.027 0.023 0.020 1 * 2
1.5 0.261 0.213 0.181 1 * 3
2.0 0.442 0.360 0.306 1 * 3
2.5 0.442 0.428 0.401 2 * 3 5
3.0 0.599 0.582 0.548 2 * 3 5
3.5 0.725 0.705 0.666 2 * 3 5
4.0 0.731 0.731 0.708 3 * 3 5 7
4.5 0.846 0.846 0.839 3 * 3 5 7
5.0 0.888 0.888 0.884 3 * 3 5 7
5.5 0.923 0.923 0.921 3 * 3 5 7
6.0 0.945 0.945 0.944 3 * 3 5 7
6.5 0.950 0.950 0.951 3 * 3 5 7
7.0 0.964 0.964 0.965 3 * 3 5 7
7.5 0.964 0.964 0.965 3 * 3 5 7
8.0 0.973 0.973 0.974 3 * 3 5 7
8.5 0.981 0.981 0.983 3 * 3 5 7
9.0 0.984 0.984 0.985 3 * 3 5 7
9.5 0.988 0.988 0.988 3 * 3 5 7
10.0 0.983 0.983 0.984 3 * 3 5 7
0.5 0.000 0.000 0.000 1 * 1
1.0 0.013 0.010 0.009 1 * 2
1.5 0.255 0.208 0.177 1 * 3
2.0 0.438 0.357 0.304 1 * 3
2.5 0.446 0.432 0.412 1 * 4
3.0 0.600 0.584 0.550 2 * 3 5
3.5 0.657 0.639 0.603 2 * 3 6
4.0 0.706 0.680 0.652 2 * 3 7
4.5 0.844 0.844 0.834 3 * 3 5 7
5.0 0.890 0.890 0.887 3 * 3 5 7
5.5 0.918 0.918 0.916 3 * 3 5 7
6.0 0.934 0.934 0.935 3 * 3 5 7
6.5 0.958 0.958 0.958 3 * 3 5 7
7.0 0.963 0.963 0.963 3 * 3 5 7
7.5 0.970 0.970 0.970 3 * 3 5 7
8.0 0.973 0.973 0.973 3 * 3 5 7
8.5 0.981 0.981 0.981 3 * 3 5 7
9.0 0.985 0.985 0.985 3 * 3 5 7
9.5 0.990 0.990 0.990 3 * 3 5 7
10.0 0.992 0.992 0.992 3 * 3 5 7
0.5 0.000 0.000 0.000 1 * 1
1.0 0.000 0.000 0.000 1 * 1
1.5 0.259 0.211 0.180 1 * 3
2.0 0.450 0.367 0.312 1 * 3
2.5 0.455 0.441 0.413 2 * 3 5
3.0 0.620 0.603 0.569 2 * 3 5
3.5 0.731 0.712 0.674 2 * 3 5
4.0 0.751 0.751 0.730 3 * 3 5 7
4.5 0.831 0.831 0.818 3 * 3 5 7
5.0 0.889 0.889 0.888 3 * 3 5 7
5.5 0.921 0.921 0.920 3 * 3 5 7
6.0 0.940 0.940 0.939 3 * 3 5 7
6.5 0.959 0.959 0.960 3 * 3 5 7
7.0 0.966 0.966 0.966 3 * 3 5 7
7.5 0.977 0.977 0.977 3 * 3 5 7
8.0 0.977 0.977 0.978 3 * 3 5 7
8.5 0.981 0.981 0.981 3 * 3 5 7
9.0 0.983 0.983 0.984 3 * 3 5 7
9.5 0.987 0.987 0.988 3 * 3 5 7
10.0 0.989 0.989 0.989 3 * 3 5 7
0.5 0.000 0.000 0.000 1 * 1
1.0 0.000 0.000 0.000 1 * 1
1.5 0.258 0.210 0.179 1 * 3
2.0 0.307 0.295 0.277 1 * 4
2.5 0.448 0.433 0.414 1 * 4
3.0 0.622 0.605 0.572 2 * 3 5
3.5 0.733 0.714 0.675 2 * 3 5
4.0 0.743 0.743 0.722 3 * 3 5 7
4.5 0.845 0.845 0.838 3 * 3 5 7
5.0 0.892 0.892 0.892 3 * 3 5 7
5.5 0.916 0.916 0.916 3 * 3 5 7
6.0 0.936 0.936 0.936 3 * 3 5 7
6.5 0.954 0.954 0.954 3 * 3 5 7
7.0 0.961 0.961 0.961 3 * 3 5 7
7.5 0.973 0.973 0.974 3 * 3 5 7
8.0 0.977 0.977 0.978 3 * 3 5 7
8.5 0.982 0.982 0.982 3 * 3 5 7
9.0 0.986 0.986 0.987 3 * 3 5 7
9.5 0.989 0.989 0.990 3 * 3 5 7
10.0 0.990 0.990 0.990 3 * 3 5 7
