0.5 0.000 0.000 0.000 1 * 1
1.0 0.032 0.026 0.022 1 * 2
1.5 0.240 0.196 0.166 1 * 3
2.0 0.437 0.356 0.303 1 * 3
2.5 0.444 0.431 0.411 1 * 4
3.0 0.628 0.611 0.576 2 * 3 5
3.5 0.742 0.721 0.680 2 * 3 5
4.0 0.757 0.757 0.738 3 * 3 5 7
4.5 0.837 0.837 0.831 3 * 3 5 7
5.0 0.893 0.893 0.890 3 * 3 5 7
5.5 0.920 0.920 0.919 3 * 3 5 7
6.0 0.943 0.943 0.942 3 * 3 5 7
6.5 0.955 0.955 0.955 3 * 3 5 7
7.0 0.967 0.967 0.967 3 * 3 5 7
7.5 0.973 0.973 0.973 3 * 3 5 7
8.0 0.981 0.981 0.981 3 * 3 5 7
8.5 0.982 0.982 0.983 3 * 3 5 7
9.0 0.983 0.983 0.984 3 * 3 5 7
9.5 0.982 0.982 0.983 3 * 3 5 7
10.0 0.992 0.992 0.992 3 * 3 5 7
0.5 0.000 0.000 0.000 1 * 1
1.0 0.000 0.000 0.000 1 * 1
1.5 0.259 0.211 0.180 1 * 3
2.0 0.444 0.362 0.308 1 * 3
2.5 0.457 0.444 0.417 2 * 3 5
3.0 0.607 0.591 0.558 2 * 3 5
3.5 0.729 0.709 0.669 2 * 3 5
4.0 0.760 0.760 0.739 3 * 3 5 7
4.5 0.851 0.851 0.845 3 * 3 5 7
5.0 0.893 0.893 0.891 3 * 3 5 7
5.5 0.922 0.922 0.919 3 * 3 5 7
6.0 0.937 0.937 0.935 3 * 3 5 7
6.5 0.952 0.952 0.952 3 * 3 5 7
7.0 0.967 0.967 0.968 3 * 3 5 7
7.5 0.970 0.970 0.970 3 * 3 5 7
8.0 0.974 0.974 0.976 3 * 3 5 7
8.5 0.981 0.981 0.982 3 * 3 5 7
9.0 0.986 0.986 0.987 3 * 3 5 7
9.5 0.990 0.990 0.990 3 * 3 5 7
10.0 0.988 0.988 0.988 3 * 3 5 7
0.5 0.000 0.000 0.000 1 * 1
1.0 0.000 0.000 0.000 1 * 1
1.5 0.259 0.211 0.180 1 * 3
2.0 0.464 0.378 0.322 1 * 3
2.5 0.456 0.441 0.411 2 * 3 5
3.0 0.609 0.592 0.558 2 * 3 5
3.5 0.715 0.697 0.660 2 * 3 5
4.0 0.730 0.730 0.706 3 * 3 5 7
4.5 0.844 0.844 0.834 3 * 3 5 7
5.0 0.887 0.887 0.885 3 * 3 5 7
5.5 0.918 0.918 0.919 3 * 3 5 7
6.0 0.939 0.939 0.939 3 * 3 5 7
6.5 0.954 0.954 0.954 3 * 3 5 7
7.0 0.967 0.967 0.968 3 * 3 5 7
7.5 0.969 0.969 0.969 3 * 3 5 7
8.0 0.980 0.980 0.981 3 * 3 5 7
8.5 0.982 0.982 0.982 3 * 3 5 7
9.0 0.987 0.987 0.988 3 * 3 5 7
9.5 0.989 0.989 0.989 3 * 3 5 7
10.0 0.991 0.991 0.991 3 * 3 5 7
0.5 0.000 0.000 0.000 1 * 1
1.0 0.030 0.024 0.021 1 * 2
1.5 0.251 0.205 0.175 1 * 3
2.0 0.300 0.282 0.262 1 * 4
2.5 0.454 0.440 0.413 2 * 3 5
3.0 0.599 0.582 0.548 2 * 3 5
3.5 0.723 0.703 0.663 2 * 3 5
4.0 0.784 0.773 0.765 2 * 3 6
4.5 0.850 0.850 0.843 3 * 3 5 7
5.0 0.894 0.894 0.894 3 * 3 5 7
5.5 0.925 0.925 0.922 3 * 3 5 7
6.0 0.940 0.940 0.941 3 * 3 5 7
6.5 0.953 0.953 0.954 3 * 3 5 7
7.0 0.966 0.966 0.968 3 * 3 5 7
7.5 0.967 0.967 0.967 3 * 3 5 7
8.0 0.978 0.978 0.979 3 * 3 5 7
8.5 0.980 0.980 0.980 3 * 3 5 7
9.0 0.984 0.984 0.985 3 * 3 5 7
9.5 0.987 0.987 0.988 3 * 3 5 7
10.0 0.989 0.989 0.990 3 * 3 5 7
0.5 0.000 0.000 0.000 1 * 1
1.0 0.000 0.000 0.000 1 * 1
1.5 0.259 0.211 0.179 1 * 3
2.0 0.440 0.359 0.305 1 * 3
2.5 0.445 0.430 0.411 1 * 4
3.0 0.619 0.602 0.568 2 * 3 5
3.5 0.646 0.633 0.630 2 * 3 6
4.0 0.766 0.766 0.748 3 * 3 5 7
4.5 0.828 0.828 0.815 3 * 3 5 7
5.0 0.890 0.890 0.888 3 * 3 5 7
5.5 0.926 0.926 0.925 3 * 3 5 7
6.0 0.949 0.949 0.949 3 * 3 5 7
6.5 0.953 0.953 0.952 3 * 3 5 7
7.0 0.968 0.968 0.969 3 * 3 5 7
7.5 0.968 0.968 0.967 3 * 3 5 7
8.0 0.979 0.979 0.979 3 * 3 5 7
8.5 0.978 0.978 0.979 3 * 3 5 7
9.0 0.986 0.986 0.987 3 * 3 5 7
9.5 0.988 0.988 0.988 3 * 3 5 7
10.0 0.990 0.990 0.990 3 * 3 5 7
0.5 0.000 0.000 0.000 1 * 1
1.0 0.011 0.009 0.008 1 * 2
1.5 0.249 0.203 0.173 1 * 3
2.0 0.436 0.355 0.302 1 * 3
2.5 0.436 0.421 0.391 2 * 3 5
3.0 0.603 0.587 0.553 2 * 3 5
3.5 0.735 0.714 0.673 2 * 3 5
4.0 0.782 0.770 0.763 2 * 3 6
4.5 0.842 0.842 0.833 3 * 3 5 7
5.0 0.895 0.895 0.893 3 * 3 5 7
5.5 0.922 0.922 0.920 3 * 3 5 7
6.0 0.939 0.939 0.940 3 * 3 5 7
6.5 0.950 0.950 0.951 3 * 3 5 7
7.0 0.972 0.972 0.972 3 * 3 5 7
7.5 0.973 0.973 0.973 3 * 3 5 7
8.0 0.980 0.980 0.981 3 * 3 5 7
8.5 0.984 0.984 0.984 3 * 3 5 7
9.0 0.980 0.980 0.981 3 * 3 5 7
9.5 0.989 0.989 0.989 3 * 3 5 7
10.0 0.989 0.989 0.990 3 * 3 5 7
0.5 0.000 0.000 0.000 1 * 1
1.0 0.000 0.000 0.000 1 * 1
1.5 0.255 0.207 0.176 1 * 3
2.0 0.453 0.369 0.314 1 * 3
2.5 0.467 0.452 0.423 2 * 3 5
3.0 0.599 0.582 0.549 2 * 3 5
3.5 0.740 0.720 0.681 2 * 3 5
4.0 0.707 0.679 0.648 2 * 3 7
4.5 0.849 0.849 0.840 3 * 3 5 7
5.0 0.892 0.892 0.891 3 * 3 5 7
5.5 0.925 0.925 0.924 3 * 3 5 7
6.0 0.943 0.943 0.943 3 * 3 5 7
6.5 0.955 0.955 0.955 3 * 3 5 7
7.0 0.969 0.969 0.969 3 * 3 5 7
7.5 0.973 0.973 0.974 3 * 3 5 7
8.0 0.976 0.976 0.977 3 * 3 5 7
8.5 0.985 0.985 0.985 3 * 3 5 7
9.0 0.984 0.984 0.985 3 * 3 5 7
9.5 0.987 0.987 0.988 3 * 3 5 7
10.0 0.992 0.992 0.992 3 * 3 5 7
0.5 0.000 0.000 0.000 1 * 1
1.0 0.000 0.000 0.000 1 * 1
1.5 0.235 0.192 0.163 1 * 3
2.0 0.445 0.363 0.309 1 * 3
2.5 0.452 0.439 0.412 2 * 3 5
3.0 0.621 0.604 0.570 2 * 3 5
3.5 0.743 0.721 0.679 2 * 3 5
4.0 0.726 0.726 0.701 3 * 3 5 7
4.5 0.840 0.840 0.832 3 * 3 5 7
5.0 0.901 0.901 0.899 3 * 3 5 7
5.5 0.922 0.922 0.922 3 * 3 5 7
6.0 0.937 0.937 0.937 3 * 3 5 7
6.5 0.957 0.957 0.956 3 * 3 5 7
7.0 0.961 0.961 0.962 3 * 3 5 7
7.5 0.970 0.970 0.971 3 * 3 5 7
8.0 0.975 0.975 0.975 3 * 3 5 7
8.5 0.979 0.979 0.980 3 * 3 5 7
9.0 0.985 0.985 0.986 3 * 3 5 7
9.5 0.989 0.989 0.990 3 * 3 5 7
10.0 0.992 0.992 0.992 3 * 3 5 7
0.5 0.000 0.000 0.000 1 * 1
1.0 0.000 0.000 0.000 1 * 1
1.5 0.250 0.204 0.173 1 * 3
2.0 0.443 0.361 0.307 1 * 3
2.5 0.441 0.427 0.408 1 * 4
3.0 0.621 0.604 0.570 2 * 3 5
3.5 0.740 0.720 0.681 2 * 3 5
4.0 0.677 0.661 0.667 2 * 3 7
4.5 0.840 0.840 0.833 3 * 3 5 7
5.0 0.888 0.888 0.885 3 * 3 5 7
5.5 0.916 0.916 0.915 3 * 3 5 7
6.0 0.937 0.937 0.937 3 * 3 5 7
6.5 0.951 0.951 0.951 3 * 3 5 7
7.0 0.960 0.960 0.960 3 * 3 5 7
7.5 0.975 0.975 0.976 3 * 3 5 7
8.0 0.978 0.978 0.979 3 * 3 5 7
8.5 0.980 0.980 0.981 3 * 3 5 7
9.0 0.985 0.985 0.986 3 * 3 5 7
9.5 0.987 0.987 0.988 3 * 3 5 7
10.0 0.989 0.989 0.990 3 * 3 5 7
0.5 0.000 0.000 0.000 1 * 1
1.0 0.010 0.008 0.007 1 * 2
1.5 0.245 0.199 0.169 1 * 3
2.0 0.453 0.369 0.314 1 * 3
2.5 0.442 0.427 0.397 2 * 3 5
3.0 0.615 0.598 0.564 2 * 3 5
3.5 0.723 0.703 0.664 2 * 3 5
4.0 0.744 0.744 0.720 3 * 3 5 7
4.5 0.846 0.846 0.838 3 * 3 5 7
5.0 0.892 0.892 0.888 3 * 3 5 7
5.5 0.926 0.926 0.925 3 * 3 5 7
6.0 0.942 0.942 0.943 3 * 3 5 7
6.5 0.958 0.958 0.956 3 * 3 5 7
7.0 0.967 0.967 0.968 3 * 3 5 7
7.5 0.974 0.974 0.975 3 * 3 5 7
8.0 0.979 0.979 0.980 3 * 3 5 7
8.5 0.981 0.981 0.981 3 * 3 5 7
9.0 0.985 0.985 0.985 3 * 3 5 7
9.5 0.986 0.986 0.987 3 * 3 5 7
10.0 0.988 0.988 0.989 3 * 3 5 7
0.5 0.000 0.000 0.000 1 * 1
1.0 0.000 0.000 0.000 1 * 1
1.5 0.252 0.205 0.174 1 * 3
2.0 0.443 0.361 0.307 1 * 3
2.5 0.449 0.434 0.415 1 * 4
3.0 0.600 0.583 0.549 2 * 3 5
3.5 0.715 0.695 0.656 2 * 3 5
4.0 0.779 0.767 0.761 2 * 3 6
4.5 0.846 0.846 0.840 3 * 3 5 7
5.0 0.896 0.896 0.892 3 * 3 5 7
5.5 0.919 0.919 0.918 3 * 3 5 7
6.0 0.944 0.944 0.943 3 * 3 5 7
6.5 0.952 0.952 0.952 3 * 3 5 7
7.0 0.961 0.961 0.962 3 * 3 5 7
7.5 0.971 0.971 0.971 3 * 3 5 7
8.0 0.977 0.977 0.978 3 * 3 5 7
8.5 0.983 0.983 0.983 3 * 3 5 7
9.0 0.984 0.984 0.985 3 * 3 5 7
9.5 0.988 0.988 0.989 3 * 3 5 7
10.0 0.988 0.988 0.989 3 * 3 5 7
0.5 0.000 0.000 0.000 1 * 1
1.0 0.000 0.000 0.000 1 * 1
1.5 0.249 0.203 0.173 1 * 3
2.0 0.460 0.374 0.319 1 * 3
2.5 0.423 0.411 0.391 1 * 4
3.0 0.623 0.605 0.570 2 * 3 5
3.5 0.725 0.705 0.665 2 * 3 5
4.0 0.774 0.762 0.753 2 * 3 6
4.5 0.827 0.827 0.815 3 * 3 5 7
5.0 0.889 0.889 0.886 3 * 3 5 7
5.5 0.919 0.919 0.918 3 * 3 5 7
6.0 0.936 0.936 0.937 3 * 3 5 7
6.5 0.953 0.953 0.954 3 * 3 5 7
7.0 0.964 0.964 0.965 3 * 3 5 7
7.5 0.967 0.967 0.968 3 * 3 5 7
8.0 0.973 0.973 0.973 3 * 3 5 7
8.5 0.977 0.977 0.978 3 * 3 5 7
9.0 0.988 0.988 0.989 3 * 3 5 7
9.5 0.984 0.984 0.985 3 * 3 5 7
10.0 0.991 0.991 0.991 3 * 3 5 7
0.5 0.000 0.000 0.000 1 * 1
1.0 0.000 0.000 0.000 1 * 1
1.5 0.252 0.206 0.175 1 * 3
2.0 0.449 0.366 0.312 1 * 3
2.5 0.593 0.483 0.410 1 * 3
3.0 0.606 0.589 0.554 2 * 3 5
3.5 0.727 0.708 0.668 2 * 3 5
4.0 0.775 0.761 0.753 2 * 3 6
4.5 0.861 0.861 0.856 3 * 3 5 7
5.0 0.889 0.889 0.888 3 * 3 5 7
5.5 0.922 0.922 0.920 3 * 3 5 7
6.0 0.941 0.941 0.941 3 * 3 5 7
6.5 0.955 0.955 0.955 3 * 3 5 7
7.0 0.966 0.966 0.966 3 * 3 5 7
7.5 0.973 0.973 0.974 3 * 3 5 7
8.0 0.975 0.975 0.976 3 * 3 5 7
8.5 0.982 0.982 0.982 3 * 3 5 7
9.0 0.986 0.986 0.986 3 * 3 5 7
9.5 0.983 0.983 0.984 3 * 3 5 7
10.0 0.990 0.990 0.991 3 * 3 5 7
0.5 0.000 0.000 0.000 1 * 1
1.0 0.000 0.000 0.000 1 * 1
1.5 0.251 0.204 0.174 1 * 3
2.0 0.443 0.361 0.307 1 * 3
2.5 0.457 0.442 0.411 2 * 3 5
3.0 0.601 0.585 0.553 2 * 3 5
3.5 0.740 0.719 0.678 2 * 3 5
4.0 0.753 0.753 0.736 3 * 3 5 7
4.5 0.843 0.843 0.838 3 * 3 5 7
5.0 0.885 0.885 0.884 3 * 3 5 7
5.5 0.925 0.925 0.924 3 * 3 5 7
6.0 0.937 0.937 0.937 3 * 3 5 7
6.5 0.956 0.956 0.956 3 * 3 5 7
7.0 0.964 0.964 0.964 3 * 3 5 7
7.5 0.976 0.976 0.976 3 * 3 5 7
8.0 0.979 0.979 0.979 3 * 3 5 7
8.5 0.985 0.985 0.986 3 * 3 5 7
9.0 0.985 0.985 0.985 3 * 3 5 7
9.5 0.985 0.985 0.985 3 * 3 5 7
10.0 0.990 0.990 0.990 3 * 3 5 7
0.5 0.000 0.000 0.000 1 * 1
1.0 0.000 0.000 0.000 1 * 1
1.5 0.245 0.200 0.170 1 * 3
2.0 0.450 0.367 0.312 1 * 3
2.5 0.448 0.432 0.414 1 * 4
3.0 0.616 0.599 0.565 2 * 3 5
3.5 0.723 0.703 0.663 2 * 3 5
4.0 0.789 0.777 0.767 2 * 3 6
4.5 0.840 0.840 0.833 3 * 3 5 7
5.0 0.885 0.885 0.885 3 * 3 5 7
5.5 0.918 0.918 0.919 3 * 3 5 7
6.0 0.942 0.942 0.942 3 * 3 5 7
6.5 0.957 0.957 0.958 3 * 3 5 7
7.0 0.960 0.960 0.960 3 * 3 5 7
7.5 0.970 0.970 0.971 3 * 3 5 7
8.0 0.980 0.980 0.981 3 * 3 5 7
8.5 0.980 0.980 0.981 3 * 3 5 7
9.0 0.982 0.982 0.982 3 * 3 5 7
9.5 0.986 0.986 0.987 3 * 3 5 7
10.0 0.989 0.989 0.990 3 * 3 5 7
0.5 0.000 0.000 0.000 1 * 1
1.0 0.000 0.000 0.000 1 * 1
1.5 0.248 0.202 0.172 1 * 3
2.0 0.455 0.370 0.315 1 * 3
2.5 0.448 0.433 0.402 2 * 3 5
3.0 0.624 0.608 0.576 2 * 3 5
3.5 0.726 0.706 0.664 2 * 3 5
4.0 0.744 0.744 0.723 3 * 3 5 7
4.5 0.829 0.829 0.815 3 * 3 5 7
5.0 0.887 0.887 0.885 3 * 3 5 7
5.5 0.916 0.916 0.917 3 * 3 5 7
6.0 0.944 0.944 0.944 3 * 3 5 7
6.5 0.957 0.957 0.957 3 * 3 5 7
7.0 0.968 0.968 0.969 3 * 3 5 7
7.5 0.970 0.970 0.971 3 * 3 5 7
8.0 0.977 0.977 0.978 3 * 3 5 7
8.5 0.982 0.982 0.982 3 * 3 5 7
9.0 0.987 0.987 0.987 3 * 3 5 7
9.5 0.990 0.990 0.990 3 * 3 5 7
10.0 0.987 0.987 0.988 3 * 3 5 7
0.5 0.000 0.000 0.000 1 * 1
1.0 0.000 0.000 0.000 1 * 1
1.5 0.261 0.213 0.181 1 * 3
2.0 0.452 0.368 0.313 1 * 3
2.5 0.438 0.423 0.393 2 * 3 5
3.0 0.600 0.584 0.553 2 * 3 5
3.5 0.738 0.718 0.677 2 * 3 5
4.0 0.768 0.756 0.745 2 * 3 6
4.5 0.855 0.855 0.849 3 * 3 5 7
5.0 0.886 0.886 0.883 3 * 3 5 7
5.5 0.916 0.916 0.916 3 * 3 5 7
6.0 0.942 0.942 0.942 3 * 3 5 7
6.5 0.948 0.948 0.948 3 * 3 5 7
7.0 0.962 0.962 0.962 3 * 3 5 7
7.5 0.971 0.971 0.972 3 * 3 5 7
8.0 0.979 0.979 0.980 3 * 3 5 7
8.5 0.981 0.981 0.982 3 * 3 5 7
9.0 0.984 0.984 0.984 3 * 3 5 7
9.5 0.987 0.987 0.987 3 * 3 5 7
10.0 0.989 0.989 0.989 3 * 3 5 7
0.5 0.000 0.000 0.000 1 * 1
1.0 0.000 0.000 0.000 1 * 1
1.5 0.229 0.187 0.159 1 * 3
2.0 0.456 0.372 0.316 1 * 3
2.5 0.457 0.442 0.413 2 * 3 5
3.0 0.608 0.591 0.557 2 * 3 5
3.5 0.736 0.716 0.676 2 * 3 5
4.0 0.771 0.760 0.751 2 * 3 6
4.5 0.842 0.842 0.834 3 * 3 5 7
5.0 0.885 0.885 0.885 3 * 3 5 7
5.5 0.929 0.929 0.927 3 * 3 5 7
6.0 0.940 0.940 0.940 3 * 3 5 7
6.5 0.955 0.955 0.954 3 * 3 5 7
7.0 0.966 0.966 0.967 3 * 3 5 7
7.5 0.973 0.973 0.973 3 * 3 5 7
8.0 0.981 0.981 0.981 3 * 3 5 7
8.5 0.981 0.981 0.982 3 * 3 5 7
9.0 0.986 0.986 0.987 3 * 3 5 7
9.5 0.985 0.985 0.986 3 * 3 5 7
10.0 0.988 0.988 0.989 3 * 3 5 7
0.5 0.000 0.000 0.000 1 * 1
1.0 0.000 0.000 0.000 1 * 1
1.5 0.262 0.213 0.182 1 * 3
2.0 0.443 0.361 0.307 1 * 3
2.5 0.450 0.436 0.409 2 * 3 5
3.0 0.602 0.587 0.556 2 * 3 5
3.5 0.736 0.716 0.675 2 * 3 5
4.0 0.726 0.726 0.704 3 * 3 5 7
4.5 0.843 0.843 0.833 3 * 3 5 7
5.0 0.888 0.888 0.885 3 * 3 5 7
5.5 0.920 0.920 0.919 3 * 3 5 7
6.0 0.939 0.939 0.938 3 * 3 5 7
6.5 0.953 0.953 0.954 3 * 3 5 7
7.0 0.966 0.966 0.966 3 * 3 5 7
7.5 0.975 0.975 0.976 3 * 3 5 7
8.0 0.975 0.975 0.975 3 * 3 5 7
8.5 0.979 0.979 0.980 3 * 3 5 7
9.0 0.984 0.984 0.985 3 * 3 5 7
9.5 0.988 0.988 0.988 3 * 3 5 7
10.0 0.987 0.987 0.988 3 * 3 5 7
0.5 0.000 0.000 0.000 1 * 1
1.0 0.000 0.000 0.000 1 * 1
1.5 0.232 0.189 0.161 1 * 3
2.0 0.458 0.373 0.317 1 * 3
2.5 0.449 0.434 0.404 2 * 3 5
3.0 0.624 0.608 0.575 2 * 3 5
3.5 0.743 0.723 0.682 2 * 3 5
4.0 0.760 0.760 0.742 3 * 3 5 7
4.5 0.852 0.852 0.844 3 * 3 5 7
5.0 0.892 0.892 0.891 3 * 3 5 7
5.5 0.927 0.927 0.925 3 * 3 5 7
6.0 0.946 0.946 0.947 3 * 3 5 7
6.5 0.952 0.952 0.951 3 * 3 5 7
7.0 0.966 0.966 0.966 3 * 3 5 7
7.5 0.971 0.971 0.972 3 * 3 5 7
8.0 0.974 0.974 0.975 3 * 3 5 7
8.5 0.984 0.984 0.985 3 * 3 5 7
9.0 0.983 0.983 0.984 3 * 3 5 7
9.5 0.990 0.990 0.991 3 * 3 5 7
10.0 0.987 0.987 0.988 3 * 3 5 7
0.5 0.000 0.000 0.000 1 * 1
1.0 0.000 0.000 0.000 1 * 1
1.5 0.252 0.206 0.175 1 * 3
2.0 0.439 0.357 0.304 1 * 3
2.5 0.425 0.412 0.392 1 * 4
3.0 0.609 0.592 0.558 2 * 3 5
3.5 0.743 0.723 0.681 2 * 3 5
4.0 0.726 0.726 0.699 3 * 3 5 7
4.5 0.823 0.823 0.810 3 * 3 5 7
5.0 0.885 0.885 0.881 3 * 3 5 7
5.5 0.927 0.927 0.926 3 * 3 5 7
6.0 0.944 0.944 0.945 3 * 3 5 7
6.5 0.955 0.955 0.956 3 * 3 5 7
7.0 0.965 0.965 0.965 3 * 3 5 7
7.5 0.966 0.966 0.966 3 * 3 5 7
8.0 0.975 0.975 0.975 3 * 3 5 7
8.5 0.981 0.981 0.982 3 * 3 5 7
9.0 0.981 0.981 0.982 3 * 3 5 7
9.5 0.985 0.985 0.986 3 * 3 5 7
10.0 0.988 0.988 0.989 3 * 3 5 7
0.5 0.000 0.000 0.000 1 * 1
1.0 0.010 0.008 0.007 1 * 2
1.5 0.253 0.206 0.175 1 * 3
2.0 0.445 0.363 0.309 1 * 3
2.5 0.596 0.485 0.413 1 * 3
3.0 0.619 0.601 0.566 2 * 3 5
3.5 0.735 0.715 0.676 2 * 3 5
4.0 0.774 0.761 0.753 2 * 3 6
4.5 0.859 0.859 0.853 3 * 3 5 7
5.0 0.883 0.883 0.879 3 * 3 5 7
5.5 0.923 0.923 0.923 3 * 3 5 7
6.0 0.941 0.941 0.939 3 * 3 5 7
6.5 0.952 0.952 0.951 3 * 3 5 7
7.0 0.962 0.962 0.963 3 * 3 5 7
7.5 0.971 0.971 0.971 3 * 3 5 7
8.0 0.976 0.976 0.977 3 * 3 5 7
8.5 0.979 0.979 0.980 3 * 3 5 7
9.0 0.985 0.985 0.985 3 * 3 5 7
9.5 0.986 0.986 0.986 3 * 3 5 7
10.0 0.990 0.990 0.990 3 * 3 5 7
0.5 0.000 0.000 0.000 1 * 1
1.0 0.020 0.017 0.014 1 * 2
1.5 0.247 0.201 0.171 1 * 3
2.0 0.446 0.364 0.309 1 * 3
2.5 0.472 0.457 0.428 2 * 3 5
3.0 0.601 0.585 0.551 2 * 3 5
3.5 0.731 0.712 0.673 2 * 3 5
4.0 0.766 0.753 0.741 2 * 3 6
4.5 0.848 0.848 0.841 3 * 3 5 7
5.0 0.890 0.890 0.887 3 * 3 5 7
5.5 0.929 0.929 0.928 3 * 3 5 7
6.0 0.943 0.943 0.943 3 * 3 5 7
6.5 0.956 0.956 0.957 3 * 3 5 7
7.0 0.967 0.967 0.969 3 * 3 5 7
7.5 0.973 0.973 0.974 3 * 3 5 7
8.0 0.982 0.982 0.982 3 * 3 5 7
8.5 0.981 0.981 0.981 3 * 3 5 7
9.0 0.983 0.983 0.984 3 * 3 5 7
9.5 0.985 0.985 0.986 3 * 3 5 7
10.0 0.990 0.990 0.990 3 * 3 5 7
0.5 0.000 0.000 0.000 1 * 1
1.0 0.000 0.000 0.000 1 * 1
1.5 0.253 0.206 0.175 1 * 3
2.0 0.314 0.303 0.286 1 * 4
2.5 0.439 0.424 0.394 2 * 3 5
3.0 0.602 0.585 0.549 2 * 3 5
3.5 0.733 0.714 0.675 2 * 3 5
4.0 0.751 0.751 0.729 3 * 3 5 7
4.5 0.850 0.850 0.844 3 * 3 5 7
5.0 0.893 0.893 0.889 3 * 3 5 7
5.5 0.924 0.924 0.924 3 * 3 5 7
6.0 0.940 0.940 0.940 3 * 3 5 7
6.5 0.951 0.951 0.952 3 * 3 5 7
7.0 0.964 0.964 0.965 3 * 3 5 7
7.5 0.972 0.972 0.973 3 * 3 5 7
8.0 0.978 0.978 0.979 3 * 3 5 7
8.5 0.984 0.984 0.985 3 * 3 5 7
9.0 0.986 0.986 0.986 3 * 3 5 7
9.5 0.988 0.988 0.989 3 * 3 5 7
10.0 0.989 0.989 0.990 3 * 3 5 7
0.5 0.000 0.000 0.000 1 * 1
1.0 0.000 0.000 0.000 1 * 1
1.5 0.241 0.196 0.167 1 * 3
2.0 0.459 0.374 0.318 1 * 3
2.5 0.452 0.438 0.410 2 * 3 5
3.0 0.610 0.594 0.562 2 * 3 5
3.5 0.737 0.718 0.679 2 * 3 5
4.0 0.749 0.749 0.727 3 * 3 5 7
4.5 0.821 0.821 0.808 3 * 3 5 7
5.0 0.895 0.895 0.894 3 * 3 5 7
5.5 0.923 0.923 0.923 3 * 3 5 7
6.0 0.939 0.939 0.938 3 * 3 5 7
6.5 0.954 0.954 0.955 3 * 3 5 7
7.0 0.965 0.965 0.966 3 * 3 5 7
7.5 0.968 0.968 0.969 3 * 3 5 7
8.0 0.977 0.977 0.977 3 * 3 5 7
8.5 0.979 0.979 0.980 3 * 3 5 7
9.0 0.989 0.989 0.989 3 * 3 5 7
9.5 0.987 0.987 0.988 3 * 3 5 7
10.0 0.987 0.987 0.988 3 * 3 5 7
0.5 0.000 0.000 0.000 1 * 1
1.0 0.000 0.000 0.000 1 * 1
1.5 0.262 0.213 0.181 1 * 3
2.0 0.455 0.370 0.315 1 * 3
2.5 0.447 0.431 0.398 2 * 3 5
3.0 0.598 0.582 0.551 2 * 3 5
3.5 0.718 0.699 0.661 2 * 3 5
4.0 0.772 0.759 0.750 2 * 3 6
4.5 0.843 0.843 0.833 3 * 3 5 7
5.0 0.894 0.894 0.892 3 * 3 5 7
5.5 0.918 0.918 0.916 3 * 3 5 7
6.0 0.939 0.939 0.938 3 * 3 5 7
6.5 0.961 0.961 0.960 3 * 3 5 7
7.0 0.970 0.970 0.969 3 * 3 5 7
7.5 0.973 0.973 0.974 3 * 3 5 7
8.0 0.978 0.978 0.979 3 * 3 5 7
8.5 0.979 0.979 0.980 3 * 3 5 7
9.0 0.983 0.983 0.983 3 * 3 5 7
9.5 0.990 0.990 0.990 3 * 3 5 7
10.0 0.988 0.988 0.988 3 * 3 5 7
0.5 0.000 0.000 0.000 1 * 1
1.0 0.000 0.000 0.000 1 * 1
1.5 0.263 0.215 0.183 1 * 3
2.0 0.410 0.334 0.284 1 * 3
2.5 0.437 0.422 0.404 1 * 4
3.0 0.611 0.594 0.560 2 * 3 5
3.5 0.736 0.716 0.677 2 * 3 5
4.0 0.772 0.759 0.749 2 * 3 6
4.5 0.852 0.852 0.842 3 * 3 5 7
5.0 0.891 0.891 0.888 3 * 3 5 7
5.5 0.919 0.919 0.917 3 * 3 5 7
6.0 0.935 0.935 0.934 3 * 3 5 7
6.5 0.954 0.954 0.954 3 * 3 5 7
7.0 0.962 0.962 0.963 3 * 3 5 7
7.5 0.970 0.970 0.970 3 * 3 5 7
8.0 0.976 0.976 0.977 3 * 3 5 7
8.5 0.981 0.981 0.981 3 * 3 5 7
9.0 0.983 0.983 0.984 3 * 3 5 7
9.5 0.987 0.987 0.987 3 * 3 5 7
10.0 0.988 0.988 0.989 3 * 3 5 7
0.5 0.000 0.000 0.000 1 * 1
1.0 0.000 0.000 0.000 1 * 1
1.5 0.267 0.217 0.185 1 * 3
2.0 0.438 0.357 0.304 1 * 3
2.5 0.447 0.433 0.413 1 * 4
3.0 0.606 0.589 0.556 2 * 3 5
3.5 0.721 0.703 0.665 2 * 3 5
4.0 0.773 0.759 0.754 2 * 3 6
4.5 0.843 0.843 0.839 3 * 3 5 7
5.0 0.891 0.891 0.886 3 * 3 5 7
5.5 0.917 0.917 0.916 3 * 3 5 7
6.0 0.937 0.937 0.936 3 * 3 5 7
6.5 0.959 0.959 0.958 3 * 3 5 7
7.0 0.964 0.964 0.963 3 * 3 5 7
7.5 0.973 0.973 0.973 3 * 3 5 7
8.0 0.979 0.979 0.979 3 * 3 5 7
8.5 0.983 0.983 0.984 3 * 3 5 7
9.0 0.928 0.944 0.849 3 * 3 5 8
9.5 0.988 0.988 0.989 3 * 3 5 7
10.0 0.989 0.989 0.989 3 * 3 5 7
0.5 0.000 0.000 0.000 1 * 1
1.0 0.000 0.000 0.000 1 * 1
1.5 0.244 0.199 0.170 1 * 3
2.0 0.442 0.360 0.306 1 * 3
2.5 0.454 0.439 0.410 2 * 3 5
3.0 0.607 0.589 0.552 2 * 3 5
3.5 0.724 0.704 0.664 2 * 3 5
4.0 0.776 0.763 0.755 2 * 3 6
4.5 0.828 0.828 0.815 3 * 3 5 7
5.0 0.891 0.891 0.888 3 * 3 5 7
5.5 0.920 0.920 0.919 3 * 3 5 7
6.0 0.944 0.944 0.943 3 * 3 5 7
6.5 0.952 0.952 0.952 3 * 3 5 7
7.0 0.966 0.966 0.967 3 * 3 5 7
7.5 0.969 0.969 0.969 3 * 3 5 7
8.0 0.980 0.980 0.981 3 * 3 5 7
8.5 0.983 0.983 0.984 3 * 3 5 7
9.0 0.982 0.982 0.983 3 * 3 5 7
9.5 0.986 0.986 0.987 3 * 3 5 7
10.0 0.990 0.990 0.990 3 * 3 5 7
0.5 0.000 0.000 0.000 1 * 1
1.0 0.000 0.000 0.000 1 * 1
1.5 0.256 0.209 0.178 1 * 3
2.0 0.448 0.364 0.310 1 * 3
2.5 0.430 0.417 0.395 1 * 4
3.0 0.616 0.600 0.567 2 * 3 5
3.5 0.677 0.662 0.651 2 * 3 6
4.0 0.768 0.754 0.749 2 * 3 6
4.5 0.819 0.819 0.809 3 * 3 5 7
5.0 0.887 0.887 0.885 3 * 3 5 7
5.5 0.916 0.916 0.915 3 * 3 5 7
6.0 0.944 0.944 0.943 3 * 3 5 7
6.5 0.955 0.955 0.955 3 * 3 5 7
7.0 0.963 0.963 0.963 3 * 3 5 7
7.5 0.971 0.971 0.972 3 * 3 5 7
8.0 0.978 0.978 0.979 3 * 3 5 7
8.5 0.981 0.981 0.982 3 * 3 5 7
9.0 0.984 0.984 0.984 3 * 3 5 7
9.5 0.986 0.986 0.987 3 * 3 5 7
10.0 0.990 0.990 0.990 3 * 3 5 7
0.5 0.000 0.000 0.000 1 * 1
1.0 0.000 0.000 0.000 1 * 1
1.5 0.254 0.207 0.176 1 * 3
2.0 0.442 0.360 0.307 1 * 3
2.5 0.428 0.416 0.395 1 * 4
3.0 0.617 0.601 0.569 2 * 3 5
3.5 0.726 0.707 0.669 2 * 3 5
4.0 0.715 0.697 0.662 2 * 3 6
4.5 0.846 0.846 0.837 3 * 3 5 7
5.0 0.890 0.890 0.888 3 * 3 5 7
5.5 0.918 0.918 0.917 3 * 3 5 7
6.0 0.933 0.933 0.933 3 * 3 5 7
6.5 0.948 0.948 0.948 3 * 3 5 7
7.0 0.965 0.965 0.964 3 * 3 5 7
7.5 0.973 0.973 0.973 3 * 3 5 7
8.0 0.976 0.976 0.976 3 * 3 5 7
8.5 0.982 0.982 0.982 3 * 3 5 7
9.0 0.983 0.983 0.984 3 * 3 5 7
9.5 0.987 0.987 0.988 3 * 3 5 7
10.0 0.988 0.988 0.989 3 * 3 5 7
0.5 0.000 0.000 0.000 1 * 1
1.0 0.022 0.018 0.015 1 * 2
1.5 0.258 0.210 0.179 1 * 3
2.0 0.458 0.373 0.317 1 * 3
2.5 0.451 0.433 0.416 1 * 4
3.0 0.637 0.621 0.587 2 * 3 5
3.5 0.727 0.709 0.671 2 * 3 5
4.0 0.706 0.679 0.650 2 * 3 7
4.5 0.854 0.854 0.847 3 * 3 5 7
5.0 0.894 0.894 0.890 3 * 3 5 7
5.5 0.922 0.922 0.920 3 * 3 5 7
6.0 0.947 0.947 0.946 3 * 3 5 7
6.5 0.950 0.950 0.951 3 * 3 5 7
7.0 0.968 0.968 0.968 3 * 3 5 7
7.5 0.972 0.972 0.972 3 * 3 5 7
8.0 0.975 0.975 0.975 3 * 3 5 7
8.5 0.985 0.985 0.985 3 * 3 5 7
9.0 0.983 0.983 0.984 3 * 3 5 7
9.5 0.988 0.988 0.988 3 * 3 5 7
10.0 0.991 0.991 0.992 3 * 3 5 7
0.5 0.000 0.000 0.000 1 * 1
1.0 0.000 0.000 0.000 1 * 1
1.5 0.253 0.206 0.175 1 * 3
2.0 0.462 0.376 0.320 1 * 3
2.5 0.452 0.438 0.411 2 * 3 5
3.0 0.602 0.587 0.556 2 * 3 5
3.5 0.739 0.719 0.679 2 * 3 5
4.0 0.750 0.737 0.727 2 * 3 6
4.5 0.841 0.841 0.831 3 * 3 5 7
5.0 0.891 0.891 0.887 3 * 3 5 7
5.5 0.919 0.919 0.917 3 * 3 5 7
6.0 0.935 0.935 0.934 3 * 3 5 7
6.5 0.942 0.942 0.942 3 * 3 5 7
7.0 0.963 0.963 0.963 3 * 3 5 7
7.5 0.977 0.977 0.978 3 * 3 5 7
8.0 0.977 0.977 0.978 3 * 3 5 7
8.5 0.978 0.978 0.979 3 * 3 5 7
9.0 0.985 0.985 0.985 3 * 3 5 7
9.5 0.988 0.988 0.988 3 * 3 5 7
10.0 0.988 0.988 0.988 3 * 3 5 7
0.5 0.000 0.000 0.000 1 * 1
1.0 0.000 0.000 0.000 1 * 1
1.5 0.245 0.200 0.170 1 * 3
2.0 0.443 0.361 0.307 1 * 3
2.5 0.461 0.447 0.419 2 * 3 5
3.0 0.598 0.582 0.550 2 * 3 5
3.5 0.728 0.708 0.668 2 * 3 5
4.0 0.727 0.727 0.707 3 * 3 5 7
4.5 0.841 0.841 0.834 3 * 3 5 7
5.0 0.896 0.896 0.892 3 * 3 5 7
5.5 0.924 0.924 0.924 3 * 3 5 7
6.0 0.946 0.946 0.945 3 * 3 5 7
6.5 0.955 0.955 0.954 3 * 3 5 7
7.0 0.964 0.964 0.965 3 * 3 5 7
7.5 0.974 0.974 0.975 3 * 3 5 7
8.0 0.979 0.979 0.980 3 * 3 5 7
8.5 0.984 0.984 0.985 3 * 3 5 7
9.0 0.985 0.985 0.985 3 * 3 5 7
9.5 0.988 0.988 0.989 3 * 3 5 7
10.0 0.990 0.990 0.991 3 * 3 5 7
0.5 0.000 0.000 0.000 1 * 1
1.0 -0.000 -0.000 -0.000 1 * 2
1.5 0.278 0.226 0.193 1 * 3
2.0 0.443 0.361 0.307 1 * 3
2.5 0.464 0.449 0.420 2 * 3 5
3.0 0.620 0.604 0.571 2 * 3 5
3.5 0.674 0.655 0.618 2 * 3 6
4.0 0.753 0.753 0.735 3 * 3 5 7
4.5 0.848 0.848 0.839 3 * 3 5 7
5.0 0.894 0.894 0.891 3 * 3 5 7
5.5 0.921 0.921 0.920 3 * 3 5 7
6.0 0.939 0.939 0.939 3 * 3 5 7
6.5 0.952 0.952 0.952 3 * 3 5 7
7.0 0.963 0.963 0.964 3 * 3 5 7
7.5 0.973 0.973 0.974 3 * 3 5 7
8.0 0.979 0.979 0.980 3 * 3 5 7
8.5 0.980 0.980 0.980 3 * 3 5 7
9.0 0.984 0.984 0.984 3 * 3 5 7
9.5 0.989 0.989 0.990 3 * 3 5 7
10.0 0.992 0.992 0.992 3 * 3 5 7
0.5 0.000 0.000 0.000 1 * 1
1.0 0.030 0.025 0.021 1 * 2
1.5 0.258 0.211 0.179 1 * 3
2.0 0.432 0.352 0.299 1 * 3
2.5 0.450 0.436 0.407 2 * 3 5
3.0 0.611 0.594 0.560 2 * 3 5
3.5 0.728 0.708 0.669 2 * 3 5
4.0 0.775 0.775 0.760 3 * 3 5 7
4.5 0.839 0.839 0.830 3 * 3 5 7
5.0 0.900 0.900 0.897 3 * 3 5 7
5.5 0.923 0.923 0.922 3 * 3 5 7
6.0 0.942 0.942 0.942 3 * 3 5 7
6.5 0.890 0.905 0.815 3 * 3 5 8
7.0 0.962 0.962 0.962 3 * 3 5 7
7.5 0.970 0.970 0.970 3 * 3 5 7
8.0 0.973 0.973 0.973 3 * 3 5 7
8.5 0.983 0.983 0.984 3 * 3 5 7
9.0 0.989 0.989 0.990 3 * 3 5 7
9.5 0.984 0.984 0.985 3 * 3 5 7
10.0 0.991 0.991 0.991 3 * 3 5 7
0.5 0.000 0.000 0.000 1 * 1
1.0 0.000 0.000 0.000 1 * 1
1.5 0.258 0.210 0.178 1 * 3
2.0 0.449 0.366 0.311 1 * 3
2.5 0.452 0.438 0.410 2 * 3 5
3.0 0.625 0.609 0.575 2 * 3 5
3.5 0.727 0.708 0.671 2 * 3 5
4.0 0.775 0.775 0.758 3 * 3 5 7
4.5 0.853 0.853 0.845 3 * 3 5 7
5.0 0.887 0.887 0.886 3 * 3 5 7
5.5 0.924 0.924 0.922 3 * 3 5 7
6.0 0.944 0.944 0.942 3 * 3 5 7
6.5 0.956 0.956 0.956 3 * 3 5 7
7.0 0.964 0.964 0.963 3 * 3 5 7
7.5 0.973 0.973 0.973 3 * 3 5 7
8.0 0.977 0.977 0.978 3 * 3 5 7
8.5 0.982 0.982 0.983 3 * 3 5 7
9.0 0.987 0.987 0.987 3 * 3 5 7
9.5 0.985 0.985 0.986 3 * 3 5 7
10.0 0.990 0.990 0.990 3 * 3 5 7
0.5 0.000 0.000 0.000 1 * 1
1.0 0.000 0.000 0.000 1 * 1
1.5 0.156 0.147 0.137 1 * 4
2.0 0.427 0.348 0.296 1 * 3
2.5 0.439 0.424 0.406 1 * 4
3.0 0.614 0.597 0.562 2 * 3 5
3.5 0.639 0.627 0.617 2 * 3 6
4.0 0.717 0.690 0.661 2 * 3 7
4.5 0.840 0.840 0.832 3 * 3 5 7
5.0 0.886 0.886 0.882 3 * 3 5 7
5.5 0.929 0.929 0.931 3 * 3 5 7
6.0 0.941 0.941 0.940 3 * 3 5 7
6.5 0.943 0.943 0.944 3 * 3 5 7
7.0 0.964 0.964 0.964 3 * 3 5 7
7.5 0.971 0.971 0.972 3 * 3 5 7
8.0 0.979 0.979 0.980 3 * 3 5 7
8.5 0.979 0.979 0.979 3 * 3 5 7
9.0 0.984 0.984 0.985 3 * 3 5 7
9.5 0.987 0.987 0.988 3 * 3 5 7
10.0 0.990 0.990 0.990 3 * 3 5 7
0.5 0.000 0.000 0.000 1 * 1
1.0 0.000 0.000 0.000 1 * 1
1.5 0.264 0.215 0.183 1 * 3
2.0 0.432 0.352 0.300 1 * 3
2.5 0.426 0.413 0.388 2 * 3 5
3.0 0.620 0.603 0.570 2 * 3 5
3.5 0.721 0.702 0.664 2 * 3 5
4.0 0.729 0.729 0.703 3 * 3 5 7
4.5 0.838 0.838 0.833 3 * 3 5 7
5.0 0.897 0.897 0.895 3 * 3 5 7
5.5 0.925 0.925 0.924 3 * 3 5 7
6.0 0.938 0.938 0.937 3 * 3 5 7
6.5 0.958 0.958 0.957 3 * 3 5 7
7.0 0.962 0.962 0.962 3 * 3 5 7
7.5 0.970 0.970 0.970 3 * 3 5 7
8.0 0.977 0.977 0.977 3 * 3 5 7
8.5 0.980 0.980 0.981 3 * 3 5 7
9.0 0.983 0.983 0.983 3 * 3 5 7
9.5 0.987 0.987 0.988 3 * 3 5 7
10.0 0.991 0.991 0.992 3 * 3 5 7
0.5 0.000 0.000 0.000 1 * 1
1.0 0.024 0.020 0.017 1 * 2
1.5 0.266 0.217 0.184 1 * 3
2.0 0.426 0.347 0.295 1 * 3
2.5 0.432 0.417 0.387 2 * 3 5
3.0 0.637 0.619 0.584 2 * 3 5
3.5 0.731 0.712 0.673 2 * 3 5
4.0 0.704 0.704 0.684 3 * 3 5 7
4.5 0.845 0.845 0.838 3 * 3 5 7
5.0 0.888 0.888 0.886 3 * 3 5 7
5.5 0.921 0.921 0.920 3 * 3 5 7
6.0 0.940 0.940 0.940 3 * 3 5 7
6.5 0.956 0.956 0.955 3 * 3 5 7
7.0 0.963 0.963 0.964 3 * 3 5 7
7.5 0.972 0.972 0.972 3 * 3 5 7
8.0 0.976 0.976 0.976 3 * 3 5 7
8.5 0.984 0.984 0.985 3 * 3 5 7
9.0 0.985 0.985 0.985 3 * 3 5 7
9.5 0.988 0.988 0.988 3 * 3 5 7
10.0 0.990 0.990 0.990 3 * 3 5 7
0.5 0.000 0.000 0.000 1 * 1
1.0 0.000 0.000 0.000 1 * 1
1.5 0.248 0.202 0.171 1 * 3
2.0 0.431 0.351 0.299 1 * 3
2.5 0.435 0.419 0.387 2 * 3 5
3.0 0.617 0.600 0.567 2 * 3 5
3.5 0.723 0.704 0.666 2 * 3 5
4.0 0.730 0.730 0.700 3 * 3 5 7
4.5 0.848 0.848 0.839 3 * 3 5 7
5.0 0.894 0.894 0.891 3 * 3 5 7
5.5 0.922 0.922 0.920 3 * 3 5 7
6.0 0.947 0.947 0.947 3 * 3 5 7
6.5 0.953 0.953 0.953 3 * 3 5 7
7.0 0.964 0.964 0.963 3 * 3 5 7
7.5 0.968 0.968 0.969 3 * 3 5 7
8.0 0.976 0.976 0.977 3 * 3 5 7
8.5 0.976 0.976 0.976 3 * 3 5 7
9.0 0.984 0.984 0.985 3 * 3 5 7
9.5 0.986 0.986 0.987 3 * 3 5 7
10.0 0.991 0.991 0.992 3 * 3 5 7
0.5 0.000 0.000 0.000 1 * 1
1.0 0.000 0.000 0.000 1 * 1
1.5 0.249 0.203 0.172 1 * 3
2.0 0.439 0.357 0.304 1 * 3
2.5 0.449 0.436 0.409 2 * 3 5
3.0 0.613 0.596 0.564 2 * 3 5
3.5 0.730 0.711 0.673 2 * 3 5
4.0 0.724 0.724 0.702 3 * 3 5 7
4.5 0.847 0.847 0.843 3 * 3 5 7
5.0 0.903 0.903 0.903 3 * 3 5 7
5.5 0.922 0.922 0.922 3 * 3 5 7
6.0 0.944 0.944 0.943 3 * 3 5 7
6.5 0.951 0.951 0.952 3 * 3 5 7
7.0 0.968 0.968 0.968 3 * 3 5 7
7.5 0.971 0.971 0.972 3 * 3 5 7
8.0 0.978 0.978 0.979 3 * 3 5 7
8.5 0.980 0.980 0.980 3 * 3 5 7
9.0 0.981 0.981 0.982 3 * 3 5 7
9.5 0.987 0.987 0.987 3 * 3 5 7
10.0 0.990 0.990 0.991 3 * 3 5 7
0.5 0.000 0.000 0.000 1 * 1
1.0 0.000 0.000 0.000 1 * 1
1.5 0.241 0.197 0.167 1 * 3
2.0 0.456 0.371 0.316 1 * 3
2.5 0.461 0.446 0.416 2 * 3 5
3.0 0.626 0.609 0.574 2 * 3 5
3.5 0.724 0.705 0.667 2 * 3 5
4.0 0.770 0.757 0.750 2 * 3 6
4.5 0.845 0.845 0.837 3 * 3 5 7
5.0 0.888 0.888 0.887 3 * 3 5 7
5.5 0.920 0.920 0.918 3 * 3 5 7
6.0 0.938 0.938 0.938 3 * 3 5 7
6.5 0.954 0.954 0.955 3 * 3 5 7
7.0 0.964 0.964 0.965 3 * 3 5 7
7.5 0.972 0.972 0.973 3 * 3 5 7
8.0 0.981 0.981 0.981 3 * 3 5 7
8.5 0.982 0.982 0.983 3 * 3 5 7
9.0 0.984 0.984 0.985 3 * 3 5 7
9.5 0.982 0.982 0.983 3 * 3 5 7
10.0 0.985 0.985 0.986 3 * 3 5 7
0.5 0.000 0.000 0.000 1 * 1
1.0 0.000 0.000 0.000 1 * 1
1.5 0.243 0.198 0.169 1 * 3
2.0 0.456 0.372 0.316 1 * 3
2.5 0.465 0.451 0.422 2 * 3 5
3.0 0.614 0.598 0.565 2 * 3 5
3.5 0.718 0.699 0.661 2 * 3 5
4.0 0.643 0.569 0.643 1 * 7
4.5 0.848 0.848 0.840 3 * 3 5 7
5.0 0.897 0.897 0.895 3 * 3 5 7
5.5 0.913 0.913 0.912 3 * 3 5 7
6.0 0.937 0.937 0.936 3 * 3 5 7
6.5 0.957 0.957 0.956 3 * 3 5 7
7.0 0.961 0.961 0.962 3 * 3 5 7
7.5 0.973 0.973 0.973 3 * 3 5 7
8.0 0.976 0.976 0.976 3 * 3 5 7
8.5 0.983 0.983 0.983 3 * 3 5 7
9.0 0.987 0.987 0.988 3 * 3 5 7
9.5 0.987 0.987 0.987 3 * 3 5 7
10.0 0.988 0.988 0.988 3 * 3 5 7
0.5 0.000 0.000 0.000 1 * 1
1.0 0.000 0.000 0.000 1 * 1
1.5 0.266 0.216 0.184 1 * 3
2.0 0.451 0.367 0.313 1 * 3
2.5 0.448 0.432 0.414 1 * 4
3.0 0.607 0.590 0.557 2 * 3 5
3.5 0.740 0.720 0.680 2 * 3 5
4.0 0.695 0.695 0.673 3 * 3 5 7
4.5 0.843 0.843 0.832 3 * 3 5 7
5.0 0.892 0.892 0.888 3 * 3 5 7
5.5 0.917 0.917 0.916 3 * 3 5 7
6.0 0.941 0.941 0.942 3 * 3 5 7
6.5 0.952 0.952 0.953 3 * 3 5 7
7.0 0.967 0.967 0.967 3 * 3 5 7
7.5 0.972 0.972 0.974 3 * 3 5 7
8.0 0.980 0.980 0.980 3 * 3 5 7
8.5 0.922 0.937 0.844 3 * 3 5 8
9.0 0.981 0.981 0.982 3 * 3 5 7
9.5 0.987 0.987 0.987 3 * 3 5 7
10.0 0.992 0.992 0.992 3 * 3 5 7
0.5 0.000 0.000 0.000 1 * 1
1.0 0.014 0.011 0.010 1 * 2
1.5 0.237 0.193 0.164 1 * 3
2.0 0.442 0.360 0.306 1 * 3
2.5 0.453 0.441 0.415 2 * 3 5
3.0 0.617 0.600 0.565 2 * 3 5
3.5 0.729 0.709 0.667 2 * 3 5
4.0 0.771 0.758 0.749 2 * 3 6
4.5 0.840 0.840 0.835 3 * 3 5 7
5.0 0.893 0.893 0.891 3 * 3 5 7
5.5 0.925 0.925 0.923 3 * 3 5 7
6.0 0.943 0.943 0.942 3 * 3 5 7
6.5 0.950 0.950 0.950 3 * 3 5 7
7.0 0.963 0.963 0.965 3 * 3 5 7
7.5 0.971 0.971 0.972 3 * 3 5 7
8.0 0.981 0.981 0.981 3 * 3 5 7
8.5 0.983 0.983 0.983 3 * 3 5 7
9.0 0.985 0.985 0.986 3 * 3 5 7
9.5 0.986 0.986 0.986 3 * 3 5 7
10.0 0.986 0.986 0.987 3 * 3 5 7
0.5 0.000 0.000 0.000 1 * 1
1.0 0.000 0.000 0.000 1 * 1
1.5 0.248 0.202 0.172 1 * 3
2.0 0.455 0.370 0.315 1 * 3
2.5 0.441 0.425 0.395 2 * 3 5
3.0 0.607 0.591 0.559 2 * 3 5
3.5 0.740 0.720 0.680 2 * 3 5
4.0 0.717 0.718 0.690 3 * 3 5 7
4.5 0.840 0.840 0.831 3 * 3 5 7
5.0 0.893 0.893 0.890 3 * 3 5 7
5.5 0.913 0.913 0.911 3 * 3 5 7
6.0 0.941 0.941 0.941 3 * 3 5 7
6.5 0.952 0.952 0.951 3 * 3 5 7
7.0 0.961 0.961 0.961 3 * 3 5 7
7.5 0.975 0.975 0.976 3 * 3 5 7
8.0 0.975 0.975 0.975 3 * 3 5 7
8.5 0.979 0.979 0.980 3 * 3 5 7
9.0 0.984 0.984 0.984 3 * 3 5 7
9.5 0.986 0.986 0.987 3 * 3 5 7
10.0 0.991 0.991 0.991 3 * 3 5 7
0.5 0.000 0.000 0.000 1 * 1
1.0 0.000 0.000 0.000 1 * 1
1.5 0.244 0.199 0.169 1 * 3
2.0 0.466 0.380 0.323 1 * 3
2.5 0.434 0.421 0.401 1 * 4
3.0 0.624 0.607 0.574 2 * 3 5
3.5 0.731 0.712 0.673 2 * 3 5
4.0 0.781 0.768 0.759 2 * 3 6
4.5 0.843 0.843 0.835 3 * 3 5 7
5.0 0.887 0.887 0.883 3 * 3 5 7
5.5 0.917 0.917 0.917 3 * 3 5 7
6.0 0.935 0.935 0.934 3 * 3 5 7
6.5 0.954 0.954 0.955 3 * 3 5 7
7.0 0.962 0.962 0.963 3 * 3 5 7
7.5 0.973 0.973 0.974 3 * 3 5 7
8.0 0.975 0.975 0.975 3 * 3 5 7
8.5 0.979 0.979 0.980 3 * 3 5 7
9.0 0.987 0.987 0.987 3 * 3 5 7
9.5 0.988 0.988 0.989 3 * 3 5 7
10.0 0.989 0.989 0.990 3 * 3 5 7
0.5 0.000 0.000 0.000 1 * 1
1.0 0.000 0.000 0.000 1 * 1
1.5 0.253 0.206 0.175 1 * 3
2.0 0.448 0.365 0.311 1 * 3
2.5 0.465 0.451 0.423 2 * 3 5
3.0 0.620 0.603 0.568 2 * 3 5
3.5 0.721 0.702 0.663 2 * 3 5
4.0 0.723 0.723 0.701 3 * 3 5 7
4.5 0.844 0.844 0.837 3 * 3 5 7
5.0 0.888 0.888 0.885 3 * 3 5 7
5.5 0.920 0.920 0.918 3 * 3 5 7
6.0 0.945 0.945 0.943 3 * 3 5 7
6.5 0.949 0.949 0.949 3 * 3 5 7
7.0 0.967 0.967 0.968 3 * 3 5 7
7.5 0.970 0.970 0.970 3 * 3 5 7
8.0 0.974 0.974 0.975 3 * 3 5 7
8.5 0.980 0.980 0.981 3 * 3 5 7
9.0 0.985 0.985 0.986 3 * 3 5 7
9.5 0.989 0.989 0.990 3 * 3 5 7
10.0 0.990 0.990 0.991 3 * 3 5 7
0.5 0.000 0.000 0.000 1 * 1
1.0 0.000 0.000 0.000 1 * 1
1.5 0.235 0.192 0.163 1 * 3
2.0 0.462 0.376 0.320 1 * 3
2.5 0.431 0.415 0.385 2 * 3 5
3.0 0.615 0.598 0.565 2 * 3 5
3.5 0.729 0.709 0.669 2 * 3 5
4.0 0.762 0.749 0.738 2 * 3 6
4.5 0.842 0.842 0.836 3 * 3 5 7
5.0 0.894 0.894 0.892 3 * 3 5 7
5.5 0.915 0.915 0.914 3 * 3 5 7
6.0 0.938 0.938 0.937 3 * 3 5 7
6.5 0.952 0.952 0.952 3 * 3 5 7
7.0 0.963 0.963 0.964 3 * 3 5 7
7.5 0.970 0.970 0.970 3 * 3 5 7
8.0 0.976 0.976 0.977 3 * 3 5 7
8.5 0.981 0.981 0.981 3 * 3 5 7
9.0 0.982 0.982 0.983 3 * 3 5 7
9.5 0.983 0.983 0.984 3 * 3 5 7
10.0 0.990 0.990 0.990 3 * 3 5 7
