0.5 0.000 0.000 0.000 1 * 1
1.0 0.011 0.007 0.004 1 * 2
1.5 0.258 0.158 0.087 1 * 3
2.0 0.444 0.272 0.149 1 * 3
2.5 0.397 0.341 0.230 2 * 3 8
3.0 0.610 0.536 0.388 2 * 3 9
3.5 0.660 0.615 0.467 3 * 3 9 12
4.0 0.737 0.737 0.638 3 * 3 9 20
4.5 0.838 0.838 0.809 3 * 3 9 26
5.0 0.906 0.906 0.894 3 * 3 9 27
5.5 0.935 0.935 0.930 3 * 3 9 27
6.0 0.886 0.886 0.911 3 * 3 9 27
6.5 0.970 0.970 0.967 3 * 3 9 27
7.0 0.981 0.981 0.978 3 * 3 9 27
7.5 0.990 0.990 0.988 3 * 3 9 27
8.0 0.991 0.991 0.990 3 * 3 9 27
8.5 0.996 0.996 0.995 3 * 3 9 27
9.0 0.997 0.997 0.996 3 * 3 9 27
9.5 0.998 0.998 0.998 3 * 3 9 27
10.0 0.998 0.998 0.998 3 * 3 9 27
0.5 0.000 0.000 0.000 1 * 1
1.0 0.027 0.016 0.009 1 * 2
1.5 0.238 0.146 0.080 1 * 3
2.0 0.421 0.258 0.141 1 * 3
2.5 0.399 0.339 0.221 2 * 3 7
3.0 0.607 0.533 0.385 2 * 3 9
3.5 0.677 0.631 0.481 3 * 3 9 12
4.0 0.735 0.735 0.630 3 * 3 9 19
4.5 0.809 0.825 0.785 4 * 3 9 12 25
5.0 0.899 0.899 0.887 3 * 3 9 27
5.5 0.937 0.937 0.931 3 * 3 9 27
6.0 0.960 0.960 0.956 3 * 3 9 27
6.5 0.973 0.973 0.969 3 * 3 9 27
7.0 0.983 0.983 0.981 3 * 3 9 27
7.5 0.988 0.988 0.987 3 * 3 9 27
8.0 0.993 0.993 0.991 3 * 3 9 27
8.5 0.995 0.995 0.994 3 * 3 9 27
9.0 0.998 0.998 0.997 3 * 3 9 27
9.5 0.999 0.999 0.998 3 * 3 9 27
10.0 0.999 0.999 0.998 3 * 3 9 27
0.5 0.000 0.000 0.000 1 * 1
1.0 0.000 0.000 0.000 1 * 1
1.5 0.224 0.137 0.075 1 * 3
2.0 0.443 0.271 0.148 1 * 3
2.5 0.383 0.322 0.200 2 * 3 6
3.0 0.543 0.485 0.367 2 * 3 10
3.5 0.632 0.594 0.476 3 * 3 9 13
4.0 0.727 0.727 0.623 3 * 3 9 19
4.5 0.826 0.826 0.788 3 * 3 9 25
5.0 0.901 0.901 0.891 3 * 3 9 27
5.5 0.937 0.937 0.930 3 * 3 9 27
6.0 0.962 0.962 0.956 3 * 3 9 27
6.5 0.974 0.974 0.972 3 * 3 9 27
7.0 0.983 0.983 0.980 3 * 3 9 27
7.5 0.988 0.988 0.986 3 * 3 9 27
8.0 0.995 0.995 0.993 3 * 3 9 27
8.5 0.996 0.996 0.994 3 * 3 9 27
9.0 0.996 0.996 0.996 3 * 3 9 27
9.5 0.998 0.998 0.997 3 * 3 9 27
10.0 0.999 0.999 0.998 3 * 3 9 27
0.5 0.000 0.000 0.000 1 * 1
1.0 0.000 0.000 0.000 1 * 1
1.5 0.244 0.149 0.082 1 * 3
2.0 0.304 0.212 0.134 1 * 4
2.5 0.411 0.353 0.238 2 * 3 8
3.0 0.616 0.541 0.392 2 * 3 9
3.5 0.662 0.626 0.480 3 * 3 9 13
4.0 0.712 0.712 0.618 3 * 3 10 19
4.5 0.835 0.835 0.805 3 * 3 9 26
5.0 0.905 0.905 0.889 3 * 3 9 27
5.5 0.939 0.939 0.933 3 * 3 9 27
6.0 0.962 0.962 0.957 3 * 3 9 27
6.5 0.976 0.976 0.971 3 * 3 9 27
7.0 0.983 0.983 0.979 3 * 3 9 27
7.5 0.929 0.929 0.945 3 * 3 9 27
8.0 0.994 0.994 0.993 3 * 3 9 27
8.5 0.996 0.996 0.994 3 * 3 9 27
9.0 0.996 0.996 0.996 3 * 3 9 27
9.5 0.998 0.998 0.997 3 * 3 9 27
10.0 0.998 0.998 0.998 3 * 3 9 27
0.5 0.000 0.000 0.000 1 * 1
1.0 0.000 0.000 0.000 1 * 1
1.5 0.268 0.164 0.090 1 * 3
2.0 0.433 0.265 0.145 1 * 3
2.5 0.411 0.350 0.228 2 * 3 7
3.0 0.613 0.537 0.384 2 * 3 9
3.5 0.624 0.580 0.457 3 * 3 10 12
4.0 0.735 0.735 0.645 3 * 3 9 20
4.5 0.845 0.845 0.812 3 * 3 9 26
5.0 0.905 0.905 0.892 3 * 3 9 27
5.5 0.936 0.936 0.930 3 * 3 9 27
6.0 0.959 0.959 0.954 3 * 3 9 27
6.5 0.970 0.970 0.967 3 * 3 9 27
7.0 0.982 0.982 0.980 3 * 3 9 27
7.5 0.990 0.990 0.987 3 * 3 9 27
8.0 0.991 0.991 0.990 3 * 3 9 27
8.5 0.997 0.997 0.996 3 * 3 9 27
9.0 0.997 0.997 0.997 3 * 3 9 27
9.5 0.998 0.998 0.998 3 * 3 9 27
10.0 0.999 0.999 0.998 3 * 3 9 27
0.5 0.000 0.000 0.000 1 * 1
1.0 0.000 0.000 0.000 1 * 1
1.5 0.175 0.120 0.074 1 * 4
2.0 0.446 0.273 0.149 1 * 3
2.5 0.452 0.392 0.272 2 * 3 9
3.0 0.550 0.491 0.373 2 * 3 10
3.5 0.627 0.583 0.459 3 * 3 10 12
4.0 0.715 0.712 0.590 3 * 3 9 17
4.5 0.849 0.849 0.829 3 * 3 9 27
5.0 0.908 0.908 0.894 3 * 3 9 27
5.5 0.936 0.936 0.930 3 * 3 9 27
6.0 0.956 0.956 0.952 3 * 3 9 27
6.5 0.971 0.971 0.968 3 * 3 9 27
7.0 0.983 0.983 0.980 3 * 3 9 27
7.5 0.988 0.988 0.986 3 * 3 9 27
8.0 0.992 0.992 0.992 3 * 3 9 27
8.5 0.995 0.995 0.995 3 * 3 9 27
9.0 0.997 0.997 0.996 3 * 3 9 27
9.5 0.998 0.998 0.997 3 * 3 9 27
10.0 0.998 0.998 0.997 3 * 3 9 27
0.5 0.000 0.000 0.000 1 * 1
1.0 0.000 0.000 0.000 1 * 1
1.5 0.239 0.147 0.080 1 * 3
2.0 0.311 0.217 0.136 1 * 4
2.5 0.390 0.332 0.216 2 * 3 7
3.0 0.606 0.531 0.381 2 * 3 9
3.5 0.603 0.550 0.443 2 * 3 11
4.0 0.741 0.741 0.646 3 * 3 9 20
4.5 0.825 0.825 0.788 3 * 3 9 25
5.0 0.902 0.902 0.889 3 * 3 9 27
5.5 0.940 0.940 0.930 3 * 3 9 27
6.0 0.959 0.959 0.954 3 * 3 9 27
6.5 0.973 0.973 0.971 3 * 3 9 27
7.0 0.982 0.982 0.980 3 * 3 9 27
7.5 0.990 0.990 0.990 3 * 3 9 27
8.0 0.993 0.993 0.990 3 * 3 9 27
8.5 0.995 0.995 0.995 3 * 3 9 27
9.0 0.997 0.997 0.996 3 * 3 9 27
9.5 0.998 0.998 0.998 3 * 3 9 27
10.0 0.999 0.999 0.999 3 * 3 9 27
0.5 0.000 0.000 0.000 1 * 1
1.0 0.000 0.000 0.000 1 * 1
1.5 0.250 0.153 0.084 1 * 3
2.0 0.301 0.210 0.132 1 * 4
2.5 0.375 0.316 0.197 2 * 3 6
3.0 0.605 0.531 0.382 2 * 3 9
3.5 0.660 0.617 0.466 3 * 3 9 12
4.0 0.735 0.735 0.629 3 * 3 9 19
4.5 0.839 0.839 0.809 3 * 3 9 26
5.0 0.899 0.899 0.887 3 * 3 9 27
5.5 0.939 0.939 0.933 3 * 3 9 27
6.0 0.962 0.962 0.958 3 * 3 9 27
6.5 0.975 0.975 0.969 3 * 3 9 27
7.0 0.984 0.984 0.981 3 * 3 9 27
7.5 0.984 0.984 0.984 3 * 3 9 27
8.0 0.993 0.993 0.993 3 * 3 9 27
8.5 0.997 0.997 0.996 3 * 3 9 27
9.0 0.997 0.997 0.997 3 * 3 9 27
9.5 0.997 0.997 0.997 3 * 3 9 27
10.0 0.998 0.998 0.997 3 * 3 9 27
0.5 0.000 0.000 0.000 1 * 1
1.0 0.000 0.000 0.000 1 * 1
1.5 0.263 0.161 0.088 1 * 3
2.0 0.449 0.274 0.150 1 * 3
2.5 0.397 0.341 0.230 2 * 3 8
3.0 0.609 0.534 0.386 2 * 3 9
3.5 0.619 0.566 0.461 2 * 3 12
4.0 0.726 0.726 0.633 3 * 3 9 20
4.5 0.833 0.833 0.804 3 * 3 9 26
5.0 0.900 0.900 0.892 3 * 3 9 27
5.5 0.934 0.934 0.930 3 * 3 9 27
6.0 0.956 0.956 0.952 3 * 3 9 27
6.5 0.975 0.975 0.971 3 * 3 9 27
7.0 0.980 0.980 0.978 3 * 3 9 27
7.5 0.988 0.988 0.986 3 * 3 9 27
8.0 0.993 0.993 0.993 3 * 3 9 27
8.5 0.996 0.996 0.995 3 * 3 9 27
9.0 0.997 0.997 0.996 3 * 3 9 27
9.5 0.998 0.998 0.998 3 * 3 9 27
10.0 0.998 0.998 0.998 3 * 3 9 27
0.5 0.000 0.000 0.000 1 * 1
1.0 0.020 0.012 0.007 1 * 2
1.5 0.157 0.109 0.068 1 * 4
2.0 0.445 0.272 0.149 1 * 3
2.5 0.421 0.362 0.245 2 * 3 8
3.0 0.607 0.533 0.386 2 * 3 9
3.5 0.670 0.624 0.473 3 * 3 9 12
4.0 0.729 0.729 0.617 3 * 3 9 18
4.5 0.836 0.836 0.807 3 * 3 9 26
5.0 0.911 0.911 0.900 3 * 3 9 27
5.5 0.932 0.932 0.926 3 * 3 9 27
6.0 0.960 0.960 0.957 3 * 3 9 27
6.5 0.975 0.975 0.972 3 * 3 9 27
7.0 0.981 0.981 0.980 3 * 3 9 27
7.5 0.990 0.990 0.988 3 * 3 9 27
8.0 0.995 0.995 0.993 3 * 3 9 27
8.5 0.996 0.996 0.994 3 * 3 9 27
9.0 0.998 0.998 0.997 3 * 3 9 27
9.5 0.998 0.998 0.997 3 * 3 9 27
10.0 0.999 0.999 0.998 3 * 3 9 27
0.5 0.000 0.000 0.000 1 * 1
1.0 0.000 0.000 0.000 1 * 1
1.5 0.242 0.148 0.081 1 * 3
2.0 0.447 0.274 0.150 1 * 3
2.5 0.408 0.351 0.235 2 * 3 8
3.0 0.600 0.526 0.379 2 * 3 9
3.5 0.676 0.630 0.478 3 * 3 9 12
4.0 0.745 0.745 0.642 3 * 3 9 20
4.5 0.841 0.841 0.812 3 * 3 9 26
5.0 0.901 0.901 0.888 3 * 3 9 27
5.5 0.935 0.935 0.925 3 * 3 9 27
6.0 0.962 0.962 0.956 3 * 3 9 27
6.5 0.971 0.971 0.968 3 * 3 9 27
7.0 0.983 0.983 0.978 3 * 3 9 27
7.5 0.987 0.987 0.987 3 * 3 9 27
8.0 0.994 0.994 0.992 3 * 3 9 27
8.5 0.995 0.995 0.995 3 * 3 9 27
9.0 0.997 0.997 0.996 3 * 3 9 27
9.5 0.998 0.998 0.998 3 * 3 9 27
10.0 0.999 0.999 0.999 3 * 3 9 27
0.5 0.000 0.000 0.000 1 * 1
1.0 0.000 0.000 0.000 1 * 1
1.5 0.245 0.150 0.082 1 * 3
2.0 0.306 0.213 0.134 1 * 4
2.5 0.397 0.337 0.217 2 * 3 7
3.0 0.598 0.525 0.377 2 * 3 9
3.5 0.664 0.627 0.482 3 * 3 9 13
4.0 0.727 0.727 0.616 3 * 3 9 18
4.5 0.837 0.837 0.814 3 * 3 9 26
5.0 0.903 0.903 0.890 3 * 3 9 27
5.5 0.937 0.937 0.932 3 * 3 9 27
6.0 0.960 0.960 0.956 3 * 3 9 27
6.5 0.975 0.975 0.972 3 * 3 9 27
7.0 0.984 0.984 0.981 3 * 3 9 27
7.5 0.990 0.990 0.988 3 * 3 9 27
8.0 0.994 0.994 0.994 3 * 3 9 27
8.5 0.995 0.995 0.994 3 * 3 9 27
9.0 0.997 0.997 0.997 3 * 3 9 27
9.5 0.998 0.998 0.998 3 * 3 9 27
10.0 0.999 0.999 0.999 3 * 3 9 27
0.5 0.000 0.000 0.000 1 * 1
1.0 0.000 0.000 0.000 1 * 1
1.5 0.269 0.165 0.090 1 * 3
2.0 0.310 0.217 0.137 1 * 4
2.5 0.394 0.337 0.223 2 * 3 8
3.0 0.591 0.519 0.375 2 * 3 9
3.5 0.652 0.608 0.465 3 * 3 9 12
4.0 0.722 0.722 0.605 3 * 3 9 18
4.5 0.849 0.849 0.820 3 * 3 9 26
5.0 0.900 0.900 0.889 3 * 3 9 27
5.5 0.938 0.938 0.932 3 * 3 9 27
6.0 0.958 0.958 0.953 3 * 3 9 27
6.5 0.972 0.972 0.968 3 * 3 9 27
7.0 0.913 0.913 0.935 3 * 3 9 27
7.5 0.989 0.989 0.988 3 * 3 9 27
8.0 0.992 0.992 0.990 3 * 3 9 27
8.5 0.995 0.995 0.994 3 * 3 9 27
9.0 0.996 0.996 0.997 3 * 3 9 27
9.5 0.998 0.998 0.998 3 * 3 9 27
10.0 0.998 0.998 0.998 3 * 3 9 27
0.5 0.000 0.000 0.000 1 * 1
1.0 0.000 0.000 0.000 1 * 1
1.5 0.234 0.143 0.079 1 * 3
2.0 0.437 0.267 0.146 1 * 3
2.5 0.391 0.329 0.205 2 * 3 6
3.0 0.588 0.516 0.372 2 * 3 9
3.5 0.663 0.610 0.464 3 * 3 9 11
4.0 0.726 0.726 0.619 3 * 3 9 19
4.5 0.839 0.839 0.810 3 * 3 9 26
5.0 0.906 0.906 0.892 3 * 3 9 27
5.5 0.940 0.940 0.935 3 * 3 9 27
6.0 0.890 0.890 0.913 3 * 3 9 27
6.5 0.974 0.974 0.971 3 * 3 9 27
7.0 0.983 0.983 0.981 3 * 3 9 27
7.5 0.990 0.990 0.987 3 * 3 9 27
8.0 0.993 0.993 0.991 3 * 3 9 27
8.5 0.995 0.995 0.994 3 * 3 9 27
9.0 0.996 0.996 0.995 3 * 3 9 27
9.5 0.998 0.998 0.998 3 * 3 9 27
10.0 0.999 0.999 0.999 3 * 3 9 27
0.5 0.000 0.000 0.000 1 * 1
1.0 0.020 0.013 0.007 1 * 2
1.5 0.252 0.154 0.085 1 * 3
2.0 0.315 0.220 0.138 1 * 4
2.5 0.427 0.367 0.245 2 * 3 8
3.0 0.599 0.525 0.378 2 * 3 9
3.5 0.654 0.618 0.478 3 * 3 9 13
4.0 0.712 0.712 0.600 3 * 3 9 18
4.5 0.828 0.828 0.793 3 * 3 9 25
5.0 0.903 0.903 0.890 3 * 3 9 27
5.5 0.938 0.938 0.935 3 * 3 9 27
6.0 0.889 0.889 0.912 3 * 3 9 27
6.5 0.899 0.899 0.925 3 * 3 9 27
7.0 0.984 0.984 0.983 3 * 3 9 27
7.5 0.988 0.988 0.986 3 * 3 9 27
8.0 0.991 0.991 0.990 3 * 3 9 27
8.5 0.994 0.994 0.993 3 * 3 9 27
9.0 0.997 0.997 0.996 3 * 3 9 27
9.5 0.998 0.998 0.998 3 * 3 9 27
10.0 0.999 0.999 0.998 3 * 3 9 27
0.5 0.000 0.000 0.000 1 * 1
1.0 0.012 0.008 0.004 1 * 2
1.5 0.266 0.163 0.089 1 * 3
2.0 0.430 0.263 0.144 1 * 3
2.5 0.406 0.344 0.221 2 * 3 7
3.0 0.563 0.500 0.374 2 * 3 10
3.5 0.640 0.596 0.466 3 * 3 9 12
4.0 0.712 0.712 0.601 3 * 3 9 18
4.5 0.847 0.847 0.817 3 * 3 9 26
5.0 0.895 0.895 0.886 3 * 3 9 27
5.5 0.938 0.938 0.930 3 * 3 9 27
6.0 0.959 0.959 0.955 3 * 3 9 27
6.5 0.977 0.977 0.972 3 * 3 9 27
7.0 0.981 0.981 0.979 3 * 3 9 27
7.5 0.989 0.989 0.986 3 * 3 9 27
8.0 0.991 0.991 0.991 3 * 3 9 27
8.5 0.997 0.997 0.996 3 * 3 9 27
9.0 0.997 0.997 0.996 3 * 3 9 27
9.5 0.998 0.998 0.998 3 * 3 9 27
10.0 0.999 0.999 0.999 3 * 3 9 27
0.5 0.000 0.000 0.000 1 * 1
1.0 0.000 0.000 0.000 1 * 1
1.5 0.235 0.144 0.079 1 * 3
2.0 0.440 0.269 0.147 1 * 3
2.5 0.416 0.357 0.240 2 * 3 8
3.0 0.586 0.513 0.368 2 * 3 9
3.5 0.654 0.617 0.473 3 * 3 9 13
4.0 0.729 0.729 0.637 3 * 3 9 20
4.5 0.845 0.845 0.813 3 * 3 9 26
5.0 0.902 0.902 0.894 3 * 3 9 27
5.5 0.873 0.873 0.895 3 * 3 9 27
6.0 0.961 0.961 0.955 3 * 3 9 27
6.5 0.972 0.972 0.968 3 * 3 9 27
7.0 0.984 0.984 0.981 3 * 3 9 27
7.5 0.988 0.988 0.987 3 * 3 9 27
8.0 0.932 0.932 0.949 3 * 3 9 27
8.5 0.996 0.996 0.995 3 * 3 9 27
9.0 0.996 0.996 0.996 3 * 3 9 27
9.5 0.999 0.999 0.998 3 * 3 9 27
10.0 0.999 0.999 0.998 3 * 3 9 27
0.5 0.000 0.000 0.000 1 * 1
1.0 0.014 0.009 0.005 1 * 2
1.5 0.253 0.155 0.085 1 * 3
2.0 0.432 0.265 0.145 1 * 3
2.5 0.389 0.330 0.213 2 * 3 7
3.0 0.613 0.538 0.389 2 * 3 9
3.5 0.658 0.621 0.478 3 * 3 9 13
4.0 0.720 0.739 0.643 4 * 3 9 14 20
4.5 0.849 0.849 0.828 3 * 3 9 27
5.0 0.902 0.902 0.891 3 * 3 9 27
5.5 0.938 0.938 0.932 3 * 3 9 27
6.0 0.962 0.962 0.958 3 * 3 9 27
6.5 0.973 0.973 0.970 3 * 3 9 27
7.0 0.986 0.986 0.982 3 * 3 9 27
7.5 0.989 0.989 0.988 3 * 3 9 27
8.0 0.994 0.994 0.993 3 * 3 9 27
8.5 0.994 0.994 0.994 3 * 3 9 27
9.0 0.997 0.997 0.997 3 * 3 9 27
9.5 0.997 0.997 0.997 3 * 3 9 27
10.0 0.999 0.999 0.999 3 * 3 9 27
0.5 0.000 0.000 0.000 1 * 1
1.0 0.028 0.017 0.010 1 * 2
1.5 0.248 0.152 0.083 1 * 3
2.0 0.297 0.205 0.128 1 * 4
2.5 0.397 0.341 0.229 2 * 3 8
3.0 0.600 0.526 0.377 2 * 3 9
3.5 0.675 0.629 0.477 3 * 3 9 12
4.0 0.732 0.732 0.635 3 * 3 9 20
4.5 0.836 0.836 0.809 3 * 3 9 26
5.0 0.905 0.905 0.896 3 * 3 9 27
5.5 0.873 0.873 0.893 3 * 3 9 27
6.0 0.961 0.961 0.956 3 * 3 9 27
6.5 0.975 0.975 0.971 3 * 3 9 27
7.0 0.981 0.981 0.979 3 * 3 9 27
7.5 0.988 0.988 0.988 3 * 3 9 27
8.0 0.992 0.992 0.990 3 * 3 9 27
8.5 0.995 0.995 0.994 3 * 3 9 27
9.0 0.997 0.997 0.996 3 * 3 9 27
9.5 0.998 0.998 0.997 3 * 3 9 27
10.0 0.999 0.999 0.998 3 * 3 9 27
0.5 0.000 0.000 0.000 1 * 1
1.0 0.032 0.020 0.011 1 * 2
1.5 0.242 0.148 0.081 1 * 3
2.0 0.441 0.270 0.147 1 * 3
2.5 0.418 0.359 0.243 2 * 3 8
3.0 0.548 0.489 0.372 2 * 3 10
3.5 0.666 0.621 0.474 3 * 3 9 12
4.0 0.719 0.719 0.602 3 * 3 9 18
4.5 0.850 0.850 0.832 3 * 3 9 27
5.0 0.900 0.900 0.889 3 * 3 9 27
5.5 0.940 0.940 0.932 3 * 3 9 27
6.0 0.962 0.962 0.957 3 * 3 9 27
6.5 0.972 0.972 0.969 3 * 3 9 27
7.0 0.982 0.982 0.980 3 * 3 9 27
7.5 0.988 0.988 0.987 3 * 3 9 27
8.0 0.993 0.993 0.991 3 * 3 9 27
8.5 0.995 0.995 0.995 3 * 3 9 27
9.0 0.998 0.998 0.997 3 * 3 9 27
9.5 0.998 0.998 0.998 3 * 3 9 27
10.0 0.999 0.999 0.998 3 * 3 9 27
0.5 0.000 0.000 0.000 1 * 1
1.0 0.000 0.000 0.000 1 * 1
1.5 0.245 0.150 0.082 1 * 3
2.0 0.298 0.206 0.128 1 * 4
2.5 0.404 0.347 0.231 2 * 3 8
3.0 0.593 0.520 0.374 2 * 3 9
3.5 0.636 0.578 0.462 2 * 3 11
4.0 0.715 0.715 0.604 3 * 3 9 18
4.5 0.828 0.828 0.791 3 * 3 9 25
5.0 0.902 0.902 0.891 3 * 3 9 27
5.5 0.936 0.936 0.930 3 * 3 9 27
6.0 0.960 0.960 0.957 3 * 3 9 27
6.5 0.974 0.974 0.970 3 * 3 9 27
7.0 0.985 0.985 0.982 3 * 3 9 27
7.5 0.989 0.989 0.987 3 * 3 9 27
8.0 0.992 0.992 0.991 3 * 3 9 27
8.5 0.995 0.995 0.994 3 * 3 9 27
9.0 0.998 0.998 0.997 3 * 3 9 27
9.5 0.998 0.998 0.998 3 * 3 9 27
10.0 0.998 0.998 0.998 3 * 3 9 27
0.5 0.000 0.000 0.000 1 * 1
1.0 0.012 0.007 0.004 1 * 2
1.5 0.257 0.157 0.086 1 * 3
2.0 0.306 0.215 0.136 1 * 4
2.5 0.415 0.354 0.232 2 * 3 7
3.0 0.551 0.492 0.374 2 * 3 10
3.5 0.633 0.588 0.465 3 * 3 10 12
4.0 0.723 0.723 0.612 3 * 3 9 18
4.5 0.843 0.843 0.814 3 * 3 9 26
5.0 0.907 0.907 0.896 3 * 3 9 27
5.5 0.869 0.869 0.892 3 * 3 9 27
6.0 0.964 0.964 0.959 3 * 3 9 27
6.5 0.974 0.974 0.972 3 * 3 9 27
7.0 0.984 0.984 0.981 3 * 3 9 27
7.5 0.990 0.990 0.989 3 * 3 9 27
8.0 0.936 0.936 0.951 3 * 3 9 27
8.5 0.993 0.993 0.994 3 * 3 9 27
9.0 0.997 0.997 0.995 3 * 3 9 27
9.5 0.998 0.998 0.997 3 * 3 9 27
10.0 0.999 0.999 0.998 3 * 3 9 27
0.5 0.000 0.000 0.000 1 * 1
1.0 0.000 0.000 0.000 1 * 1
1.5 0.229 0.140 0.077 1 * 3
2.0 0.311 0.218 0.138 1 * 4
2.5 0.300 0.252 0.202 1 * 7
3.0 0.609 0.534 0.384 2 * 3 9
3.5 0.643 0.582 0.460 2 * 3 11
4.0 0.735 0.735 0.642 3 * 3 9 20
4.5 0.839 0.839 0.813 3 * 3 9 26
5.0 0.901 0.901 0.889 3 * 3 9 27
5.5 0.936 0.936 0.929 3 * 3 9 27
6.0 0.960 0.960 0.955 3 * 3 9 27
6.5 0.973 0.973 0.969 3 * 3 9 27
7.0 0.984 0.984 0.982 3 * 3 9 27
7.5 0.990 0.990 0.988 3 * 3 9 27
8.0 0.993 0.993 0.993 3 * 3 9 27
8.5 0.994 0.994 0.994 3 * 3 9 27
9.0 0.998 0.998 0.997 3 * 3 9 27
9.5 0.998 0.998 0.997 3 * 3 9 27
10.0 0.999 0.999 0.999 3 * 3 9 27
0.5 0.000 0.000 0.000 1 * 1
1.0 0.000 0.000 0.000 1 * 1
1.5 0.237 0.145 0.079 1 * 3
2.0 0.440 0.269 0.147 1 * 3
2.5 0.397 0.337 0.219 2 * 3 7
3.0 0.606 0.532 0.385 2 * 3 9
3.5 0.688 0.641 0.489 3 * 3 9 12
4.0 0.733 0.733 0.627 3 * 3 9 19
4.5 0.847 0.847 0.815 3 * 3 9 26
5.0 0.904 0.904 0.892 3 * 3 9 27
5.5 0.933 0.933 0.928 3 * 3 9 27
6.0 0.961 0.961 0.957 3 * 3 9 27
6.5 0.971 0.971 0.969 3 * 3 9 27
7.0 0.982 0.982 0.980 3 * 3 9 27
7.5 0.988 0.988 0.987 3 * 3 9 27
8.0 0.993 0.993 0.992 3 * 3 9 27
8.5 0.996 0.996 0.995 3 * 3 9 27
9.0 0.996 0.996 0.996 3 * 3 9 27
9.5 0.998 0.998 0.998 3 * 3 9 27
10.0 0.999 0.999 0.998 3 * 3 9 27
0.5 0.000 0.000 0.000 1 * 1
1.0 0.000 0.000 0.000 1 * 1
1.5 0.241 0.148 0.081 1 * 3
2.0 0.441 0.270 0.148 1 * 3
2.5 0.383 0.325 0.208 2 * 3 7
3.0 0.548 0.490 0.374 2 * 3 10
3.5 0.660 0.615 0.465 3 * 3 9 12
4.0 0.734 0.734 0.630 3 * 3 9 19
4.5 0.853 0.853 0.832 3 * 3 9 27
5.0 0.901 0.901 0.890 3 * 3 9 27
5.5 0.940 0.940 0.933 3 * 3 9 27
6.0 0.957 0.957 0.952 3 * 3 9 27
6.5 0.974 0.974 0.972 3 * 3 9 27
7.0 0.983 0.983 0.981 3 * 3 9 27
7.5 0.990 0.990 0.987 3 * 3 9 27
8.0 0.993 0.993 0.991 3 * 3 9 27
8.5 0.995 0.995 0.994 3 * 3 9 27
9.0 0.996 0.996 0.996 3 * 3 9 27
9.5 0.998 0.998 0.998 3 * 3 9 27
10.0 0.999 0.999 0.999 3 * 3 9 27
0.5 0.000 0.000 0.000 1 * 1
1.0 0.000 0.000 0.000 1 * 1
1.5 0.241 0.148 0.081 1 * 3
2.0 0.315 0.223 0.142 1 * 4
2.5 0.387 0.329 0.213 2 * 3 7
3.0 0.609 0.534 0.386 2 * 3 9
3.5 0.631 0.572 0.453 2 * 3 11
4.0 0.732 0.732 0.619 3 * 3 9 18
4.5 0.843 0.843 0.815 3 * 3 9 26
5.0 0.911 0.911 0.899 3 * 3 9 27
5.5 0.937 0.937 0.931 3 * 3 9 27
6.0 0.888 0.888 0.912 3 * 3 9 27
6.5 0.975 0.975 0.972 3 * 3 9 27
7.0 0.985 0.985 0.983 3 * 3 9 27
7.5 0.990 0.990 0.989 3 * 3 9 27
8.0 0.994 0.994 0.991 3 * 3 9 27
8.5 0.995 0.995 0.995 3 * 3 9 27
9.0 0.995 0.995 0.994 3 * 3 9 27
9.5 0.997 0.997 0.997 3 * 3 9 27
10.0 0.999 0.999 0.999 3 * 3 9 27
0.5 0.000 0.000 0.000 1 * 1
1.0 0.000 0.000 0.000 1 * 1
1.5 0.245 0.150 0.083 1 * 3
2.0 0.436 0.267 0.146 1 * 3
2.5 0.404 0.346 0.230 2 * 3 8
3.0 0.616 0.541 0.390 2 * 3 9
3.5 0.667 0.622 0.473 3 * 3 9 12
4.0 0.714 0.714 0.609 3 * 3 10 18
4.5 0.848 0.848 0.818 3 * 3 9 26
5.0 0.904 0.904 0.893 3 * 3 9 27
5.5 0.936 0.936 0.929 3 * 3 9 27
6.0 0.961 0.961 0.957 3 * 3 9 27
6.5 0.974 0.974 0.971 3 * 3 9 27
7.0 0.982 0.982 0.980 3 * 3 9 27
7.5 0.985 0.985 0.984 3 * 3 9 27
8.0 0.993 0.993 0.992 3 * 3 9 27
8.5 0.994 0.994 0.994 3 * 3 9 27
9.0 0.998 0.998 0.998 3 * 3 9 27
9.5 0.998 0.998 0.998 3 * 3 9 27
10.0 0.999 0.999 0.999 3 * 3 9 27
0.5 0.000 0.000 0.000 1 * 1
1.0 -0.000 -0.000 -0.000 1 * 2
1.5 0.236 0.145 0.079 1 * 3
2.0 0.313 0.220 0.139 1 * 4
2.5 0.410 0.349 0.228 2 * 3 7
3.0 0.611 0.536 0.386 2 * 3 9
3.5 0.635 0.590 0.462 3 * 3 10 12
4.0 0.703 0.730 0.633 4 * 3 9 16 20
4.5 0.837 0.837 0.810 3 * 3 9 26
5.0 0.898 0.898 0.888 3 * 3 9 27
5.5 0.932 0.932 0.927 3 * 3 9 27
6.0 0.954 0.954 0.950 3 * 3 9 27
6.5 0.977 0.977 0.973 3 * 3 9 27
7.0 0.985 0.985 0.983 3 * 3 9 27
7.5 0.991 0.991 0.988 3 * 3 9 27
8.0 0.994 0.994 0.993 3 * 3 9 27
8.5 0.996 0.996 0.994 3 * 3 9 27
9.0 0.997 0.997 0.996 3 * 3 9 27
9.5 0.999 0.999 0.998 3 * 3 9 27
10.0 0.999 0.999 0.998 3 * 3 9 27
0.5 0.000 0.000 0.000 1 * 1
1.0 0.000 0.000 0.000 1 * 1
1.5 0.173 0.119 0.073 1 * 4
2.0 0.448 0.274 0.150 1 * 3
2.5 0.417 0.358 0.239 2 * 3 8
3.0 0.568 0.507 0.383 2 * 3 10
3.5 0.648 0.620 0.485 3 * 3 9 14
4.0 0.721 0.721 0.616 3 * 3 9 19
4.5 0.833 0.833 0.796 3 * 3 9 25
5.0 0.904 0.904 0.893 3 * 3 9 27
5.5 0.938 0.938 0.931 3 * 3 9 27
6.0 0.959 0.959 0.953 3 * 3 9 27
6.5 0.975 0.975 0.972 3 * 3 9 27
7.0 0.985 0.985 0.983 3 * 3 9 27
7.5 0.987 0.987 0.985 3 * 3 9 27
8.0 0.992 0.992 0.991 3 * 3 9 27
8.5 0.994 0.994 0.993 3 * 3 9 27
9.0 0.997 0.997 0.996 3 * 3 9 27
9.5 0.998 0.998 0.998 3 * 3 9 27
10.0 0.999 0.999 0.999 3 * 3 9 27
0.5 0.000 0.000 0.000 1 * 1
1.0 0.000 0.000 0.000 1 * 1
1.5 0.248 0.152 0.083 1 * 3
2.0 0.443 0.271 0.148 1 * 3
2.5 0.386 0.329 0.215 2 * 3 7
3.0 0.596 0.523 0.378 2 * 3 9
3.5 0.656 0.610 0.464 3 * 3 9 12
4.0 0.735 0.735 0.641 3 * 3 9 20
4.5 0.837 0.837 0.797 3 * 3 9 25
5.0 0.902 0.902 0.894 3 * 3 9 27
5.5 0.867 0.867 0.891 3 * 3 9 27
6.0 0.889 0.889 0.913 3 * 3 9 27
6.5 0.972 0.972 0.968 3 * 3 9 27
7.0 0.983 0.983 0.982 3 * 3 9 27
7.5 0.989 0.989 0.988 3 * 3 9 27
8.0 0.991 0.991 0.990 3 * 3 9 27
8.5 0.996 0.996 0.995 3 * 3 9 27
9.0 0.997 0.997 0.996 3 * 3 9 27
9.5 0.998 0.998 0.997 3 * 3 9 27
10.0 0.998 0.998 0.998 3 * 3 9 27
0.5 0.000 0.000 0.000 1 * 1
1.0 0.000 0.000 0.000 1 * 1
1.5 0.252 0.155 0.085 1 * 3
2.0 0.314 0.219 0.138 1 * 4
2.5 0.407 0.346 0.224 2 * 3 7
3.0 0.610 0.535 0.386 2 * 3 9
3.5 0.636 0.592 0.458 3 * 3 9 12
4.0 0.729 0.729 0.627 3 * 3 9 19
4.5 0.842 0.842 0.815 3 * 3 9 26
5.0 0.904 0.904 0.895 3 * 3 9 27
5.5 0.939 0.939 0.933 3 * 3 9 27
6.0 0.886 0.886 0.910 3 * 3 9 27
6.5 0.974 0.974 0.969 3 * 3 9 27
7.0 0.984 0.984 0.981 3 * 3 9 27
7.5 0.990 0.990 0.988 3 * 3 9 27
8.0 0.993 0.993 0.992 3 * 3 9 27
8.5 0.996 0.996 0.995 3 * 3 9 27
9.0 0.997 0.997 0.996 3 * 3 9 27
9.5 0.998 0.998 0.998 3 * 3 9 27
10.0 0.999 0.999 0.998 3 * 3 9 27
0.5 0.000 0.000 0.000 1 * 1
1.0 0.000 0.000 0.000 1 * 1
1.5 0.224 0.137 0.075 1 * 3
2.0 0.308 0.215 0.136 1 * 4
2.5 0.424 0.361 0.236 2 * 3 7
3.0 0.548 0.491 0.376 2 * 3 10
3.5 0.671 0.624 0.471 3 * 3 9 12
4.0 0.730 0.730 0.619 3 * 3 9 18
4.5 0.839 0.839 0.810 3 * 3 9 26
5.0 0.906 0.906 0.895 3 * 3 9 27
5.5 0.938 0.938 0.930 3 * 3 9 27
6.0 0.957 0.957 0.954 3 * 3 9 27
6.5 0.975 0.975 0.973 3 * 3 9 27
7.0 0.983 0.983 0.983 3 * 3 9 27
7.5 0.989 0.989 0.987 3 * 3 9 27
8.0 0.991 0.991 0.989 3 * 3 9 27
8.5 0.995 0.995 0.993 3 * 3 9 27
9.0 0.998 0.998 0.997 3 * 3 9 27
9.5 0.997 0.997 0.997 3 * 3 9 27
10.0 0.999 0.999 0.999 3 * 3 9 27
0.5 0.000 0.000 0.000 1 * 1
1.0 0.011 0.007 0.004 1 * 2
1.5 0.248 0.152 0.083 1 * 3
2.0 0.295 0.205 0.128 1 * 4
2.5 0.393 0.334 0.218 2 * 3 7
3.0 0.541 0.483 0.367 2 * 3 10
3.5 0.658 0.622 0.480 3 * 3 9 13
4.0 0.731 0.731 0.610 3 * 3 9 18
4.5 0.829 0.829 0.809 3 * 3 10 26
5.0 0.905 0.905 0.892 3 * 3 9 27
5.5 0.935 0.935 0.929 3 * 3 9 27
6.0 0.960 0.960 0.954 3 * 3 9 27
6.5 0.973 0.973 0.971 3 * 3 9 27
7.0 0.980 0.980 0.979 3 * 3 9 27
7.5 0.928 0.928 0.944 3 * 3 9 27
8.0 0.993 0.993 0.991 3 * 3 9 27
8.5 0.996 0.996 0.995 3 * 3 9 27
9.0 0.998 0.998 0.997 3 * 3 9 27
9.5 0.998 0.998 0.997 3 * 3 9 27
10.0 0.999 0.999 0.998 3 * 3 9 27
0.5 0.000 0.000 0.000 1 * 1
1.0 0.000 0.000 0.000 1 * 1
1.5 0.258 0.158 0.087 1 * 3
2.0 0.454 0.277 0.151 1 * 3
2.5 0.383 0.323 0.203 2 * 3 6
3.0 0.605 0.531 0.382 2 * 3 9
3.5 0.638 0.594 0.467 3 * 3 9 12
4.0 0.731 0.731 0.624 3 * 3 9 19
4.5 0.835 0.835 0.806 3 * 3 9 26
5.0 0.899 0.899 0.888 3 * 3 9 27
5.5 0.935 0.935 0.930 3 * 3 9 27
6.0 0.961 0.961 0.956 3 * 3 9 27
6.5 0.972 0.972 0.970 3 * 3 9 27
7.0 0.982 0.982 0.981 3 * 3 9 27
7.5 0.990 0.990 0.988 3 * 3 9 27
8.0 0.992 0.992 0.991 3 * 3 9 27
8.5 0.995 0.995 0.994 3 * 3 9 27
9.0 0.998 0.998 0.996 3 * 3 9 27
9.5 0.998 0.998 0.997 3 * 3 9 27
10.0 0.999 0.999 0.999 3 * 3 9 27
0.5 0.000 0.000 0.000 1 * 1
1.0 0.000 0.000 0.000 1 * 1
1.5 0.246 0.151 0.083 1 * 3
2.0 0.299 0.206 0.128 1 * 4
2.5 0.402 0.345 0.231 2 * 3 8
3.0 0.606 0.532 0.382 2 * 3 9
3.5 0.670 0.625 0.475 3 * 3 9 12
4.0 0.734 0.734 0.649 3 * 3 9 21
4.5 0.845 0.845 0.814 3 * 3 9 26
5.0 0.903 0.903 0.893 3 * 3 9 27
5.5 0.937 0.937 0.930 3 * 3 9 27
6.0 0.962 0.962 0.956 3 * 3 9 27
6.5 0.974 0.974 0.971 3 * 3 9 27
7.0 0.985 0.985 0.980 3 * 3 9 27
7.5 0.988 0.988 0.986 3 * 3 9 27
8.0 0.994 0.994 0.992 3 * 3 9 27
8.5 0.996 0.996 0.995 3 * 3 9 27
9.0 0.998 0.998 0.997 3 * 3 9 27
9.5 0.997 0.997 0.997 3 * 3 9 27
10.0 0.998 0.998 0.998 3 * 3 9 27
0.5 0.000 0.000 0.000 1 * 1
1.0 0.000 0.000 0.000 1 * 1
1.5 0.256 0.157 0.086 1 * 3
2.0 0.444 0.271 0.148 1 * 3
2.5 0.398 0.338 0.218 2 * 3 7
3.0 0.605 0.530 0.381 2 * 3 9
3.5 0.667 0.622 0.474 3 * 3 9 12
4.0 0.721 0.719 0.599 3 * 3 9 17
4.5 0.849 0.849 0.832 3 * 3 9 27
5.0 0.895 0.895 0.887 3 * 3 9 27
5.5 0.939 0.939 0.933 3 * 3 9 27
6.0 0.959 0.959 0.956 3 * 3 9 27
6.5 0.974 0.974 0.970 3 * 3 9 27
7.0 0.983 0.983 0.982 3 * 3 9 27
7.5 0.988 0.988 0.986 3 * 3 9 27
8.0 0.991 0.991 0.990 3 * 3 9 27
8.5 0.995 0.995 0.994 3 * 3 9 27
9.0 0.997 0.997 0.996 3 * 3 9 27
9.5 0.999 0.999 0.998 3 * 3 9 27
10.0 0.999 0.999 0.999 3 * 3 9 27
0.5 0.000 0.000 0.000 1 * 1
1.0 0.000 0.000 0.000 1 * 1
1.5 0.259 0.159 0.087 1 * 3
2.0 0.435 0.266 0.146 1 * 3
2.5 0.404 0.344 0.226 2 * 3 7
3.0 0.601 0.527 0.379 2 * 3 9
3.5 0.632 0.587 0.464 3 * 3 10 12
4.0 0.725 0.725 0.632 3 * 3 9 20
4.5 0.842 0.842 0.813 3 * 3 9 26
5.0 0.907 0.907 0.895 3 * 3 9 27
5.5 0.936 0.936 0.928 3 * 3 9 27
6.0 0.958 0.958 0.955 3 * 3 9 27
6.5 0.975 0.975 0.971 3 * 3 9 27
7.0 0.986 0.986 0.982 3 * 3 9 27
7.5 0.989 0.989 0.987 3 * 3 9 27
8.0 0.994 0.994 0.994 3 * 3 9 27
8.5 0.996 0.996 0.994 3 * 3 9 27
9.0 0.996 0.996 0.996 3 * 3 9 27
9.5 0.997 0.997 0.996 3 * 3 9 27
10.0 0.999 0.999 0.998 3 * 3 9 27
0.5 0.000 0.000 0.000 1 * 1
1.0 0.000 0.000 0.000 1 * 1
1.5 0.248 0.152 0.083 1 * 3
2.0 0.432 0.264 0.144 1 * 3
2.5 0.411 0.353 0.237 2 * 3 8
3.0 0.606 0.532 0.385 2 * 3 9
3.5 0.668 0.624 0.473 3 * 3 9 12
4.0 0.712 0.712 0.605 3 * 3 9 18
4.5 0.827 0.827 0.790 3 * 3 9 25
5.0 0.899 0.899 0.888 3 * 3 9 27
5.5 0.938 0.938 0.931 3 * 3 9 27
6.0 0.956 0.956 0.952 3 * 3 9 27
6.5 0.975 0.975 0.972 3 * 3 9 27
7.0 0.982 0.982 0.980 3 * 3 9 27
7.5 0.988 0.988 0.985 3 * 3 9 27
8.0 0.992 0.992 0.990 3 * 3 9 27
8.5 0.995 0.995 0.995 3 * 3 9 27
9.0 0.904 0.904 0.958 3 * 3 9 27
9.5 0.998 0.998 0.997 3 * 3 9 27
10.0 0.999 0.999 0.998 3 * 3 9 27
0.5 0.000 0.000 0.000 1 * 1
1.0 0.000 0.000 0.000 1 * 1
1.5 0.250 0.153 0.084 1 * 3
2.0 0.435 0.266 0.145 1 * 3
2.5 0.401 0.344 0.230 2 * 3 8
3.0 0.554 0.495 0.376 2 * 3 10
3.5 0.669 0.632 0.485 3 * 3 9 13
4.0 0.725 0.725 0.621 3 * 3 9 19
4.5 0.840 0.840 0.811 3 * 3 9 26
5.0 0.903 0.903 0.892 3 * 3 9 27
5.5 0.936 0.936 0.929 3 * 3 9 27
6.0 0.953 0.953 0.950 3 * 3 9 27
6.5 0.976 0.976 0.973 3 * 3 9 27
7.0 0.985 0.985 0.984 3 * 3 9 27
7.5 0.988 0.988 0.986 3 * 3 9 27
8.0 0.992 0.992 0.992 3 * 3 9 27
8.5 0.995 0.995 0.994 3 * 3 9 27
9.0 0.999 0.999 0.998 3 * 3 9 27
9.5 0.998 0.998 0.997 3 * 3 9 27
10.0 0.998 0.998 0.998 3 * 3 9 27
0.5 0.000 0.000 0.000 1 * 1
1.0 0.000 0.000 0.000 1 * 1
1.5 0.244 0.150 0.082 1 * 3
2.0 0.463 0.283 0.155 1 * 3
2.5 0.387 0.328 0.209 2 * 3 7
3.0 0.609 0.534 0.383 2 * 3 9
3.5 0.679 0.633 0.482 3 * 3 9 12
4.0 0.730 0.730 0.636 3 * 3 9 20
4.5 0.837 0.837 0.808 3 * 3 9 26
5.0 0.898 0.898 0.889 3 * 3 9 27
5.5 0.934 0.934 0.930 3 * 3 9 27
6.0 0.959 0.959 0.955 3 * 3 9 27
6.5 0.973 0.973 0.970 3 * 3 9 27
7.0 0.913 0.913 0.936 3 * 3 9 27
7.5 0.990 0.990 0.988 3 * 3 9 27
8.0 0.992 0.992 0.990 3 * 3 9 27
8.5 0.995 0.995 0.993 3 * 3 9 27
9.0 0.998 0.998 0.997 3 * 3 9 27
9.5 0.998 0.998 0.998 3 * 3 9 27
10.0 0.999 0.999 0.998 3 * 3 9 27
0.5 0.000 0.000 0.000 1 * 1
1.0 0.000 0.000 0.000 1 * 1
1.5 0.259 0.158 0.087 1 * 3
2.0 0.431 0.264 0.145 1 * 3
2.5 0.409 0.352 0.239 2 * 3 8
3.0 0.616 0.541 0.391 2 * 3 9
3.5 0.649 0.620 0.482 3 * 3 9 14
4.0 0.721 0.721 0.606 3 * 3 9 18
4.5 0.836 0.836 0.796 3 * 3 9 25
5.0 0.901 0.901 0.892 3 * 3 9 27
5.5 0.938 0.938 0.932 3 * 3 9 27
6.0 0.958 0.958 0.953 3 * 3 9 27
6.5 0.973 0.973 0.970 3 * 3 9 27
7.0 0.985 0.985 0.983 3 * 3 9 27
7.5 0.990 0.990 0.989 3 * 3 9 27
8.0 0.994 0.994 0.992 3 * 3 9 27
8.5 0.996 0.996 0.994 3 * 3 9 27
9.0 0.997 0.997 0.996 3 * 3 9 27
9.5 0.997 0.997 0.998 3 * 3 9 27
10.0 0.999 0.999 0.998 3 * 3 9 27
0.5 0.000 0.000 0.000 1 * 1
1.0 0.000 0.000 0.000 1 * 1
1.5 0.274 0.168 0.093 1 * 3
2.0 0.458 0.280 0.153 1 * 3
2.5 0.411 0.353 0.237 2 * 3 8
3.0 0.554 0.492 0.368 2 * 3 10
3.5 0.670 0.626 0.481 3 * 3 9 12
4.0 0.731 0.731 0.628 3 * 3 9 19
4.5 0.845 0.845 0.824 3 * 3 9 27
5.0 0.904 0.904 0.890 3 * 3 9 27
5.5 0.940 0.940 0.932 3 * 3 9 27
6.0 0.959 0.959 0.956 3 * 3 9 27
6.5 0.976 0.976 0.973 3 * 3 9 27
7.0 0.983 0.983 0.982 3 * 3 9 27
7.5 0.991 0.991 0.990 3 * 3 9 27
8.0 0.994 0.994 0.993 3 * 3 9 27
8.5 0.996 0.996 0.995 3 * 3 9 27
9.0 0.997 0.997 0.996 3 * 3 9 27
9.5 0.999 0.999 0.998 3 * 3 9 27
10.0 0.998 0.998 0.998 3 * 3 9 27
0.5 0.000 0.000 0.000 1 * 1
1.0 0.000 0.000 0.000 1 * 1
1.5 0.267 0.164 0.090 1 * 3
2.0 0.440 0.269 0.147 1 * 3
2.5 0.389 0.336 0.231 2 * 3 8
3.0 0.609 0.535 0.387 2 * 3 9
3.5 0.667 0.628 0.477 3 * 3 9 13
4.0 0.735 0.735 0.628 3 * 3 9 19
4.5 0.844 0.844 0.825 3 * 3 9 27
5.0 0.902 0.902 0.888 3 * 3 9 27
5.5 0.940 0.940 0.933 3 * 3 9 27
6.0 0.960 0.960 0.952 3 * 3 9 27
6.5 0.899 0.899 0.923 3 * 3 9 27
7.0 0.913 0.913 0.934 3 * 3 9 27
7.5 0.988 0.988 0.987 3 * 3 9 27
8.0 0.992 0.992 0.991 3 * 3 9 27
8.5 0.997 0.997 0.995 3 * 3 9 27
9.0 0.996 0.996 0.996 3 * 3 9 27
9.5 0.998 0.998 0.998 3 * 3 9 27
10.0 0.999 0.999 0.999 3 * 3 9 27
0.5 0.000 0.000 0.000 1 * 1
1.0 0.000 0.000 0.000 1 * 1
1.5 0.241 0.148 0.081 1 * 3
2.0 0.301 0.207 0.128 1 * 4
2.5 0.405 0.346 0.230 2 * 3 7
3.0 0.591 0.518 0.373 2 * 3 9
3.5 0.625 0.590 0.464 3 * 3 9 13
4.0 0.720 0.720 0.620 3 * 3 9 19
4.5 0.843 0.843 0.826 3 * 3 9 27
5.0 0.907 0.907 0.896 3 * 3 9 27
5.5 0.936 0.936 0.930 3 * 3 9 27
6.0 0.883 0.883 0.908 3 * 3 9 27
6.5 0.974 0.974 0.970 3 * 3 9 27
7.0 0.985 0.985 0.983 3 * 3 9 27
7.5 0.989 0.989 0.987 3 * 3 9 27
8.0 0.993 0.993 0.992 3 * 3 9 27
8.5 0.994 0.994 0.992 3 * 3 9 27
9.0 0.997 0.997 0.996 3 * 3 9 27
9.5 0.998 0.998 0.998 3 * 3 9 27
10.0 0.999 0.999 0.998 3 * 3 9 27
0.5 0.000 0.000 0.000 1 * 1
1.0 0.000 0.000 0.000 1 * 1
1.5 0.250 0.153 0.084 1 * 3
2.0 0.442 0.270 0.148 1 * 3
2.5 0.395 0.339 0.226 2 * 3 8
3.0 0.614 0.539 0.388 2 * 3 9
3.5 0.671 0.625 0.476 3 * 3 9 12
4.0 0.739 0.739 0.633 3 * 3 9 19
4.5 0.838 0.838 0.801 3 * 3 9 25
5.0 0.904 0.904 0.894 3 * 3 9 27
5.5 0.934 0.934 0.928 3 * 3 9 27
6.0 0.958 0.958 0.954 3 * 3 9 27
6.5 0.974 0.974 0.970 3 * 3 9 27
7.0 0.984 0.984 0.980 3 * 3 9 27
7.5 0.988 0.988 0.987 3 * 3 9 27
8.0 0.993 0.993 0.992 3 * 3 9 27
8.5 0.994 0.994 0.993 3 * 3 9 27
9.0 0.996 0.996 0.995 3 * 3 9 27
9.5 0.998 0.998 0.998 3 * 3 9 27
10.0 0.999 0.999 0.999 3 * 3 9 27
0.5 0.000 0.000 0.000 1 * 1
1.0 0.000 0.000 0.000 1 * 1
1.5 0.239 0.146 0.080 1 * 3
2.0 0.455 0.279 0.152 1 * 3
2.5 0.392 0.333 0.215 2 * 3 7
3.0 0.561 0.497 0.369 2 * 3 10
3.5 0.638 0.602 0.467 3 * 3 9 13
4.0 0.733 0.733 0.640 3 * 3 9 20
4.5 0.832 0.832 0.794 3 * 3 9 25
5.0 0.901 0.901 0.890 3 * 3 9 27
5.5 0.938 0.938 0.930 3 * 3 9 27
6.0 0.878 0.878 0.912 3 * 3 10 27
6.5 0.892 0.892 0.925 3 * 3 9 27
7.0 0.984 0.984 0.983 3 * 3 9 27
7.5 0.990 0.990 0.989 3 * 3 9 27
8.0 0.993 0.993 0.991 3 * 3 9 27
8.5 0.995 0.995 0.994 3 * 3 9 27
9.0 0.997 0.997 0.995 3 * 3 9 27
9.5 0.998 0.998 0.998 3 * 3 9 27
10.0 0.999 0.999 0.998 3 * 3 9 27
0.5 0.000 0.000 0.000 1 * 1
1.0 0.016 0.010 0.006 1 * 2
1.5 0.262 0.161 0.088 1 * 3
2.0 0.444 0.271 0.148 1 * 3
2.5 0.400 0.341 0.222 2 * 3 7
3.0 0.563 0.499 0.370 2 * 3 10
3.5 0.684 0.629 0.473 3 * 3 9 11
4.0 0.714 0.731 0.627 4 * 3 9 14 19
4.5 0.836 0.836 0.811 3 * 3 9 26
5.0 0.907 0.907 0.895 3 * 3 9 27
5.5 0.936 0.936 0.931 3 * 3 9 27
6.0 0.956 0.956 0.952 3 * 3 9 27
6.5 0.973 0.973 0.969 3 * 3 9 27
7.0 0.981 0.981 0.979 3 * 3 9 27
7.5 0.989 0.989 0.988 3 * 3 9 27
8.0 0.994 0.994 0.994 3 * 3 9 27
8.5 0.996 0.996 0.995 3 * 3 9 27
9.0 0.997 0.997 0.997 3 * 3 9 27
9.5 0.998 0.998 0.998 3 * 3 9 27
10.0 0.998 0.998 0.998 3 * 3 9 27
0.5 0.000 0.000 0.000 1 * 1
1.0 0.000 0.000 0.000 1 * 1
1.5 0.234 0.144 0.079 1 * 3
2.0 0.450 0.275 0.151 1 * 3
2.5 0.393 0.330 0.204 2 * 3 6
3.0 0.622 0.546 0.393 2 * 3 9
3.5 0.673 0.627 0.476 3 * 3 9 12
4.0 0.732 0.732 0.645 3 * 3 9 21
4.5 0.831 0.831 0.789 3 * 3 9 25
5.0 0.901 0.901 0.891 3 * 3 9 27
5.5 0.937 0.937 0.929 3 * 3 9 27
6.0 0.963 0.963 0.956 3 * 3 9 27
6.5 0.974 0.974 0.970 3 * 3 9 27
7.0 0.982 0.982 0.980 3 * 3 9 27
7.5 0.987 0.987 0.987 3 * 3 9 27
8.0 0.993 0.993 0.992 3 * 3 9 27
8.5 0.997 0.997 0.996 3 * 3 9 27
9.0 0.997 0.997 0.997 3 * 3 9 27
9.5 0.954 0.954 0.962 3 * 3 9 27
10.0 1.000 1.000 0.999 3 * 3 9 27
0.5 0.000 0.000 0.000 1 * 1
1.0 0.000 0.000 0.000 1 * 1
1.5 0.257 0.157 0.086 1 * 3
2.0 0.313 0.214 0.132 1 * 4
2.5 0.403 0.343 0.223 2 * 3 7
3.0 0.540 0.480 0.362 2 * 3 10
3.5 0.643 0.582 0.459 2 * 3 11
4.0 0.733 0.733 0.624 3 * 3 9 19
4.5 0.852 0.852 0.833 3 * 3 9 27
5.0 0.907 0.907 0.895 3 * 3 9 27
5.5 0.941 0.941 0.934 3 * 3 9 27
6.0 0.894 0.894 0.915 3 * 3 9 27
6.5 0.972 0.972 0.968 3 * 3 9 27
7.0 0.983 0.983 0.980 3 * 3 9 27
7.5 0.988 0.988 0.986 3 * 3 9 27
8.0 0.993 0.993 0.992 3 * 3 9 27
8.5 0.995 0.995 0.994 3 * 3 9 27
9.0 0.997 0.997 0.996 3 * 3 9 27
9.5 0.999 0.999 0.998 3 * 3 9 27
10.0 0.999 0.999 0.998 3 * 3 9 27
0.5 0.000 0.000 0.000 1 * 1
1.0 0.000 0.000 0.000 1 * 1
1.5 0.256 0.157 0.086 1 * 3
2.0 0.439 0.269 0.147 1 * 3
2.5 0.375 0.323 0.218 2 * 3 7
3.0 0.590 0.516 0.368 2 * 3 9
3.5 0.651 0.588 0.462 2 * 3 11
4.0 0.726 0.726 0.617 3 * 3 9 19
4.5 0.843 0.843 0.816 3 * 3 9 26
5.0 0.905 0.905 0.892 3 * 3 9 27
5.5 0.931 0.931 0.923 3 * 3 9 27
6.0 0.960 0.960 0.955 3 * 3 9 27
6.5 0.972 0.972 0.969 3 * 3 9 27
7.0 0.983 0.983 0.981 3 * 3 9 27
7.5 0.915 0.915 0.944 3 * 3 10 27
8.0 0.993 0.993 0.992 3 * 3 9 27
8.5 0.995 0.995 0.994 3 * 3 9 27
9.0 0.997 0.997 0.997 3 * 3 9 27
9.5 0.998 0.998 0.997 3 * 3 9 27
10.0 0.998 0.998 0.997 3 * 3 9 27
