0.5 0.000 0.000 0.000 1 * 1
1.0 0.000 0.000 0.000 1 * 1
1.5 0.237 0.145 0.080 1 * 3
2.0 0.438 0.268 0.146 1 * 3
2.5 0.410 0.350 0.228 2 * 3 7
3.0 0.613 0.537 0.386 2 * 3 9
3.5 0.665 0.621 0.474 3 * 3 9 12
4.0 0.722 0.722 0.611 3 * 3 9 18
4.5 0.834 0.834 0.793 3 * 3 9 25
5.0 0.904 0.904 0.893 3 * 3 9 27
5.5 0.938 0.938 0.932 3 * 3 9 27
6.0 0.959 0.959 0.954 3 * 3 9 27
6.5 0.973 0.973 0.969 3 * 3 9 27
7.0 0.982 0.982 0.981 3 * 3 9 27
7.5 0.989 0.989 0.987 3 * 3 9 27
8.0 0.992 0.992 0.991 3 * 3 9 27
8.5 0.940 0.940 0.955 3 * 3 9 27
9.0 0.997 0.997 0.996 3 * 3 9 27
9.5 0.998 0.998 0.998 3 * 3 9 27
10.0 0.999 0.999 0.998 3 * 3 9 27
0.5 0.000 0.000 0.000 1 * 1
1.0 0.000 0.000 0.000 1 * 1
1.5 0.258 0.158 0.087 1 * 3
2.0 0.441 0.270 0.148 1 * 3
2.5 0.399 0.339 0.219 2 * 3 7
3.0 0.616 0.541 0.390 2 * 3 9
3.5 0.669 0.632 0.487 3 * 3 9 13
4.0 0.726 0.726 0.626 3 * 3 9 19
4.5 0.843 0.843 0.812 3 * 3 9 26
5.0 0.902 0.902 0.890 3 * 3 9 27
5.5 0.942 0.942 0.934 3 * 3 9 27
6.0 0.959 0.959 0.952 3 * 3 9 27
6.5 0.973 0.973 0.971 3 * 3 9 27
7.0 0.986 0.986 0.983 3 * 3 9 27
7.5 0.989 0.989 0.987 3 * 3 9 27
8.0 0.992 0.992 0.991 3 * 3 9 27
8.5 0.995 0.995 0.993 3 * 3 9 27
9.0 0.996 0.996 0.996 3 * 3 9 27
9.5 0.999 0.999 0.998 3 * 3 9 27
10.0 0.999 0.999 0.999 3 * 3 9 27
0.5 0.000 0.000 0.000 1 * 1
1.0 0.000 0.000 0.000 1 * 1
1.5 0.222 0.136 0.075 1 * 3
2.0 0.304 0.211 0.132 1 * 4
2.5 0.379 0.323 0.211 2 * 3 7
3.0 0.613 0.538 0.389 2 * 3 9
3.5 0.661 0.623 0.475 3 * 3 9 13
4.0 0.729 0.729 0.627 3 * 3 9 19
4.5 0.848 0.848 0.830 3 * 3 9 27
5.0 0.898 0.898 0.887 3 * 3 9 27
5.5 0.935 0.935 0.929 3 * 3 9 27
6.0 0.959 0.959 0.953 3 * 3 9 27
6.5 0.970 0.970 0.969 3 * 3 9 27
7.0 0.983 0.983 0.980 3 * 3 9 27
7.5 0.989 0.989 0.986 3 * 3 9 27
8.0 0.989 0.989 0.989 3 * 3 9 27
8.5 0.995 0.995 0.995 3 * 3 9 27
9.0 0.997 0.997 0.996 3 * 3 9 27
9.5 0.997 0.997 0.997 3 * 3 9 27
10.0 0.999 0.999 0.999 3 * 3 9 27
0.5 0.000 0.000 0.000 1 * 1
1.0 0.000 0.000 0.000 1 * 1
1.5 0.259 0.158 0.087 1 * 3
2.0 0.310 0.215 0.134 1 * 4
2.5 0.398 0.341 0.227 2 * 3 8
3.0 0.616 0.540 0.389 2 * 3 9
3.5 0.653 0.590 0.465 2 * 3 11
4.0 0.727 0.727 0.624 3 * 3 9 19
4.5 0.854 0.854 0.835 3 * 3 9 27
5.0 0.904 0.904 0.892 3 * 3 9 27
5.5 0.939 0.939 0.934 3 * 3 9 27
6.0 0.957 0.957 0.954 3 * 3 9 27
6.5 0.974 0.974 0.970 3 * 3 9 27
7.0 0.984 0.984 0.982 3 * 3 9 27
7.5 0.988 0.988 0.986 3 * 3 9 27
8.0 0.993 0.993 0.992 3 * 3 9 27
8.5 0.995 0.995 0.994 3 * 3 9 27
9.0 0.996 0.996 0.995 3 * 3 9 27
9.5 0.999 0.999 0.998 3 * 3 9 27
10.0 0.999 0.999 0.999 3 * 3 9 27
0.5 0.000 0.000 0.000 1 * 1
1.0 0.000 0.000 0.000 1 * 1
1.5 0.270 0.165 0.090 1 * 3
2.0 0.440 0.269 0.147 1 * 3
2.5 0.412 0.352 0.230 2 * 3 7
3.0 0.546 0.484 0.360 2 * 3 10
3.5 0.637 0.592 0.463 3 * 3 10 12
4.0 0.728 0.728 0.622 3 * 3 9 19
4.5 0.842 0.842 0.818 3 * 3 9 26
5.0 0.900 0.900 0.890 3 * 3 9 27
5.5 0.938 0.938 0.929 3 * 3 9 27
6.0 0.962 0.962 0.956 3 * 3 9 27
6.5 0.976 0.976 0.972 3 * 3 9 27
7.0 0.983 0.983 0.982 3 * 3 9 27
7.5 0.990 0.990 0.988 3 * 3 9 27
8.0 0.993 0.993 0.992 3 * 3 9 27
8.5 0.997 0.997 0.995 3 * 3 9 27
9.0 0.997 0.997 0.996 3 * 3 9 27
9.5 0.998 0.998 0.997 3 * 3 9 27
10.0 0.999 0.999 0.998 3 * 3 9 27
0.5 0.000 0.000 0.000 1 * 1
1.0 0.019 0.012 0.007 1 * 3
1.5 0.245 0.150 0.083 1 * 3
2.0 0.299 0.211 0.133 1 * 4
2.5 0.397 0.338 0.222 2 * 3 7
3.0 0.538 0.479 0.360 2 * 3 10
3.5 0.665 0.629 0.484 3 * 3 9 13
4.0 0.717 0.717 0.604 3 * 3 9 18
4.5 0.830 0.830 0.787 3 * 3 9 25
5.0 0.902 0.902 0.889 3 * 3 9 27
5.5 0.938 0.938 0.932 3 * 3 9 27
6.0 0.960 0.960 0.955 3 * 3 9 27
6.5 0.976 0.976 0.972 3 * 3 9 27
7.0 0.983 0.983 0.979 3 * 3 9 27
7.5 0.928 0.928 0.946 3 * 3 9 27
8.0 0.993 0.993 0.992 3 * 3 9 27
8.5 0.995 0.995 0.995 3 * 3 9 27
9.0 0.998 0.998 0.997 3 * 3 9 27
9.5 0.998 0.998 0.998 3 * 3 9 27
10.0 1.000 1.000 0.999 3 * 3 9 27
0.5 0.000 0.000 0.000 1 * 1
1.0 0.000 0.000 0.000 1 * 1
1.5 0.256 0.157 0.086 1 * 3
2.0 0.437 0.267 0.146 1 * 3
2.5 0.417 0.355 0.232 2 * 3 7
3.0 0.583 0.510 0.364 2 * 3 9
3.5 0.656 0.619 0.477 3 * 3 9 13
4.0 0.728 0.728 0.623 3 * 3 9 19
4.5 0.850 0.850 0.832 3 * 3 9 27
5.0 0.902 0.902 0.893 3 * 3 9 27
5.5 0.936 0.936 0.934 3 * 3 9 27
6.0 0.959 0.959 0.953 3 * 3 9 27
6.5 0.908 0.908 0.930 3 * 3 9 27
7.0 0.984 0.984 0.982 3 * 3 9 27
7.5 0.990 0.990 0.989 3 * 3 9 27
8.0 0.992 0.992 0.991 3 * 3 9 27
8.5 0.997 0.997 0.996 3 * 3 9 27
9.0 0.997 0.997 0.996 3 * 3 9 27
9.5 0.998 0.998 0.997 3 * 3 9 27
10.0 0.999 0.999 0.998 3 * 3 9 27
0.5 0.000 0.000 0.000 1 * 1
1.0 0.000 0.000 0.000 1 * 1
1.5 0.242 0.148 0.082 1 * 3
2.0 0.307 0.213 0.133 1 * 4
2.5 0.407 0.348 0.232 2 * 3 8
3.0 0.592 0.520 0.375 2 * 3 9
3.5 0.641 0.580 0.459 2 * 3 11
4.0 0.735 0.735 0.640 3 * 3 9 20
4.5 0.846 0.846 0.813 3 * 3 9 26
5.0 0.909 0.909 0.898 3 * 3 9 27
5.5 0.936 0.936 0.929 3 * 3 9 27
6.0 0.961 0.961 0.955 3 * 3 9 27
6.5 0.978 0.978 0.973 3 * 3 9 27
7.0 0.918 0.918 0.939 3 * 3 9 27
7.5 0.989 0.989 0.989 3 * 3 9 27
8.0 0.934 0.934 0.951 3 * 3 9 27
8.5 0.995 0.995 0.993 3 * 3 9 27
9.0 0.997 0.997 0.996 3 * 3 9 27
9.5 0.998 0.998 0.997 3 * 3 9 27
10.0 0.999 0.999 0.998 3 * 3 9 27
0.5 0.000 0.000 0.000 1 * 1
1.0 0.019 0.012 0.007 1 * 2
1.5 0.226 0.139 0.076 1 * 3
2.0 0.308 0.213 0.133 1 * 4
2.5 0.404 0.347 0.233 2 * 3 8
3.0 0.606 0.532 0.384 2 * 3 9
3.5 0.654 0.618 0.475 3 * 3 9 13
4.0 0.725 0.725 0.622 3 * 3 9 19
4.5 0.829 0.829 0.789 3 * 3 9 25
5.0 0.898 0.898 0.886 3 * 3 9 27
5.5 0.942 0.942 0.935 3 * 3 9 27
6.0 0.960 0.960 0.956 3 * 3 9 27
6.5 0.971 0.971 0.969 3 * 3 9 27
7.0 0.982 0.982 0.980 3 * 3 9 27
7.5 0.991 0.991 0.988 3 * 3 9 27
8.0 0.993 0.993 0.992 3 * 3 9 27
8.5 0.994 0.994 0.994 3 * 3 9 27
9.0 0.997 0.997 0.997 3 * 3 9 27
9.5 0.998 0.998 0.998 3 * 3 9 27
10.0 0.999 0.999 0.998 3 * 3 9 27
0.5 0.000 0.000 0.000 1 * 1
1.0 0.000 0.000 0.000 1 * 1
1.5 0.235 0.144 0.079 1 * 3
2.0 0.429 0.262 0.143 1 * 3
2.5 0.417 0.355 0.233 2 * 3 7
3.0 0.608 0.534 0.387 2 * 3 9
3.5 0.662 0.608 0.464 3 * 3 9 11
4.0 0.729 0.729 0.614 3 * 3 9 18
4.5 0.840 0.840 0.802 3 * 3 9 25
5.0 0.900 0.900 0.891 3 * 3 9 27
5.5 0.937 0.937 0.928 3 * 3 9 27
6.0 0.958 0.958 0.951 3 * 3 9 27
6.5 0.971 0.971 0.969 3 * 3 9 27
7.0 0.983 0.983 0.981 3 * 3 9 27
7.5 0.990 0.990 0.987 3 * 3 9 27
8.0 0.992 0.992 0.991 3 * 3 9 27
8.5 0.995 0.995 0.994 3 * 3 9 27
9.0 0.997 0.997 0.995 3 * 3 9 27
9.5 0.998 0.998 0.997 3 * 3 9 27
10.0 0.999 0.999 0.999 3 * 3 9 27
0.5 0.000 0.000 0.000 1 * 1
1.0 0.000 0.000 0.000 1 * 1
1.5 0.242 0.148 0.081 1 * 3
2.0 0.440 0.269 0.147 1 * 3
2.5 0.421 0.360 0.240 2 * 3 8
3.0 0.593 0.520 0.375 2 * 3 9
3.5 0.615 0.558 0.446 2 * 3 11
4.0 0.711 0.717 0.607 4 * 3 9 12 18
4.5 0.845 0.845 0.816 3 * 3 9 26
5.0 0.902 0.902 0.892 3 * 3 9 27
5.5 0.939 0.939 0.932 3 * 3 9 27
6.0 0.962 0.962 0.957 3 * 3 9 27
6.5 0.975 0.975 0.974 3 * 3 9 27
7.0 0.984 0.984 0.982 3 * 3 9 27
7.5 0.917 0.917 0.939 3 * 3 9 27
8.0 0.994 0.994 0.993 3 * 3 9 27
8.5 0.996 0.996 0.994 3 * 3 9 27
9.0 0.996 0.996 0.995 3 * 3 9 27
9.5 0.998 0.998 0.997 3 * 3 9 27
10.0 0.998 0.998 0.998 3 * 3 9 27
0.5 0.000 0.000 0.000 1 * 1
1.0 0.027 0.017 0.009 1 * 2
1.5 0.266 0.163 0.090 1 * 3
2.0 0.313 0.221 0.140 1 * 4
2.5 0.401 0.340 0.219 2 * 3 7
3.0 0.603 0.528 0.379 2 * 3 9
3.5 0.671 0.633 0.488 3 * 3 9 13
4.0 0.731 0.731 0.618 3 * 3 9 18
4.5 0.838 0.838 0.811 3 * 3 9 26
5.0 0.894 0.894 0.886 3 * 3 9 27
5.5 0.940 0.940 0.934 3 * 3 9 27
6.0 0.958 0.958 0.955 3 * 3 9 27
6.5 0.976 0.976 0.971 3 * 3 9 27
7.0 0.983 0.983 0.981 3 * 3 9 27
7.5 0.991 0.991 0.990 3 * 3 9 27
8.0 0.995 0.995 0.994 3 * 3 9 27
8.5 0.996 0.996 0.994 3 * 3 9 27
9.0 0.997 0.997 0.997 3 * 3 9 27
9.5 0.998 0.998 0.997 3 * 3 9 27
10.0 0.999 0.999 0.998 3 * 3 9 27
0.5 0.000 0.000 0.000 1 * 1
1.0 0.000 0.000 0.000 1 * 1
1.5 0.224 0.137 0.076 1 * 3
2.0 0.290 0.202 0.126 1 * 4
2.5 0.403 0.343 0.222 2 * 3 7
3.0 0.543 0.486 0.373 2 * 3 10
3.5 0.664 0.619 0.470 3 * 3 9 12
4.0 0.719 0.719 0.607 3 * 3 9 18
4.5 0.848 0.848 0.829 3 * 3 9 27
5.0 0.904 0.904 0.896 3 * 3 9 27
5.5 0.939 0.939 0.932 3 * 3 9 27
6.0 0.957 0.957 0.953 3 * 3 9 27
6.5 0.973 0.973 0.970 3 * 3 9 27
7.0 0.983 0.983 0.980 3 * 3 9 27
7.5 0.988 0.988 0.987 3 * 3 9 27
8.0 0.993 0.993 0.992 3 * 3 9 27
8.5 0.997 0.997 0.995 3 * 3 9 27
9.0 0.996 0.996 0.995 3 * 3 9 27
9.5 0.998 0.998 0.998 3 * 3 9 27
10.0 0.999 0.999 0.999 3 * 3 9 27
0.5 0.000 0.000 0.000 1 * 1
1.0 0.000 0.000 0.000 1 * 1
1.5 0.250 0.153 0.084 1 * 3
2.0 0.439 0.269 0.147 1 * 3
2.5 0.399 0.340 0.222 2 * 3 7
3.0 0.596 0.523 0.376 2 * 3 9
3.5 0.668 0.624 0.476 3 * 3 9 12
4.0 0.722 0.722 0.607 3 * 3 9 18
4.5 0.844 0.844 0.816 3 * 3 9 26
5.0 0.906 0.906 0.895 3 * 3 9 27
5.5 0.938 0.938 0.930 3 * 3 9 27
6.0 0.960 0.960 0.956 3 * 3 9 27
6.5 0.974 0.974 0.971 3 * 3 9 27
7.0 0.981 0.981 0.978 3 * 3 9 27
7.5 0.990 0.990 0.988 3 * 3 9 27
8.0 0.992 0.992 0.991 3 * 3 9 27
8.5 0.996 0.996 0.994 3 * 3 9 27
9.0 0.996 0.996 0.996 3 * 3 9 27
9.5 0.999 0.999 0.997 3 * 3 9 27
10.0 0.999 0.999 0.999 3 * 3 9 27
0.5 0.000 0.000 0.000 1 * 1
1.0 0.000 0.000 0.000 1 * 1
1.5 0.254 0.156 0.086 1 * 3
2.0 0.304 0.213 0.134 1 * 4
2.5 0.317 0.261 0.214 1 * 7
3.0 0.594 0.521 0.375 2 * 3 9
3.5 0.670 0.625 0.473 3 * 3 9 12
4.0 0.727 0.727 0.617 3 * 3 9 18
4.5 0.848 0.848 0.827 3 * 3 9 27
5.0 0.905 0.905 0.893 3 * 3 9 27
5.5 0.940 0.940 0.933 3 * 3 9 27
6.0 0.959 0.959 0.954 3 * 3 9 27
6.5 0.971 0.971 0.969 3 * 3 9 27
7.0 0.982 0.982 0.980 3 * 3 9 27
7.5 0.989 0.989 0.988 3 * 3 9 27
8.0 0.932 0.932 0.949 3 * 3 9 27
8.5 0.995 0.995 0.994 3 * 3 9 27
9.0 0.996 0.996 0.996 3 * 3 9 27
9.5 0.999 0.999 0.998 3 * 3 9 27
10.0 0.999 0.999 0.998 3 * 3 9 27
0.5 0.000 0.000 0.000 1 * 1
1.0 0.000 0.000 0.000 1 * 1
1.5 0.241 0.148 0.081 1 * 3
2.0 0.429 0.262 0.143 1 * 3
2.5 0.390 0.332 0.214 2 * 3 7
3.0 0.610 0.535 0.386 2 * 3 9
3.5 0.666 0.602 0.474 2 * 3 11
4.0 0.729 0.730 0.620 4 * 3 9 11 19
4.5 0.831 0.831 0.794 3 * 3 9 25
5.0 0.898 0.898 0.886 3 * 3 9 27
5.5 0.935 0.935 0.928 3 * 3 9 27
6.0 0.955 0.955 0.951 3 * 3 9 27
6.5 0.975 0.975 0.972 3 * 3 9 27
7.0 0.981 0.981 0.980 3 * 3 9 27
7.5 0.987 0.987 0.987 3 * 3 9 27
8.0 0.992 0.992 0.991 3 * 3 9 27
8.5 0.995 0.995 0.994 3 * 3 9 27
9.0 0.996 0.996 0.996 3 * 3 9 27
9.5 0.998 0.998 0.998 3 * 3 9 27
10.0 0.999 0.999 0.998 3 * 3 9 27
0.5 0.000 0.000 0.000 1 * 1
1.0 0.035 0.022 0.012 1 * 2
1.5 0.259 0.159 0.087 1 * 3
2.0 0.454 0.278 0.152 1 * 3
2.5 0.381 0.324 0.209 2 * 3 7
3.0 0.605 0.530 0.381 2 * 3 9
3.5 0.680 0.626 0.471 3 * 3 9 11
4.0 0.725 0.725 0.623 3 * 3 9 19
4.5 0.839 0.839 0.807 3 * 3 9 26
5.0 0.901 0.901 0.891 3 * 3 9 27
5.5 0.938 0.938 0.926 3 * 3 9 27
6.0 0.957 0.957 0.953 3 * 3 9 27
6.5 0.973 0.973 0.970 3 * 3 9 27
7.0 0.982 0.982 0.980 3 * 3 9 27
7.5 0.989 0.989 0.988 3 * 3 9 27
8.0 0.993 0.993 0.991 3 * 3 9 27
8.5 0.995 0.995 0.994 3 * 3 9 27
9.0 0.997 0.997 0.997 3 * 3 9 27
9.5 0.997 0.997 0.997 3 * 3 9 27
10.0 0.999 0.999 0.998 3 * 3 9 27
0.5 0.000 0.000 0.000 1 * 1
1.0 0.000 0.000 0.000 1 * 1
1.5 0.242 0.148 0.081 1 * 3
2.0 0.308 0.214 0.134 1 * 4
2.5 0.413 0.354 0.238 2 * 3 8
3.0 0.601 0.527 0.379 2 * 3 9
3.5 0.651 0.588 0.463 2 * 3 11
4.0 0.728 0.728 0.624 3 * 3 9 19
4.5 0.834 0.834 0.794 3 * 3 9 25
5.0 0.843 0.843 0.862 3 * 3 9 27
5.5 0.938 0.938 0.933 3 * 3 9 27
6.0 0.955 0.955 0.952 3 * 3 9 27
6.5 0.977 0.977 0.972 3 * 3 9 27
7.0 0.980 0.980 0.978 3 * 3 9 27
7.5 0.987 0.987 0.987 3 * 3 9 27
8.0 0.994 0.994 0.992 3 * 3 9 27
8.5 0.996 0.996 0.995 3 * 3 9 27
9.0 0.997 0.997 0.996 3 * 3 9 27
9.5 0.997 0.997 0.997 3 * 3 9 27
10.0 0.998 0.998 0.998 3 * 3 9 27
0.5 0.000 0.000 0.000 1 * 1
1.0 0.000 0.000 0.000 1 * 1
1.5 0.266 0.163 0.089 1 * 3
2.0 0.444 0.272 0.149 1 * 3
2.5 0.402 0.341 0.220 2 * 3 7
3.0 0.604 0.530 0.381 2 * 3 9
3.5 0.634 0.591 0.462 3 * 3 9 12
4.0 0.723 0.723 0.609 3 * 3 9 18
4.5 0.843 0.843 0.812 3 * 3 9 26
5.0 0.901 0.901 0.891 3 * 3 9 27
5.5 0.936 0.936 0.929 3 * 3 9 27
6.0 0.956 0.956 0.952 3 * 3 9 27
6.5 0.973 0.973 0.969 3 * 3 9 27
7.0 0.918 0.918 0.937 3 * 3 9 27
7.5 0.989 0.989 0.989 3 * 3 9 27
8.0 0.994 0.994 0.992 3 * 3 9 27
8.5 0.995 0.995 0.995 3 * 3 9 27
9.0 0.996 0.996 0.996 3 * 3 9 27
9.5 0.998 0.998 0.998 3 * 3 9 27
10.0 0.999 0.999 0.998 3 * 3 9 27
0.5 0.000 0.000 0.000 1 * 1
1.0 0.028 0.017 0.010 1 * 2
1.5 0.253 0.155 0.085 1 * 3
2.0 0.314 0.220 0.138 1 * 4
2.5 0.417 0.359 0.243 2 * 3 8
3.0 0.607 0.533 0.386 2 * 3 9
3.5 0.649 0.612 0.478 3 * 3 10 13
4.0 0.723 0.723 0.607 3 * 3 9 18
4.5 0.838 0.838 0.796 3 * 3 9 25
5.0 0.901 0.901 0.889 3 * 3 9 27
5.5 0.944 0.944 0.937 3 * 3 9 27
6.0 0.963 0.963 0.958 3 * 3 9 27
6.5 0.972 0.972 0.969 3 * 3 9 27
7.0 0.982 0.982 0.981 3 * 3 9 27
7.5 0.990 0.990 0.987 3 * 3 9 27
8.0 0.992 0.992 0.991 3 * 3 9 27
8.5 0.997 0.997 0.996 3 * 3 9 27
9.0 0.996 0.996 0.996 3 * 3 9 27
9.5 0.998 0.998 0.998 3 * 3 9 27
10.0 0.999 0.999 0.998 3 * 3 9 27
0.5 0.000 0.000 0.000 1 * 1
1.0 0.000 0.000 0.000 1 * 1
1.5 0.243 0.149 0.082 1 * 3
2.0 0.305 0.211 0.132 1 * 4
2.5 0.382 0.324 0.208 2 * 3 7
3.0 0.607 0.532 0.382 2 * 3 9
3.5 0.639 0.594 0.466 3 * 3 10 12
4.0 0.728 0.729 0.625 4 * 3 9 11 19
4.5 0.836 0.836 0.806 3 * 3 9 26
5.0 0.907 0.907 0.894 3 * 3 9 27
5.5 0.931 0.931 0.926 3 * 3 9 27
6.0 0.958 0.958 0.954 3 * 3 9 27
6.5 0.974 0.974 0.971 3 * 3 9 27
7.0 0.985 0.985 0.981 3 * 3 9 27
7.5 0.988 0.988 0.987 3 * 3 9 27
8.0 0.923 0.923 0.951 3 * 3 9 27
8.5 0.996 0.996 0.996 3 * 3 9 27
9.0 0.997 0.997 0.997 3 * 3 9 27
9.5 0.999 0.999 0.998 3 * 3 9 27
10.0 0.998 0.998 0.998 3 * 3 9 27
0.5 0.000 0.000 0.000 1 * 1
1.0 0.032 0.020 0.011 1 * 2
1.5 0.264 0.162 0.088 1 * 3
2.0 0.432 0.265 0.145 1 * 3
2.5 0.371 0.317 0.210 2 * 3 7
3.0 0.609 0.534 0.384 2 * 3 9
3.5 0.669 0.632 0.484 3 * 3 9 13
4.0 0.710 0.710 0.597 3 * 3 9 18
4.5 0.840 0.840 0.814 3 * 3 9 26
5.0 0.908 0.908 0.898 3 * 3 9 27
5.5 0.940 0.940 0.930 3 * 3 9 27
6.0 0.961 0.961 0.956 3 * 3 9 27
6.5 0.973 0.973 0.970 3 * 3 9 27
7.0 0.984 0.984 0.981 3 * 3 9 27
7.5 0.990 0.990 0.987 3 * 3 9 27
8.0 0.994 0.994 0.992 3 * 3 9 27
8.5 0.942 0.942 0.956 3 * 3 9 27
9.0 0.996 0.996 0.995 3 * 3 9 27
9.5 0.998 0.998 0.998 3 * 3 9 27
10.0 0.998 0.998 0.998 3 * 3 9 27
0.5 0.000 0.000 0.000 1 * 1
1.0 0.000 0.000 0.000 1 * 1
1.5 0.257 0.158 0.086 1 * 3
2.0 0.303 0.212 0.133 1 * 4
2.5 0.418 0.359 0.241 2 * 3 8
3.0 0.551 0.492 0.374 2 * 3 10
3.5 0.650 0.614 0.475 3 * 3 9 13
4.0 0.718 0.730 0.619 4 * 3 9 13 18
4.5 0.851 0.851 0.833 3 * 3 9 27
5.0 0.902 0.902 0.892 3 * 3 9 27
5.5 0.937 0.937 0.930 3 * 3 9 27
6.0 0.960 0.960 0.955 3 * 3 9 27
6.5 0.972 0.972 0.969 3 * 3 9 27
7.0 0.982 0.982 0.980 3 * 3 9 27
7.5 0.988 0.988 0.986 3 * 3 9 27
8.0 0.992 0.992 0.991 3 * 3 9 27
8.5 0.995 0.995 0.995 3 * 3 9 27
9.0 0.997 0.997 0.997 3 * 3 9 27
9.5 0.998 0.998 0.997 3 * 3 9 27
10.0 0.999 0.999 0.999 3 * 3 9 27
0.5 0.000 0.000 0.000 1 * 1
1.0 0.000 0.000 0.000 1 * 1
1.5 0.233 0.143 0.078 1 * 3
2.0 0.440 0.269 0.147 1 * 3
2.5 0.386 0.329 0.215 2 * 3 7
3.0 0.602 0.529 0.382 2 * 3 9
3.5 0.659 0.591 0.455 2 * 3 10
4.0 0.725 0.725 0.621 3 * 3 9 19
4.5 0.833 0.833 0.812 3 * 3 10 26
5.0 0.908 0.908 0.894 3 * 3 9 27
5.5 0.938 0.938 0.930 3 * 3 9 27
6.0 0.885 0.885 0.911 3 * 3 9 27
6.5 0.974 0.974 0.971 3 * 3 9 27
7.0 0.982 0.982 0.980 3 * 3 9 27
7.5 0.990 0.990 0.988 3 * 3 9 27
8.0 0.993 0.993 0.992 3 * 3 9 27
8.5 0.995 0.995 0.994 3 * 3 9 27
9.0 0.997 0.997 0.996 3 * 3 9 27
9.5 0.999 0.999 0.998 3 * 3 9 27
10.0 0.999 0.999 0.998 3 * 3 9 27
0.5 0.000 0.000 0.000 1 * 1
1.0 0.000 0.000 0.000 1 * 1
1.5 0.257 0.157 0.086 1 * 3
2.0 0.435 0.266 0.146 1 * 3
2.5 0.400 0.340 0.219 2 * 3 7
3.0 0.548 0.489 0.371 2 * 3 10
3.5 0.657 0.612 0.463 3 * 3 9 12
4.0 0.738 0.738 0.633 3 * 3 9 19
4.5 0.851 0.851 0.832 3 * 3 9 27
5.0 0.896 0.896 0.884 3 * 3 9 27
5.5 0.938 0.938 0.930 3 * 3 9 27
6.0 0.957 0.957 0.954 3 * 3 9 27
6.5 0.975 0.975 0.972 3 * 3 9 27
7.0 0.982 0.982 0.980 3 * 3 9 27
7.5 0.988 0.988 0.986 3 * 3 9 27
8.0 0.993 0.993 0.991 3 * 3 9 27
8.5 0.996 0.996 0.995 3 * 3 9 27
9.0 0.997 0.997 0.996 3 * 3 9 27
9.5 0.999 0.999 0.998 3 * 3 9 27
10.0 0.999 0.999 0.998 3 * 3 9 27
0.5 0.000 0.000 0.000 1 * 1
1.0 0.000 0.000 0.000 1 * 1
1.5 0.258 0.158 0.086 1 * 3
2.0 0.448 0.274 0.150 1 * 3
2.5 0.388 0.329 0.211 2 * 3 7
3.0 0.542 0.484 0.368 2 * 3 10
3.5 0.682 0.627 0.474 3 * 3 9 11
4.0 0.731 0.731 0.634 3 * 3 9 20
4.5 0.833 0.833 0.796 3 * 3 9 25
5.0 0.909 0.909 0.896 3 * 3 9 27
5.5 0.941 0.941 0.934 3 * 3 9 27
6.0 0.962 0.962 0.958 3 * 3 9 27
6.5 0.977 0.977 0.974 3 * 3 9 27
7.0 0.984 0.984 0.982 3 * 3 9 27
7.5 0.988 0.988 0.987 3 * 3 9 27
8.0 0.992 0.992 0.992 3 * 3 9 27
8.5 0.996 0.996 0.995 3 * 3 9 27
9.0 0.998 0.998 0.997 3 * 3 9 27
9.5 0.999 0.999 0.998 3 * 3 9 27
10.0 0.999 0.999 0.999 3 * 3 9 27
0.5 0.000 0.000 0.000 1 * 1
1.0 0.000 0.000 0.000 1 * 1
1.5 0.252 0.155 0.085 1 * 3
2.0 0.453 0.277 0.152 1 * 3
2.5 0.403 0.342 0.220 2 * 3 7
3.0 0.607 0.532 0.382 2 * 3 9
3.5 0.663 0.618 0.469 3 * 3 9 12
4.0 0.719 0.719 0.614 3 * 3 9 19
4.5 0.850 0.850 0.831 3 * 3 9 27
5.0 0.901 0.901 0.894 3 * 3 9 27
5.5 0.927 0.927 0.921 3 * 3 9 27
6.0 0.958 0.958 0.953 3 * 3 9 27
6.5 0.975 0.975 0.971 3 * 3 9 27
7.0 0.984 0.984 0.981 3 * 3 9 27
7.5 0.989 0.989 0.987 3 * 3 9 27
8.0 0.992 0.992 0.991 3 * 3 9 27
8.5 0.996 0.996 0.996 3 * 3 9 27
9.0 0.997 0.997 0.997 3 * 3 9 27
9.5 0.999 0.999 0.998 3 * 3 9 27
10.0 0.999 0.999 0.999 3 * 3 9 27
0.5 0.000 0.000 0.000 1 * 1
1.0 0.000 0.000 0.000 1 * 1
1.5 0.224 0.137 0.075 1 * 3
2.0 0.303 0.213 0.135 1 * 4
2.5 0.394 0.336 0.219 2 * 3 7
3.0 0.596 0.523 0.377 2 * 3 9
3.5 0.634 0.598 0.463 3 * 3 9 13
4.0 0.722 0.722 0.620 3 * 3 9 19
4.5 0.836 0.836 0.810 3 * 3 9 26
5.0 0.900 0.900 0.889 3 * 3 9 27
5.5 0.849 0.849 0.885 3 * 3 9 27
6.0 0.959 0.959 0.955 3 * 3 9 27
6.5 0.975 0.975 0.971 3 * 3 9 27
7.0 0.979 0.979 0.978 3 * 3 9 27
7.5 0.923 0.923 0.943 3 * 3 9 27
8.0 0.994 0.994 0.992 3 * 3 9 27
8.5 0.995 0.995 0.994 3 * 3 9 27
9.0 0.997 0.997 0.997 3 * 3 9 27
9.5 0.998 0.998 0.997 3 * 3 9 27
10.0 0.999 0.999 0.998 3 * 3 9 27
0.5 0.000 0.000 0.000 1 * 1
1.0 0.026 0.016 0.009 1 * 2
1.5 0.245 0.150 0.082 1 * 3
2.0 0.304 0.210 0.130 1 * 4
2.5 0.394 0.336 0.220 2 * 3 7
3.0 0.609 0.535 0.387 2 * 3 9
3.5 0.651 0.589 0.465 2 * 3 11
4.0 0.734 0.734 0.625 3 * 3 9 19
4.5 0.840 0.840 0.801 3 * 3 9 25
5.0 0.900 0.900 0.889 3 * 3 9 27
5.5 0.938 0.938 0.932 3 * 3 9 27
6.0 0.888 0.888 0.912 3 * 3 9 27
6.5 0.973 0.973 0.970 3 * 3 9 27
7.0 0.982 0.982 0.979 3 * 3 9 27
7.5 0.923 0.923 0.943 3 * 3 9 27
8.0 0.994 0.994 0.993 3 * 3 9 27
8.5 0.996 0.996 0.995 3 * 3 9 27
9.0 0.997 0.997 0.997 3 * 3 9 27
9.5 0.999 0.999 0.998 3 * 3 9 27
10.0 0.999 0.999 0.998 3 * 3 9 27
0.5 0.000 0.000 0.000 1 * 1
1.0 0.000 0.000 0.000 1 * 1
1.5 0.239 0.146 0.080 1 * 3
2.0 0.438 0.268 0.146 1 * 3
2.5 0.386 0.324 0.201 2 * 3 6
3.0 0.598 0.525 0.378 2 * 3 9
3.5 0.630 0.575 0.466 2 * 3 12
4.0 0.722 0.722 0.610 3 * 3 9 18
4.5 0.842 0.842 0.813 3 * 3 9 26
5.0 0.897 0.897 0.885 3 * 3 9 27
5.5 0.936 0.936 0.931 3 * 3 9 27
6.0 0.957 0.957 0.954 3 * 3 9 27
6.5 0.973 0.973 0.970 3 * 3 9 27
7.0 0.983 0.983 0.980 3 * 3 9 27
7.5 0.991 0.991 0.989 3 * 3 9 27
8.0 0.992 0.992 0.992 3 * 3 9 27
8.5 0.899 0.899 0.953 3 * 3 9 27
9.0 0.998 0.998 0.996 3 * 3 9 27
9.5 0.997 0.997 0.997 3 * 3 9 27
10.0 0.999 0.999 0.998 3 * 3 9 27
0.5 0.000 0.000 0.000 1 * 1
1.0 0.000 0.000 0.000 1 * 1
1.5 0.251 0.154 0.084 1 * 3
2.0 0.296 0.205 0.129 1 * 4
2.5 0.399 0.339 0.217 2 * 3 7
3.0 0.611 0.537 0.388 2 * 3 9
3.5 0.655 0.619 0.475 3 * 3 9 13
4.0 0.726 0.726 0.623 3 * 3 9 19
4.5 0.842 0.842 0.823 3 * 3 9 27
5.0 0.906 0.906 0.893 3 * 3 9 27
5.5 0.930 0.930 0.922 3 * 3 9 27
6.0 0.957 0.957 0.953 3 * 3 9 27
6.5 0.977 0.977 0.973 3 * 3 9 27
7.0 0.982 0.982 0.979 3 * 3 9 27
7.5 0.990 0.990 0.987 3 * 3 9 27
8.0 0.992 0.992 0.989 3 * 3 9 27
8.5 0.997 0.997 0.996 3 * 3 9 27
9.0 0.998 0.998 0.997 3 * 3 9 27
9.5 0.998 0.998 0.998 3 * 3 9 27
10.0 0.998 0.998 0.998 3 * 3 9 27
0.5 0.000 0.000 0.000 1 * 1
1.0 0.000 0.000 0.000 1 * 1
1.5 0.249 0.152 0.083 1 * 3
2.0 0.295 0.205 0.129 1 * 4
2.5 0.373 0.318 0.208 2 * 3 7
3.0 0.608 0.534 0.386 2 * 3 9
3.5 0.667 0.630 0.484 3 * 3 9 13
4.0 0.724 0.724 0.612 3 * 3 9 18
4.5 0.841 0.841 0.810 3 * 3 9 26
5.0 0.901 0.901 0.891 3 * 3 9 27
5.5 0.937 0.937 0.931 3 * 3 9 27
6.0 0.956 0.956 0.953 3 * 3 9 27
6.5 0.972 0.972 0.970 3 * 3 9 27
7.0 0.982 0.982 0.980 3 * 3 9 27
7.5 0.991 0.991 0.989 3 * 3 9 27
8.0 0.995 0.995 0.993 3 * 3 9 27
8.5 0.996 0.996 0.995 3 * 3 9 27
9.0 0.996 0.996 0.995 3 * 3 9 27
9.5 0.999 0.999 0.997 3 * 3 9 27
10.0 0.998 0.998 0.998 3 * 3 9 27
0.5 0.000 0.000 0.000 1 * 1
1.0 0.015 0.010 0.006 1 * 2
1.5 0.235 0.144 0.079 1 * 3
2.0 0.292 0.203 0.127 1 * 4
2.5 0.404 0.343 0.222 2 * 3 7
3.0 0.611 0.536 0.386 2 * 3 9
3.5 0.665 0.628 0.482 3 * 3 9 13
4.0 0.729 0.729 0.622 3 * 3 9 19
4.5 0.844 0.844 0.814 3 * 3 9 26
5.0 0.904 0.904 0.893 3 * 3 9 27
5.5 0.935 0.935 0.930 3 * 3 9 27
6.0 0.959 0.959 0.953 3 * 3 9 27
6.5 0.972 0.972 0.969 3 * 3 9 27
7.0 0.983 0.983 0.981 3 * 3 9 27
7.5 0.989 0.989 0.988 3 * 3 9 27
8.0 0.992 0.992 0.991 3 * 3 9 27
8.5 0.995 0.995 0.994 3 * 3 9 27
9.0 0.997 0.997 0.996 3 * 3 9 27
9.5 0.998 0.998 0.997 3 * 3 9 27
10.0 0.999 0.999 0.998 3 * 3 9 27
0.5 -0.000 -0.000 -0.000 1 * 2
1.0 0.015 0.010 0.005 1 * 2
1.5 0.225 0.138 0.076 1 * 3
2.0 0.298 0.206 0.129 1 * 4
2.5 0.407 0.346 0.224 2 * 3 7
3.0 0.597 0.525 0.379 2 * 3 9
3.5 0.684 0.629 0.472 3 * 3 9 11
4.0 0.740 0.740 0.655 3 * 3 9 21
4.5 0.835 0.835 0.805 3 * 3 9 26
5.0 0.908 0.908 0.897 3 * 3 9 27
5.5 0.932 0.932 0.926 3 * 3 9 27
6.0 0.958 0.958 0.955 3 * 3 9 27
6.5 0.976 0.976 0.973 3 * 3 9 27
7.0 0.984 0.984 0.982 3 * 3 9 27
7.5 0.991 0.991 0.989 3 * 3 9 27
8.0 0.992 0.992 0.992 3 * 3 9 27
8.5 0.996 0.996 0.995 3 * 3 9 27
9.0 0.997 0.997 0.997 3 * 3 9 27
9.5 0.999 0.999 0.998 3 * 3 9 27
10.0 0.999 0.999 0.998 3 * 3 9 27
0.5 0.000 0.000 0.000 1 * 1
1.0 0.000 0.000 0.000 1 * 1
1.5 0.243 0.149 0.081 1 * 3
2.0 0.299 0.210 0.132 1 * 4
2.5 0.401 0.341 0.220 2 * 3 7
3.0 0.593 0.521 0.378 2 * 3 9
3.5 0.677 0.631 0.482 3 * 3 9 12
4.0 0.740 0.740 0.645 3 * 3 9 20
4.5 0.846 0.846 0.831 3 * 3 9 27
5.0 0.905 0.905 0.893 3 * 3 9 27
5.5 0.930 0.930 0.924 3 * 3 9 27
6.0 0.960 0.960 0.955 3 * 3 9 27
6.5 0.976 0.976 0.973 3 * 3 9 27
7.0 0.981 0.981 0.979 3 * 3 9 27
7.5 0.988 0.988 0.987 3 * 3 9 27
8.0 0.990 0.990 0.989 3 * 3 9 27
8.5 0.995 0.995 0.993 3 * 3 9 27
9.0 0.997 0.997 0.996 3 * 3 9 27
9.5 0.998 0.998 0.998 3 * 3 9 27
10.0 0.999 0.999 0.998 3 * 3 9 27
0.5 0.000 0.000 0.000 1 * 1
1.0 0.000 0.000 0.000 1 * 1
1.5 0.254 0.156 0.085 1 * 3
2.0 0.441 0.270 0.147 1 * 3
2.5 0.374 0.320 0.212 2 * 3 7
3.0 0.617 0.541 0.389 2 * 3 9
3.5 0.639 0.595 0.462 3 * 3 9 12
4.0 0.729 0.732 0.640 4 * 3 9 11 20
4.5 0.845 0.845 0.817 3 * 3 9 26
5.0 0.905 0.905 0.895 3 * 3 9 27
5.5 0.937 0.937 0.930 3 * 3 9 27
6.0 0.960 0.960 0.956 3 * 3 9 27
6.5 0.970 0.970 0.967 3 * 3 9 27
7.0 0.980 0.980 0.978 3 * 3 9 27
7.5 0.990 0.990 0.989 3 * 3 9 27
8.0 0.994 0.994 0.992 3 * 3 9 27
8.5 0.995 0.995 0.995 3 * 3 9 27
9.0 0.997 0.997 0.996 3 * 3 9 27
9.5 0.998 0.998 0.998 3 * 3 9 27
10.0 0.998 0.998 0.998 3 * 3 9 27
0.5 0.000 0.000 0.000 1 * 1
1.0 0.000 0.000 0.000 1 * 1
1.5 0.244 0.150 0.082 1 * 3
2.0 0.308 0.216 0.137 1 * 4
2.5 0.403 0.346 0.232 2 * 3 8
3.0 0.602 0.529 0.381 2 * 3 9
3.5 0.666 0.622 0.476 3 * 3 9 12
4.0 0.738 0.738 0.645 3 * 3 9 20
4.5 0.841 0.841 0.808 3 * 3 9 26
5.0 0.899 0.899 0.887 3 * 3 9 27
5.5 0.864 0.864 0.889 3 * 3 9 27
6.0 0.960 0.960 0.955 3 * 3 9 27
6.5 0.974 0.974 0.970 3 * 3 9 27
7.0 0.983 0.983 0.980 3 * 3 9 27
7.5 0.989 0.989 0.988 3 * 3 9 27
8.0 0.992 0.992 0.991 3 * 3 9 27
8.5 0.995 0.995 0.995 3 * 3 9 27
9.0 0.997 0.997 0.997 3 * 3 9 27
9.5 0.998 0.998 0.997 3 * 3 9 27
10.0 0.999 0.999 0.999 3 * 3 9 27
0.5 0.000 0.000 0.000 1 * 1
1.0 0.000 0.000 0.000 1 * 1
1.5 0.242 0.148 0.081 1 * 3
2.0 0.305 0.212 0.132 1 * 4
2.5 0.412 0.355 0.241 2 * 3 8
3.0 0.609 0.535 0.388 2 * 3 9
3.5 0.638 0.578 0.459 2 * 3 11
4.0 0.726 0.724 0.599 3 * 3 9 17
4.5 0.853 0.853 0.837 3 * 3 9 27
5.0 0.911 0.911 0.896 3 * 3 9 27
5.5 0.937 0.937 0.930 3 * 3 9 27
6.0 0.957 0.957 0.953 3 * 3 9 27
6.5 0.971 0.971 0.971 3 * 3 9 27
7.0 0.984 0.984 0.982 3 * 3 9 27
7.5 0.989 0.989 0.988 3 * 3 9 27
8.0 0.993 0.993 0.992 3 * 3 9 27
8.5 0.996 0.996 0.995 3 * 3 9 27
9.0 0.996 0.996 0.995 3 * 3 9 27
9.5 0.998 0.998 0.997 3 * 3 9 27
10.0 0.999 0.999 0.998 3 * 3 9 27
0.5 0.000 0.000 0.000 1 * 1
1.0 0.000 0.000 0.000 1 * 1
1.5 0.246 0.151 0.083 1 * 3
2.0 0.445 0.272 0.149 1 * 3
2.5 0.408 0.351 0.236 2 * 3 8
3.0 0.606 0.532 0.385 2 * 3 9
3.5 0.674 0.629 0.478 3 * 3 9 12
4.0 0.701 0.723 0.617 4 * 3 9 15 19
4.5 0.844 0.844 0.815 3 * 3 9 26
5.0 0.901 0.901 0.892 3 * 3 9 27
5.5 0.932 0.932 0.928 3 * 3 9 27
6.0 0.961 0.961 0.956 3 * 3 9 27
6.5 0.970 0.970 0.968 3 * 3 9 27
7.0 0.985 0.985 0.982 3 * 3 9 27
7.5 0.989 0.989 0.989 3 * 3 9 27
8.0 0.994 0.994 0.994 3 * 3 9 27
8.5 0.995 0.995 0.994 3 * 3 9 27
9.0 0.934 0.934 0.958 3 * 3 9 27
9.5 0.998 0.998 0.998 3 * 3 9 27
10.0 0.998 0.998 0.998 3 * 3 9 27
0.5 0.000 0.000 0.000 1 * 1
1.0 0.017 0.011 0.006 1 * 2
1.5 0.255 0.156 0.085 1 * 3
2.0 0.459 0.280 0.153 1 * 3
2.5 0.392 0.333 0.216 2 * 3 7
3.0 0.599 0.527 0.382 2 * 3 9
3.5 0.668 0.622 0.475 3 * 3 9 12
4.0 0.723 0.720 0.600 3 * 3 9 17
4.5 0.838 0.838 0.799 3 * 3 9 25
5.0 0.900 0.900 0.891 3 * 3 9 27
5.5 0.937 0.937 0.928 3 * 3 9 27
6.0 0.957 0.957 0.952 3 * 3 9 27
6.5 0.975 0.975 0.972 3 * 3 9 27
7.0 0.985 0.985 0.982 3 * 3 9 27
7.5 0.988 0.988 0.986 3 * 3 9 27
8.0 0.994 0.994 0.992 3 * 3 9 27
8.5 0.996 0.996 0.994 3 * 3 9 27
9.0 0.996 0.996 0.996 3 * 3 9 27
9.5 0.999 0.999 0.999 3 * 3 9 27
10.0 0.999 0.999 0.998 3 * 3 9 27
0.5 0.000 0.000 0.000 1 * 1
1.0 0.000 0.000 0.000 1 * 1
1.5 0.249 0.153 0.084 1 * 3
2.0 0.410 0.251 0.137 1 * 3
2.5 0.384 0.326 0.210 2 * 3 7
3.0 0.605 0.531 0.384 2 * 3 9
3.5 0.645 0.617 0.481 3 * 3 9 14
4.0 0.705 0.727 0.627 4 * 3 9 15 19
4.5 0.849 0.849 0.833 3 * 3 9 27
5.0 0.900 0.900 0.893 3 * 3 9 27
5.5 0.942 0.942 0.936 3 * 3 9 27
6.0 0.961 0.961 0.955 3 * 3 9 27
6.5 0.972 0.972 0.970 3 * 3 9 27
7.0 0.980 0.980 0.979 3 * 3 9 27
7.5 0.988 0.988 0.986 3 * 3 9 27
8.0 0.993 0.993 0.991 3 * 3 9 27
8.5 0.994 0.994 0.994 3 * 3 9 27
9.0 0.997 0.997 0.996 3 * 3 9 27
9.5 0.999 0.999 0.998 3 * 3 9 27
10.0 0.998 0.998 0.998 3 * 3 9 27
0.5 0.000 0.000 0.000 1 * 1
1.0 0.000 0.000 0.000 1 * 1
1.5 0.243 0.149 0.081 1 * 3
2.0 0.315 0.221 0.140 1 * 4
2.5 0.430 0.372 0.255 2 * 3 9
3.0 0.603 0.529 0.382 2 * 3 9
3.5 0.626 0.571 0.462 2 * 3 12
4.0 0.731 0.731 0.627 3 * 3 9 19
4.5 0.843 0.843 0.814 3 * 3 9 26
5.0 0.908 0.908 0.896 3 * 3 9 27
5.5 0.940 0.940 0.931 3 * 3 9 27
6.0 0.961 0.961 0.956 3 * 3 9 27
6.5 0.973 0.973 0.969 3 * 3 9 27
7.0 0.984 0.984 0.982 3 * 3 9 27
7.5 0.989 0.989 0.987 3 * 3 9 27
8.0 0.995 0.995 0.992 3 * 3 9 27
8.5 0.995 0.995 0.994 3 * 3 9 27
9.0 0.997 0.997 0.995 3 * 3 9 27
9.5 0.997 0.997 0.997 3 * 3 9 27
10.0 0.999 0.999 0.998 3 * 3 9 27
0.5 0.000 0.000 0.000 1 * 1
1.0 0.000 0.000 0.000 1 * 1
1.5 0.220 0.135 0.074 1 * 3
2.0 0.443 0.271 0.148 1 * 3
2.5 0.391 0.332 0.214 2 * 3 7
3.0 0.612 0.538 0.391 2 * 3 9
3.5 0.673 0.627 0.476 3 * 3 9 12
4.0 0.731 0.731 0.625 3 * 3 9 19
4.5 0.836 0.836 0.801 3 * 3 9 25
5.0 0.906 0.906 0.893 3 * 3 9 27
5.5 0.938 0.938 0.931 3 * 3 9 27
6.0 0.960 0.960 0.955 3 * 3 9 27
6.5 0.979 0.979 0.974 3 * 3 9 27
7.0 0.983 0.983 0.982 3 * 3 9 27
7.5 0.989 0.989 0.987 3 * 3 9 27
8.0 0.991 0.991 0.990 3 * 3 9 27
8.5 0.996 0.996 0.995 3 * 3 9 27
9.0 0.997 0.997 0.995 3 * 3 9 27
9.5 0.998 0.998 0.998 3 * 3 9 27
10.0 0.999 0.999 0.998 3 * 3 9 27
0.5 0.000 0.000 0.000 1 * 1
1.0 0.000 0.000 0.000 1 * 1
1.5 0.249 0.153 0.084 1 * 3
2.0 0.314 0.218 0.136 1 * 4
2.5 0.400 0.341 0.223 2 * 3 7
3.0 0.615 0.539 0.388 2 * 3 9
3.5 0.672 0.634 0.485 3 * 3 9 13
4.0 0.725 0.725 0.624 3 * 3 9 19
4.5 0.849 0.849 0.819 3 * 3 9 26
5.0 0.907 0.907 0.897 3 * 3 9 27
5.5 0.940 0.940 0.932 3 * 3 9 27
6.0 0.962 0.962 0.959 3 * 3 9 27
6.5 0.975 0.975 0.972 3 * 3 9 27
7.0 0.984 0.984 0.982 3 * 3 9 27
7.5 0.989 0.989 0.988 3 * 3 9 27
8.0 0.993 0.993 0.993 3 * 3 9 27
8.5 0.995 0.995 0.993 3 * 3 9 27
9.0 0.998 0.998 0.998 3 * 3 9 27
9.5 0.998 0.998 0.998 3 * 3 9 27
10.0 0.998 0.998 0.998 3 * 3 9 27
0.5 0.000 0.000 0.000 1 * 1
1.0 0.000 0.000 0.000 1 * 1
1.5 0.240 0.147 0.080 1 * 3
2.0 0.448 0.274 0.150 1 * 3
2.5 0.405 0.345 0.225 2 * 3 7
3.0 0.565 0.505 0.385 2 * 3 10
3.5 0.668 0.623 0.473 3 * 3 9 12
4.0 0.719 0.719 0.618 3 * 3 9 19
4.5 0.838 0.838 0.808 3 * 3 9 26
5.0 0.901 0.901 0.890 3 * 3 9 27
5.5 0.930 0.930 0.923 3 * 3 9 27
6.0 0.958 0.958 0.953 3 * 3 9 27
6.5 0.975 0.975 0.972 3 * 3 9 27
7.0 0.981 0.981 0.978 3 * 3 9 27
7.5 0.989 0.989 0.988 3 * 3 9 27
8.0 0.996 0.996 0.995 3 * 3 9 27
8.5 0.994 0.994 0.994 3 * 3 9 27
9.0 0.998 0.998 0.997 3 * 3 9 27
9.5 0.998 0.998 0.997 3 * 3 9 27
10.0 0.998 0.998 0.998 3 * 3 9 27
0.5 0.000 0.000 0.000 1 * 1
1.0 0.000 0.000 0.000 1 * 1
1.5 0.254 0.155 0.085 1 * 3
2.0 0.292 0.205 0.130 1 * 4
2.5 0.411 0.354 0.239 2 * 3 8
3.0 0.536 0.480 0.367 2 * 3 10
3.5 0.668 0.622 0.473 3 * 3 9 12
4.0 0.724 0.724 0.623 3 * 3 9 19
4.5 0.845 0.845 0.816 3 * 3 9 26
5.0 0.898 0.898 0.889 3 * 3 9 27
5.5 0.937 0.937 0.931 3 * 3 9 27
6.0 0.961 0.961 0.953 3 * 3 9 27
6.5 0.972 0.972 0.970 3 * 3 9 27
7.0 0.981 0.981 0.977 3 * 3 9 27
7.5 0.989 0.989 0.987 3 * 3 9 27
8.0 0.993 0.993 0.991 3 * 3 9 27
8.5 0.995 0.995 0.994 3 * 3 9 27
9.0 0.997 0.997 0.996 3 * 3 9 27
9.5 0.997 0.997 0.997 3 * 3 9 27
10.0 0.999 0.999 0.999 3 * 3 9 27
0.5 0.000 0.000 0.000 1 * 1
1.0 0.000 0.000 0.000 1 * 1
1.5 0.249 0.153 0.083 1 * 3
2.0 0.438 0.268 0.146 1 * 3
2.5 0.410 0.356 0.249 2 * 3 8
3.0 0.607 0.532 0.382 2 * 3 9
3.5 0.627 0.589 0.469 3 * 3 10 13
4.0 0.733 0.733 0.636 3 * 3 9 20
4.5 0.839 0.839 0.811 3 * 3 9 26
5.0 0.901 0.901 0.888 3 * 3 9 27
5.5 0.939 0.939 0.929 3 * 3 9 27
6.0 0.956 0.956 0.951 3 * 3 9 27
6.5 0.969 0.969 0.967 3 * 3 9 27
7.0 0.984 0.984 0.984 3 * 3 9 27
7.5 0.991 0.991 0.990 3 * 3 9 27
8.0 0.993 0.993 0.991 3 * 3 9 27
8.5 0.995 0.995 0.994 3 * 3 9 27
9.0 0.997 0.997 0.996 3 * 3 9 27
9.5 0.997 0.997 0.997 3 * 3 9 27
10.0 0.999 0.999 0.999 3 * 3 9 27
0.5 0.000 0.000 0.000 1 * 1
1.0 0.012 0.008 0.004 1 * 2
1.5 0.236 0.145 0.079 1 * 3
2.0 0.311 0.218 0.137 1 * 4
2.5 0.436 0.379 0.263 2 * 3 9
3.0 0.553 0.495 0.379 2 * 3 10
3.5 0.666 0.628 0.481 3 * 3 9 13
4.0 0.712 0.712 0.598 3 * 3 9 18
4.5 0.838 0.838 0.812 3 * 3 9 26
5.0 0.902 0.902 0.891 3 * 3 9 27
5.5 0.937 0.937 0.929 3 * 3 9 27
6.0 0.960 0.960 0.956 3 * 3 9 27
6.5 0.972 0.972 0.969 3 * 3 9 27
7.0 0.983 0.983 0.981 3 * 3 9 27
7.5 0.989 0.989 0.987 3 * 3 9 27
8.0 0.993 0.993 0.992 3 * 3 9 27
8.5 0.995 0.995 0.994 3 * 3 9 27
9.0 0.997 0.997 0.997 3 * 3 9 27
9.5 0.998 0.998 0.997 3 * 3 9 27
10.0 0.998 0.998 0.998 3 * 3 9 27
0.5 0.000 0.000 0.000 1 * 1
1.0 0.000 0.000 0.000 1 * 1
1.5 0.252 0.154 0.085 1 * 3
2.0 0.439 0.268 0.147 1 * 3
2.5 0.392 0.334 0.219 2 * 3 7
3.0 0.611 0.536 0.387 2 * 3 9
3.5 0.636 0.590 0.464 3 * 3 10 12
4.0 0.726 0.726 0.630 3 * 3 9 20
4.5 0.842 0.842 0.813 3 * 3 9 26
5.0 0.904 0.904 0.891 3 * 3 9 27
5.5 0.936 0.936 0.932 3 * 3 9 27
6.0 0.959 0.959 0.956 3 * 3 9 27
6.5 0.972 0.972 0.969 3 * 3 9 27
7.0 0.984 0.984 0.981 3 * 3 9 27
7.5 0.989 0.989 0.988 3 * 3 9 27
8.0 0.992 0.992 0.991 3 * 3 9 27
8.5 0.995 0.995 0.994 3 * 3 9 27
9.0 0.998 0.998 0.997 3 * 3 9 27
9.5 0.997 0.997 0.997 3 * 3 9 27
10.0 0.998 0.998 0.998 3 * 3 9 27
0.5 0.000 0.000 0.000 1 * 1
1.0 0.000 0.000 0.000 1 * 1
1.5 0.250 0.153 0.084 1 * 3
2.0 0.437 0.267 0.146 1 * 3
2.5 0.293 0.246 0.197 1 * 7
3.0 0.598 0.524 0.376 2 * 3 9
3.5 0.679 0.625 0.467 3 * 3 9 11
4.0 0.725 0.725 0.608 3 * 3 9 18
4.5 0.839 0.839 0.802 3 * 3 9 25
5.0 0.904 0.904 0.892 3 * 3 9 27
5.5 0.938 0.938 0.931 3 * 3 9 27
6.0 0.959 0.959 0.955 3 * 3 9 27
6.5 0.976 0.976 0.974 3 * 3 9 27
7.0 0.983 0.983 0.981 3 * 3 9 27
7.5 0.987 0.987 0.986 3 * 3 9 27
8.0 0.995 0.995 0.993 3 * 3 9 27
8.5 0.994 0.994 0.994 3 * 3 9 27
9.0 0.997 0.997 0.996 3 * 3 9 27
9.5 0.998 0.998 0.997 3 * 3 9 27
10.0 0.999 0.999 0.999 3 * 3 9 27
