0.5 0.222 0.130 0.222 1 * 1
1.0 0.222 0.130 0.222 1 * 1
1.5 0.530 0.468 0.456 1 * 3
2.0 0.723 0.613 0.573 1 * 3
2.5 0.673 0.652 0.609 2 * 3 5
3.0 0.779 0.757 0.713 2 * 3 5
3.5 0.843 0.819 0.772 2 * 3 5
4.0 0.742 0.644 0.742 1 * 7
4.5 0.799 0.721 0.802 2 * 5 7
5.0 0.878 0.878 0.884 3 * 3 5 7
5.5 0.863 0.908 0.719 3 * 3 5 7
6.0 0.935 0.935 0.938 3 * 3 5 7
6.5 0.952 0.952 0.954 3 * 3 5 7
7.0 0.966 0.966 0.968 3 * 3 5 7
7.5 0.981 0.981 0.982 3 * 3 5 7
8.0 0.987 0.987 0.987 3 * 3 5 7
8.5 0.987 0.987 0.988 3 * 3 5 7
9.0 0.990 0.990 0.990 3 * 3 5 7
9.5 0.995 0.995 0.995 3 * 3 5 7
10.0 0.996 0.996 0.996 3 * 3 5 7
0.5 0.222 0.130 0.222 1 * 1
1.0 0.222 0.130 0.222 1 * 1
1.5 0.537 0.478 0.468 1 * 3
2.0 0.725 0.615 0.575 1 * 3
2.5 0.637 0.615 0.606 1 * 4
3.0 0.784 0.761 0.715 2 * 3 5
3.5 0.770 0.728 0.612 2 * 3 6
4.0 0.805 0.759 0.639 2 * 3 6
4.5 0.804 0.727 0.807 2 * 5 7
5.0 0.868 0.868 0.874 3 * 3 5 7
5.5 0.812 0.929 0.562 3 * 3 6 8
6.0 0.940 0.940 0.943 3 * 3 5 7
6.5 0.957 0.957 0.959 3 * 3 5 7
7.0 0.970 0.970 0.971 3 * 3 5 7
7.5 0.979 0.979 0.980 3 * 3 5 7
8.0 0.985 0.985 0.986 3 * 3 5 7
8.5 0.990 0.990 0.991 3 * 3 5 7
9.0 0.992 0.992 0.993 3 * 3 5 7
9.5 0.994 0.994 0.994 3 * 3 5 7
10.0 0.996 0.996 0.996 3 * 3 5 7
0.5 0.222 0.130 0.222 1 * 1
1.0 0.222 0.130 0.222 1 * 1
1.5 0.548 0.479 0.464 1 * 3
2.0 0.740 0.625 0.581 1 * 3
2.5 0.664 0.643 0.601 2 * 3 5
3.0 0.780 0.757 0.711 2 * 3 5
3.5 0.851 0.827 0.780 2 * 3 5
4.0 0.794 0.883 0.489 3 * 3 5 7
4.5 0.806 0.729 0.809 2 * 5 7
5.0 0.860 0.779 0.863 2 * 5 7
5.5 0.905 0.905 0.910 3 * 3 5 7
6.0 0.929 0.929 0.933 3 * 3 5 7
6.5 0.957 0.957 0.959 3 * 3 5 7
7.0 0.970 0.970 0.971 3 * 3 5 7
7.5 0.978 0.978 0.979 3 * 3 5 7
8.0 0.985 0.985 0.986 3 * 3 5 7
8.5 0.986 0.986 0.987 3 * 3 5 7
9.0 0.991 0.991 0.991 3 * 3 5 7
9.5 0.994 0.994 0.994 3 * 3 5 7
10.0 0.995 0.995 0.995 3 * 3 5 7
0.5 0.222 0.130 0.222 1 * 1
1.0 0.222 0.130 0.222 1 * 1
1.5 0.553 0.488 0.474 1 * 3
2.0 0.704 0.599 0.562 1 * 3
2.5 0.644 0.612 0.644 1 * 4
3.0 0.783 0.761 0.716 2 * 3 5
3.5 0.847 0.823 0.775 2 * 3 5
4.0 0.786 0.878 0.479 3 * 3 5 7
4.5 0.821 0.742 0.823 2 * 5 7
5.0 0.874 0.874 0.879 3 * 3 5 7
5.5 0.905 0.905 0.910 3 * 3 5 7
6.0 0.931 0.931 0.935 3 * 3 5 7
6.5 0.954 0.954 0.956 3 * 3 5 7
7.0 0.971 0.971 0.973 3 * 3 5 7
7.5 0.976 0.976 0.977 3 * 3 5 7
8.0 0.983 0.983 0.984 3 * 3 5 7
8.5 0.988 0.988 0.989 3 * 3 5 7
9.0 0.991 0.991 0.991 3 * 3 5 7
9.5 0.995 0.995 0.995 3 * 3 5 7
10.0 0.996 0.996 0.996 3 * 3 5 7
0.5 0.222 0.130 0.222 1 * 1
1.0 0.222 0.130 0.222 1 * 1
1.5 0.551 0.490 0.478 1 * 3
2.0 0.722 0.613 0.574 1 * 3
2.5 0.663 0.643 0.603 2 * 3 5
3.0 0.772 0.749 0.705 2 * 3 5
3.5 0.845 0.821 0.773 2 * 3 5
4.0 0.778 0.709 0.773 1 * 6
4.5 0.719 0.731 0.813 3 * 2 5 7
5.0 0.878 0.878 0.883 3 * 3 5 7
5.5 0.905 0.905 0.910 3 * 3 5 7
6.0 0.937 0.937 0.940 3 * 3 5 7
6.5 0.957 0.957 0.959 3 * 3 5 7
7.0 0.968 0.968 0.970 3 * 3 5 7
7.5 0.980 0.980 0.981 3 * 3 5 7
8.0 0.985 0.985 0.986 3 * 3 5 7
8.5 0.988 0.988 0.989 3 * 3 5 7
9.0 0.991 0.991 0.991 3 * 3 5 7
9.5 0.994 0.994 0.994 3 * 3 5 7
10.0 0.995 0.995 0.995 3 * 3 5 7
0.5 0.222 0.130 0.222 1 * 1
1.0 0.222 0.130 0.222 1 * 1
1.5 0.541 0.478 0.465 1 * 3
2.0 0.718 0.613 0.575 1 * 3
2.5 0.662 0.641 0.598 2 * 3 5
3.0 0.772 0.751 0.707 2 * 3 5
3.5 0.765 0.723 0.606 2 * 3 6
4.0 0.747 0.650 0.747 1 * 7
4.5 0.798 0.721 0.801 2 * 5 7
5.0 0.866 0.866 0.872 3 * 3 5 7
5.5 0.919 0.807 0.919 1 * 7
6.0 0.935 0.935 0.938 3 * 3 5 7
6.5 0.955 0.955 0.957 3 * 3 5 7
7.0 0.967 0.967 0.969 3 * 3 5 7
7.5 0.977 0.977 0.978 3 * 3 5 7
8.0 0.987 0.987 0.987 3 * 3 5 7
8.5 0.988 0.988 0.989 3 * 3 5 7
9.0 0.990 0.990 0.990 3 * 3 5 7
9.5 0.994 0.994 0.995 3 * 3 5 7
10.0 0.996 0.996 0.996 3 * 3 5 7
0.5 0.222 0.130 0.222 1 * 1
1.0 0.222 0.130 0.222 1 * 1
1.5 0.561 0.491 0.475 1 * 3
2.0 0.724 0.614 0.574 1 * 3
2.5 0.672 0.652 0.612 2 * 3 5
3.0 0.777 0.755 0.711 2 * 3 5
3.5 0.854 0.830 0.781 2 * 3 5
4.0 0.810 0.763 0.646 2 * 3 6
4.5 0.817 0.738 0.821 2 * 5 7
5.0 0.866 0.866 0.871 3 * 3 5 7
5.5 0.907 0.907 0.912 3 * 3 5 7
6.0 0.934 0.934 0.937 3 * 3 5 7
6.5 0.953 0.953 0.956 3 * 3 5 7
7.0 0.972 0.972 0.974 3 * 3 5 7
7.5 0.977 0.977 0.978 3 * 3 5 7
8.0 0.983 0.983 0.984 3 * 3 5 7
8.5 0.985 0.985 0.986 3 * 3 5 7
9.0 0.990 0.990 0.991 3 * 3 5 7
9.5 0.993 0.993 0.993 3 * 3 5 7
10.0 0.996 0.996 0.996 3 * 3 5 7
0.5 0.222 0.130 0.222 1 * 1
1.0 0.222 0.130 0.222 1 * 1
1.5 0.541 0.475 0.460 1 * 3
2.0 0.718 0.609 0.568 1 * 3
2.5 0.658 0.638 0.598 2 * 3 5
3.0 0.770 0.747 0.701 2 * 3 5
3.5 0.846 0.822 0.775 2 * 3 5
4.0 0.748 0.673 0.750 2 * 5 7
4.5 0.770 0.735 0.665 2 * 3 7
5.0 0.867 0.867 0.872 3 * 3 5 7
5.5 0.911 0.911 0.915 3 * 3 5 7
6.0 0.942 0.942 0.945 3 * 3 5 7
6.5 0.954 0.954 0.956 3 * 3 5 7
7.0 0.964 0.964 0.967 3 * 3 5 7
7.5 0.977 0.977 0.978 3 * 3 5 7
8.0 0.983 0.983 0.984 3 * 3 5 7
8.5 0.990 0.990 0.990 3 * 3 5 7
9.0 0.992 0.992 0.992 3 * 3 5 7
9.5 0.995 0.995 0.995 3 * 3 5 7
10.0 0.996 0.996 0.996 3 * 3 5 7
0.5 0.222 0.130 0.222 1 * 1
1.0 0.222 0.130 0.222 1 * 1
1.5 0.563 0.494 0.478 1 * 3
2.0 0.709 0.605 0.569 1 * 3
2.5 0.657 0.626 0.657 1 * 4
3.0 0.774 0.751 0.705 2 * 3 5
3.5 0.847 0.823 0.775 2 * 3 5
4.0 0.789 0.878 0.483 3 * 3 5 7
4.5 0.800 0.722 0.803 2 * 5 7
5.0 0.876 0.876 0.881 3 * 3 5 7
5.5 0.904 0.904 0.910 3 * 3 5 7
6.0 0.935 0.935 0.938 3 * 3 5 7
6.5 0.958 0.958 0.960 3 * 3 5 7
7.0 0.965 0.965 0.967 3 * 3 5 7
7.5 0.976 0.976 0.978 3 * 3 5 7
8.0 0.984 0.984 0.984 3 * 3 5 7
8.5 0.990 0.990 0.990 3 * 3 5 7
9.0 0.992 0.992 0.992 3 * 3 5 7
9.5 0.993 0.993 0.994 3 * 3 5 7
10.0 0.996 0.996 0.996 3 * 3 5 7
0.5 0.222 0.130 0.222 1 * 1
1.0 0.222 0.130 0.222 1 * 1
1.5 0.554 0.486 0.471 1 * 3
2.0 0.723 0.614 0.575 1 * 3
2.5 0.642 0.622 0.583 2 * 3 5
3.0 0.781 0.758 0.712 2 * 3 5
3.5 0.842 0.818 0.771 2 * 3 5
4.0 0.808 0.761 0.644 2 * 3 6
4.5 0.830 0.830 0.836 3 * 3 5 7
5.0 0.870 0.870 0.876 3 * 3 5 7
5.5 0.913 0.913 0.917 3 * 3 5 7
6.0 0.938 0.938 0.941 3 * 3 5 7
6.5 0.954 0.954 0.957 3 * 3 5 7
7.0 0.972 0.972 0.974 3 * 3 5 7
7.5 0.976 0.976 0.977 3 * 3 5 7
8.0 0.984 0.984 0.984 3 * 3 5 7
8.5 0.989 0.989 0.989 3 * 3 5 7
9.0 0.991 0.991 0.992 3 * 3 5 7
9.5 0.994 0.994 0.994 3 * 3 5 7
10.0 0.996 0.996 0.997 3 * 3 5 7
0.5 0.222 0.130 0.222 1 * 1
1.0 0.222 0.130 0.222 1 * 1
1.5 0.557 0.491 0.476 1 * 3
2.0 0.723 0.616 0.574 1 * 3
2.5 0.675 0.654 0.611 2 * 3 5
3.0 0.779 0.757 0.711 2 * 3 5
3.5 0.848 0.823 0.774 2 * 3 5
4.0 0.788 0.879 0.479 3 * 3 5 7
4.5 0.803 0.698 0.803 1 * 7
5.0 0.869 0.869 0.875 3 * 3 5 7
5.5 0.905 0.905 0.910 3 * 3 5 7
6.0 0.934 0.934 0.937 3 * 3 5 7
6.5 0.957 0.957 0.959 3 * 3 5 7
7.0 0.968 0.968 0.970 3 * 3 5 7
7.5 0.980 0.980 0.981 3 * 3 5 7
8.0 0.987 0.987 0.987 3 * 3 5 7
8.5 0.987 0.987 0.987 3 * 3 5 7
9.0 0.991 0.991 0.992 3 * 3 5 7
9.5 0.994 0.994 0.994 3 * 3 5 7
10.0 0.996 0.996 0.996 3 * 3 5 7
0.5 0.222 0.130 0.222 1 * 1
1.0 0.243 0.186 0.243 1 * 2
1.5 0.549 0.484 0.471 1 * 3
2.0 0.715 0.607 0.567 1 * 3
2.5 0.640 0.616 0.607 1 * 4
3.0 0.778 0.755 0.710 2 * 3 5
3.5 0.853 0.829 0.780 2 * 3 5
4.0 0.792 0.883 0.478 3 * 3 5 7
4.5 0.810 0.732 0.813 2 * 5 7
5.0 0.870 0.870 0.876 3 * 3 5 7
5.5 0.910 0.910 0.915 3 * 3 5 7
6.0 0.940 0.940 0.943 3 * 3 5 7
6.5 0.952 0.952 0.955 3 * 3 5 7
7.0 0.969 0.969 0.971 3 * 3 5 7
7.5 0.975 0.975 0.977 3 * 3 5 7
8.0 0.987 0.987 0.987 3 * 3 5 7
8.5 0.855 0.965 0.578 3 * 3 5 8
9.0 0.992 0.992 0.992 3 * 3 5 7
9.5 0.993 0.993 0.993 3 * 3 5 7
10.0 0.995 0.995 0.995 3 * 3 5 7
0.5 0.223 0.138 0.223 1 * 2
1.0 0.296 0.225 0.296 1 * 2
1.5 0.544 0.485 0.474 1 * 3
2.0 0.720 0.612 0.573 1 * 3
2.5 0.656 0.584 0.614 1 * 5
3.0 0.766 0.745 0.702 2 * 3 5
3.5 0.846 0.822 0.774 2 * 3 5
4.0 0.813 0.766 0.650 2 * 3 6
4.5 0.776 0.741 0.670 2 * 3 7
5.0 0.871 0.871 0.877 3 * 3 5 7
5.5 0.910 0.910 0.913 3 * 3 5 7
6.0 0.934 0.934 0.937 3 * 3 5 7
6.5 0.955 0.955 0.958 3 * 3 5 7
7.0 0.972 0.972 0.973 3 * 3 5 7
7.5 0.979 0.979 0.980 3 * 3 5 7
8.0 0.986 0.986 0.987 3 * 3 5 7
8.5 0.989 0.989 0.990 3 * 3 5 7
9.0 0.992 0.992 0.993 3 * 3 5 7
9.5 0.995 0.995 0.995 3 * 3 5 7
10.0 0.996 0.996 0.996 3 * 3 5 7
0.5 0.222 0.130 0.222 1 * 1
1.0 0.222 0.130 0.222 1 * 1
1.5 0.536 0.473 0.458 1 * 3
2.0 0.719 0.610 0.570 1 * 3
2.5 0.653 0.630 0.584 2 * 3 5
3.0 0.779 0.757 0.712 2 * 3 5
3.5 0.846 0.821 0.772 2 * 3 5
4.0 0.795 0.886 0.484 3 * 3 5 7
4.5 0.800 0.722 0.804 2 * 5 7
5.0 0.863 0.863 0.869 3 * 3 5 7
5.5 0.907 0.907 0.912 3 * 3 5 7
6.0 0.940 0.940 0.943 3 * 3 5 7
6.5 0.952 0.952 0.955 3 * 3 5 7
7.0 0.969 0.969 0.971 3 * 3 5 7
7.5 0.977 0.977 0.978 3 * 3 5 7
8.0 0.983 0.983 0.984 3 * 3 5 7
8.5 0.988 0.988 0.989 3 * 3 5 7
9.0 0.991 0.991 0.992 3 * 3 5 7
9.5 0.994 0.994 0.994 3 * 3 5 7
10.0 0.994 0.994 0.994 3 * 3 5 7
0.5 0.222 0.130 0.222 1 * 1
1.0 0.222 0.130 0.222 1 * 1
1.5 0.525 0.466 0.452 1 * 3
2.0 0.721 0.614 0.575 1 * 3
2.5 0.668 0.639 0.668 1 * 4
3.0 0.789 0.766 0.720 2 * 3 5
3.5 0.753 0.840 0.457 3 * 3 5 7
4.0 0.795 0.888 0.481 3 * 3 5 7
4.5 0.777 0.742 0.670 2 * 3 7
5.0 0.867 0.867 0.873 3 * 3 5 7
5.5 0.835 0.799 0.726 2 * 3 7
6.0 0.939 0.939 0.942 3 * 3 5 7
6.5 0.960 0.960 0.962 3 * 3 5 7
7.0 0.965 0.965 0.967 3 * 3 5 7
7.5 0.977 0.977 0.978 3 * 3 5 7
8.0 0.918 0.961 0.775 3 * 3 5 7
8.5 0.989 0.989 0.989 3 * 3 5 7
9.0 0.992 0.992 0.992 3 * 3 5 7
9.5 0.993 0.993 0.994 3 * 3 5 7
10.0 0.996 0.996 0.996 3 * 3 5 7
0.5 0.222 0.130 0.222 1 * 1
1.0 0.222 0.130 0.222 1 * 1
1.5 0.567 0.496 0.479 1 * 3
2.0 0.724 0.615 0.576 1 * 3
2.5 0.665 0.644 0.602 2 * 3 5
3.0 0.775 0.753 0.708 2 * 3 5
3.5 0.851 0.827 0.779 2 * 3 5
4.0 0.781 0.712 0.781 1 * 6
4.5 0.816 0.738 0.819 2 * 5 7
5.0 0.866 0.866 0.871 3 * 3 5 7
5.5 0.808 0.927 0.554 3 * 3 6 8
6.0 0.937 0.937 0.940 3 * 3 5 7
6.5 0.958 0.958 0.961 3 * 3 5 7
7.0 0.970 0.970 0.971 3 * 3 5 7
7.5 0.977 0.977 0.978 3 * 3 5 7
8.0 0.983 0.983 0.984 3 * 3 5 7
8.5 0.989 0.989 0.990 3 * 3 5 7
9.0 0.991 0.991 0.992 3 * 3 5 7
9.5 0.994 0.994 0.994 3 * 3 5 7
10.0 0.996 0.996 0.997 3 * 3 5 7
0.5 0.222 0.130 0.222 1 * 1
1.0 0.222 0.130 0.222 1 * 1
1.5 0.539 0.478 0.467 1 * 3
2.0 0.725 0.615 0.574 1 * 3
2.5 0.659 0.639 0.600 2 * 3 5
3.0 0.776 0.753 0.707 2 * 3 5
3.5 0.764 0.722 0.605 2 * 3 6
4.0 0.794 0.884 0.481 3 * 3 5 7
4.5 0.807 0.729 0.810 2 * 5 7
5.0 0.866 0.866 0.872 3 * 3 5 7
5.5 0.912 0.912 0.916 3 * 3 5 7
6.0 0.931 0.931 0.935 3 * 3 5 7
6.5 0.956 0.956 0.958 3 * 3 5 7
7.0 0.967 0.967 0.969 3 * 3 5 7
7.5 0.978 0.978 0.979 3 * 3 5 7
8.0 0.984 0.984 0.985 3 * 3 5 7
8.5 0.989 0.989 0.990 3 * 3 5 7
9.0 0.991 0.991 0.992 3 * 3 5 7
9.5 0.994 0.994 0.994 3 * 3 5 7
10.0 0.996 0.996 0.996 3 * 3 5 7
0.5 0.222 0.130 0.222 1 * 1
1.0 0.273 0.204 0.273 1 * 2
1.5 0.503 0.448 0.440 1 * 3
2.0 0.735 0.622 0.580 1 * 3
2.5 0.658 0.638 0.597 2 * 3 5
3.0 0.784 0.760 0.714 2 * 3 5
3.5 0.846 0.822 0.775 2 * 3 5
4.0 0.796 0.886 0.489 3 * 3 5 7
4.5 0.818 0.739 0.821 2 * 5 7
5.0 0.873 0.873 0.879 3 * 3 5 7
5.5 0.862 0.908 0.717 3 * 3 5 7
6.0 0.938 0.938 0.941 3 * 3 5 7
6.5 0.954 0.954 0.956 3 * 3 5 7
7.0 0.969 0.969 0.970 3 * 3 5 7
7.5 0.977 0.977 0.979 3 * 3 5 7
8.0 0.985 0.985 0.986 3 * 3 5 7
8.5 0.989 0.989 0.990 3 * 3 5 7
9.0 0.992 0.992 0.992 3 * 3 5 7
9.5 0.994 0.994 0.994 3 * 3 5 7
10.0 0.996 0.996 0.996 3 * 3 5 7
0.5 0.222 0.130 0.222 1 * 1
1.0 0.222 0.130 0.222 1 * 1
1.5 0.554 0.488 0.473 1 * 3
2.0 0.705 0.600 0.563 1 * 3
2.5 0.660 0.631 0.660 1 * 4
3.0 0.773 0.751 0.707 2 * 3 5
3.5 0.857 0.833 0.784 2 * 3 5
4.0 0.806 0.760 0.641 2 * 3 6
4.5 0.806 0.728 0.809 2 * 5 7
5.0 0.851 0.851 0.859 3 * 3 5 7
5.5 0.906 0.906 0.910 3 * 3 5 7
6.0 0.934 0.934 0.938 3 * 3 5 7
6.5 0.957 0.957 0.959 3 * 3 5 7
7.0 0.969 0.969 0.971 3 * 3 5 7
7.5 0.978 0.950 0.979 2 * 3 7
8.0 0.984 0.984 0.985 3 * 3 5 7
8.5 0.987 0.987 0.988 3 * 3 5 7
9.0 0.992 0.992 0.992 3 * 3 5 7
9.5 0.993 0.993 0.993 3 * 3 5 7
10.0 0.996 0.996 0.996 3 * 3 5 7
0.5 0.222 0.130 0.222 1 * 1
1.0 0.222 0.130 0.222 1 * 1
1.5 0.531 0.471 0.460 1 * 3
2.0 0.716 0.608 0.570 1 * 3
2.5 0.645 0.626 0.645 1 * 4
3.0 0.783 0.760 0.714 2 * 3 5
3.5 0.844 0.820 0.772 2 * 3 5
4.0 0.809 0.763 0.643 2 * 3 6
4.5 0.814 0.735 0.817 2 * 5 7
5.0 0.859 0.859 0.865 3 * 3 5 7
5.5 0.904 0.904 0.909 3 * 3 5 7
6.0 0.926 0.926 0.930 3 * 3 5 7
6.5 0.949 0.949 0.952 3 * 3 5 7
7.0 0.970 0.970 0.971 3 * 3 5 7
7.5 0.976 0.976 0.977 3 * 3 5 7
8.0 0.983 0.983 0.984 3 * 3 5 7
8.5 0.989 0.989 0.989 3 * 3 5 7
9.0 0.993 0.993 0.993 3 * 3 5 7
9.5 0.993 0.993 0.994 3 * 3 5 7
10.0 0.996 0.996 0.996 3 * 3 5 7
0.5 0.222 0.130 0.222 1 * 1
1.0 0.230 0.171 0.230 1 * 2
1.5 0.526 0.466 0.456 1 * 3
2.0 0.716 0.609 0.571 1 * 3
2.5 0.678 0.657 0.614 2 * 3 5
3.0 0.787 0.764 0.719 2 * 3 5
3.5 0.847 0.822 0.773 2 * 3 5
4.0 0.629 0.563 0.623 1 * 7
4.5 0.782 0.746 0.677 2 * 3 7
5.0 0.879 0.879 0.884 3 * 3 5 7
5.5 0.910 0.910 0.915 3 * 3 5 7
6.0 0.935 0.935 0.939 3 * 3 5 7
6.5 0.953 0.953 0.955 3 * 3 5 7
7.0 0.969 0.969 0.971 3 * 3 5 7
7.5 0.977 0.977 0.979 3 * 3 5 7
8.0 0.984 0.984 0.985 3 * 3 5 7
8.5 0.988 0.988 0.989 3 * 3 5 7
9.0 0.992 0.992 0.993 3 * 3 5 7
9.5 0.993 0.993 0.994 3 * 3 5 7
10.0 0.996 0.996 0.996 3 * 3 5 7
0.5 0.222 0.130 0.222 1 * 1
1.0 0.222 0.130 0.222 1 * 1
1.5 0.537 0.473 0.460 1 * 3
2.0 0.727 0.616 0.573 1 * 3
2.5 0.629 0.617 0.628 1 * 4
3.0 0.782 0.759 0.713 2 * 3 5
3.5 0.857 0.832 0.783 2 * 3 5
4.0 0.801 0.891 0.491 3 * 3 5 7
4.5 0.817 0.738 0.819 2 * 5 7
5.0 0.858 0.778 0.861 2 * 5 7
5.5 0.920 0.920 0.924 3 * 3 5 7
6.0 0.932 0.932 0.936 3 * 3 5 7
6.5 0.955 0.955 0.957 3 * 3 5 7
7.0 0.968 0.968 0.969 3 * 3 5 7
7.5 0.979 0.979 0.980 3 * 3 5 7
8.0 0.984 0.984 0.985 3 * 3 5 7
8.5 0.988 0.988 0.989 3 * 3 5 7
9.0 0.992 0.992 0.993 3 * 3 5 7
9.5 0.995 0.995 0.995 3 * 3 5 7
10.0 0.995 0.995 0.995 3 * 3 5 7
0.5 0.222 0.130 0.222 1 * 1
1.0 0.319 0.238 0.319 1 * 2
1.5 0.545 0.482 0.470 1 * 3
2.0 0.729 0.618 0.577 1 * 3
2.5 0.615 0.604 0.615 1 * 4
3.0 0.769 0.747 0.702 2 * 3 5
3.5 0.853 0.829 0.781 2 * 3 5
4.0 0.812 0.766 0.647 2 * 3 6
4.5 0.828 0.722 0.828 1 * 7
5.0 0.863 0.863 0.868 3 * 3 5 7
5.5 0.906 0.906 0.911 3 * 3 5 7
6.0 0.930 0.930 0.933 3 * 3 5 7
6.5 0.960 0.960 0.962 3 * 3 5 7
7.0 0.969 0.969 0.971 3 * 3 5 7
7.5 0.980 0.980 0.981 3 * 3 5 7
8.0 0.983 0.983 0.984 3 * 3 5 7
8.5 0.988 0.988 0.989 3 * 3 5 7
9.0 0.990 0.990 0.991 3 * 3 5 7
9.5 0.994 0.994 0.994 3 * 3 5 7
10.0 0.996 0.996 0.996 3 * 3 5 7
0.5 0.222 0.130 0.222 1 * 1
1.0 0.222 0.130 0.222 1 * 1
1.5 0.550 0.485 0.472 1 * 3
2.0 0.727 0.615 0.575 1 * 3
2.5 0.617 0.557 0.578 1 * 5
3.0 0.784 0.761 0.715 2 * 3 5
3.5 0.772 0.728 0.619 2 * 3 6
4.0 0.751 0.654 0.751 1 * 7
4.5 0.806 0.727 0.809 2 * 5 7
5.0 0.862 0.781 0.864 2 * 5 7
5.5 0.908 0.908 0.912 3 * 3 5 7
6.0 0.928 0.928 0.932 3 * 3 5 7
6.5 0.956 0.956 0.958 3 * 3 5 7
7.0 0.965 0.965 0.967 3 * 3 5 7
7.5 0.978 0.978 0.979 3 * 3 5 7
8.0 0.983 0.983 0.984 3 * 3 5 7
8.5 0.988 0.988 0.988 3 * 3 5 7
9.0 0.993 0.993 0.993 3 * 3 5 7
9.5 0.993 0.993 0.993 3 * 3 5 7
10.0 0.996 0.996 0.997 3 * 3 5 7
0.5 0.222 0.130 0.222 1 * 1
1.0 0.293 0.209 0.293 1 * 2
1.5 0.577 0.505 0.487 1 * 3
2.0 0.721 0.614 0.575 1 * 3
2.5 0.638 0.615 0.614 1 * 4
3.0 0.782 0.759 0.714 2 * 3 5
3.5 0.854 0.830 0.780 2 * 3 5
4.0 0.797 0.889 0.480 3 * 3 5 7
4.5 0.810 0.732 0.813 2 * 5 7
5.0 0.868 0.868 0.875 3 * 3 5 7
5.5 0.904 0.904 0.908 3 * 3 5 7
6.0 0.933 0.933 0.937 3 * 3 5 7
6.5 0.956 0.956 0.958 3 * 3 5 7
7.0 0.967 0.882 0.968 2 * 5 7
7.5 0.980 0.980 0.981 3 * 3 5 7
8.0 0.984 0.984 0.985 3 * 3 5 7
8.5 0.988 0.988 0.989 3 * 3 5 7
9.0 0.991 0.991 0.992 3 * 3 5 7
9.5 0.994 0.994 0.994 3 * 3 5 7
10.0 0.996 0.996 0.996 3 * 3 5 7
0.5 0.222 0.130 0.222 1 * 1
1.0 0.222 0.130 0.222 1 * 1
1.5 0.553 0.486 0.472 1 * 3
2.0 0.718 0.610 0.571 1 * 3
2.5 0.648 0.627 0.583 2 * 3 5
3.0 0.777 0.754 0.708 2 * 3 5
3.5 0.852 0.828 0.779 2 * 3 5
4.0 0.791 0.882 0.479 3 * 3 5 7
4.5 0.826 0.719 0.826 1 * 7
5.0 0.843 0.887 0.703 3 * 3 5 7
5.5 0.909 0.909 0.912 3 * 3 5 7
6.0 0.940 0.940 0.942 3 * 3 5 7
6.5 0.957 0.957 0.959 3 * 3 5 7
7.0 0.969 0.969 0.970 3 * 3 5 7
7.5 0.979 0.979 0.980 3 * 3 5 7
8.0 0.984 0.984 0.985 3 * 3 5 7
8.5 0.989 0.989 0.990 3 * 3 5 7
9.0 0.992 0.992 0.992 3 * 3 5 7
9.5 0.994 0.994 0.994 3 * 3 5 7
10.0 0.994 0.994 0.995 3 * 3 5 7
0.5 0.222 0.130 0.222 1 * 1
1.0 0.222 0.130 0.222 1 * 1
1.5 0.540 0.476 0.463 1 * 3
2.0 0.719 0.612 0.574 1 * 3
2.5 0.657 0.631 0.657 1 * 4
3.0 0.780 0.758 0.713 2 * 3 5
3.5 0.851 0.826 0.777 2 * 3 5
4.0 0.590 0.559 0.612 2 * 2 7
4.5 0.801 0.723 0.803 2 * 5 7
5.0 0.852 0.852 0.859 3 * 3 5 7
5.5 0.908 0.908 0.912 3 * 3 5 7
6.0 0.933 0.933 0.937 3 * 3 5 7
6.5 0.955 0.955 0.958 3 * 3 5 7
7.0 0.969 0.969 0.971 3 * 3 5 7
7.5 0.981 0.981 0.982 3 * 3 5 7
8.0 0.985 0.985 0.986 3 * 3 5 7
8.5 0.989 0.989 0.990 3 * 3 5 7
9.0 0.991 0.991 0.991 3 * 3 5 7
9.5 0.994 0.994 0.994 3 * 3 5 7
10.0 0.997 0.997 0.997 3 * 3 5 7
0.5 0.222 0.130 0.222 1 * 1
1.0 0.222 0.130 0.222 1 * 1
1.5 0.554 0.486 0.472 1 * 3
2.0 0.721 0.612 0.573 1 * 3
2.5 0.690 0.669 0.627 2 * 3 5
3.0 0.777 0.754 0.709 2 * 3 5
3.5 0.761 0.718 0.606 2 * 3 6
4.0 0.758 0.683 0.761 2 * 5 7
4.5 0.770 0.882 0.530 3 * 3 6 8
5.0 0.859 0.859 0.865 3 * 3 5 7
5.5 0.906 0.906 0.911 3 * 3 5 7
6.0 0.936 0.936 0.939 3 * 3 5 7
6.5 0.956 0.956 0.958 3 * 3 5 7
7.0 0.969 0.969 0.971 3 * 3 5 7
7.5 0.978 0.950 0.979 2 * 3 7
8.0 0.983 0.983 0.984 3 * 3 5 7
8.5 0.988 0.988 0.989 3 * 3 5 7
9.0 0.991 0.991 0.992 3 * 3 5 7
9.5 0.994 0.994 0.994 3 * 3 5 7
10.0 0.996 0.996 0.996 3 * 3 5 7
0.5 0.222 0.130 0.222 1 * 1
1.0 0.222 0.130 0.222 1 * 1
1.5 0.552 0.488 0.474 1 * 3
2.0 0.723 0.613 0.573 1 * 3
2.5 0.630 0.611 0.596 1 * 4
3.0 0.772 0.749 0.702 2 * 3 5
3.5 0.848 0.824 0.775 2 * 3 5
4.0 0.792 0.882 0.483 3 * 3 5 7
4.5 0.813 0.735 0.816 2 * 5 7
5.0 0.868 0.868 0.874 3 * 3 5 7
5.5 0.908 0.908 0.912 3 * 3 5 7
6.0 0.932 0.932 0.936 3 * 3 5 7
6.5 0.952 0.952 0.954 3 * 3 5 7
7.0 0.968 0.968 0.970 3 * 3 5 7
7.5 0.977 0.977 0.978 3 * 3 5 7
8.0 0.984 0.984 0.985 3 * 3 5 7
8.5 0.988 0.988 0.989 3 * 3 5 7
9.0 0.992 0.992 0.993 3 * 3 5 7
9.5 0.995 0.995 0.995 3 * 3 5 7
10.0 0.996 0.996 0.996 3 * 3 5 7
0.5 0.222 0.130 0.222 1 * 1
1.0 0.222 0.130 0.222 1 * 1
1.5 0.567 0.495 0.478 1 * 3
2.0 0.729 0.619 0.579 1 * 3
2.5 0.821 0.689 0.636 1 * 3
3.0 0.776 0.753 0.708 2 * 3 5
3.5 0.849 0.824 0.776 2 * 3 5
4.0 0.787 0.879 0.475 3 * 3 5 7
4.5 0.816 0.860 0.677 3 * 3 5 7
5.0 0.752 0.772 0.855 3 * 2 5 7
5.5 0.901 0.901 0.905 3 * 3 5 7
6.0 0.936 0.936 0.939 3 * 3 5 7
6.5 0.961 0.961 0.964 3 * 3 5 7
7.0 0.971 0.971 0.972 3 * 3 5 7
7.5 0.979 0.979 0.980 3 * 3 5 7
8.0 0.985 0.985 0.985 3 * 3 5 7
8.5 0.990 0.990 0.990 3 * 3 5 7
9.0 0.990 0.990 0.991 3 * 3 5 7
9.5 0.993 0.993 0.994 3 * 3 5 7
10.0 0.996 0.996 0.996 3 * 3 5 7
0.5 0.222 0.130 0.222 1 * 1
1.0 0.272 0.185 0.272 1 * 2
1.5 0.548 0.479 0.464 1 * 3
2.0 0.715 0.608 0.570 1 * 3
2.5 0.657 0.635 0.592 2 * 3 5
3.0 0.786 0.763 0.716 2 * 3 5
3.5 0.765 0.723 0.609 2 * 3 6
4.0 0.746 0.671 0.749 2 * 5 7
4.5 0.824 0.745 0.827 2 * 5 7
5.0 0.850 0.850 0.857 3 * 3 5 7
5.5 0.910 0.910 0.914 3 * 3 5 7
6.0 0.937 0.937 0.940 3 * 3 5 7
6.5 0.957 0.957 0.960 3 * 3 5 7
7.0 0.970 0.970 0.972 3 * 3 5 7
7.5 0.978 0.978 0.980 3 * 3 5 7
8.0 0.984 0.984 0.985 3 * 3 5 7
8.5 0.987 0.987 0.988 3 * 3 5 7
9.0 0.990 0.990 0.991 3 * 3 5 7
9.5 0.994 0.994 0.995 3 * 3 5 7
10.0 0.995 0.995 0.995 3 * 3 5 7
0.5 0.222 0.130 0.222 1 * 1
1.0 0.315 0.234 0.315 1 * 2
1.5 0.540 0.477 0.465 1 * 3
2.0 0.716 0.609 0.570 1 * 3
2.5 0.661 0.642 0.603 2 * 3 5
3.0 0.770 0.748 0.704 2 * 3 5
3.5 0.766 0.723 0.607 2 * 3 6
4.0 0.795 0.885 0.489 3 * 3 5 7
4.5 0.721 0.736 0.816 3 * 2 5 7
5.0 0.853 0.772 0.856 2 * 5 7
5.5 0.907 0.907 0.912 3 * 3 5 7
6.0 0.932 0.932 0.936 3 * 3 5 7
6.5 0.955 0.955 0.958 3 * 3 5 7
7.0 0.971 0.885 0.971 2 * 5 7
7.5 0.977 0.977 0.979 3 * 3 5 7
8.0 0.983 0.983 0.984 3 * 3 5 7
8.5 0.988 0.988 0.988 3 * 3 5 7
9.0 0.992 0.992 0.993 3 * 3 5 7
9.5 0.993 0.993 0.993 3 * 3 5 7
10.0 0.995 0.995 0.996 3 * 3 5 7
0.5 0.222 0.130 0.222 1 * 1
1.0 0.222 0.130 0.222 1 * 1
1.5 0.549 0.486 0.473 1 * 3
2.0 0.729 0.620 0.580 1 * 3
2.5 0.669 0.648 0.605 2 * 3 5
3.0 0.772 0.749 0.704 2 * 3 5
3.5 0.848 0.824 0.775 2 * 3 5
4.0 0.814 0.767 0.654 2 * 3 6
4.5 0.795 0.691 0.795 1 * 7
5.0 0.863 0.863 0.869 3 * 3 5 7
5.5 0.904 0.904 0.909 3 * 3 5 7
6.0 0.928 0.928 0.932 3 * 3 5 7
6.5 0.955 0.955 0.957 3 * 3 5 7
7.0 0.973 0.973 0.974 3 * 3 5 7
7.5 0.975 0.975 0.977 3 * 3 5 7
8.0 0.983 0.983 0.984 3 * 3 5 7
8.5 0.988 0.988 0.988 3 * 3 5 7
9.0 0.992 0.992 0.992 3 * 3 5 7
9.5 0.919 0.967 0.766 3 * 3 5 7
10.0 0.996 0.996 0.996 3 * 3 5 7
0.5 0.222 0.130 0.222 1 * 1
1.0 0.222 0.130 0.222 1 * 1
1.5 0.549 0.482 0.466 1 * 3
2.0 0.716 0.609 0.571 1 * 3
2.5 0.622 0.609 0.622 1 * 4
3.0 0.784 0.761 0.714 2 * 3 5
3.5 0.849 0.825 0.776 2 * 3 5
4.0 0.798 0.889 0.485 3 * 3 5 7
4.5 0.821 0.743 0.825 2 * 5 7
5.0 0.791 0.907 0.543 3 * 3 6 8
5.5 0.911 0.911 0.915 3 * 3 5 7
6.0 0.931 0.931 0.936 3 * 3 5 7
6.5 0.956 0.956 0.958 3 * 3 5 7
7.0 0.971 0.971 0.972 3 * 3 5 7
7.5 0.977 0.977 0.978 3 * 3 5 7
8.0 0.983 0.983 0.984 3 * 3 5 7
8.5 0.988 0.988 0.989 3 * 3 5 7
9.0 0.991 0.991 0.991 3 * 3 5 7
9.5 0.993 0.993 0.994 3 * 3 5 7
10.0 0.995 0.995 0.996 3 * 3 5 7
0.5 0.222 0.130 0.222 1 * 1
1.0 0.222 0.130 0.222 1 * 1
1.5 0.544 0.480 0.465 1 * 3
2.0 0.719 0.611 0.573 1 * 3
2.5 0.644 0.622 0.577 2 * 3 5
3.0 0.773 0.751 0.707 2 * 3 5
3.5 0.849 0.825 0.777 2 * 3 5
4.0 0.816 0.769 0.659 2 * 3 6
4.5 0.826 0.826 0.832 3 * 3 5 7
5.0 0.870 0.870 0.875 3 * 3 5 7
5.5 0.909 0.909 0.913 3 * 3 5 7
6.0 0.937 0.937 0.940 3 * 3 5 7
6.5 0.955 0.955 0.957 3 * 3 5 7
7.0 0.972 0.972 0.973 3 * 3 5 7
7.5 0.979 0.979 0.981 3 * 3 5 7
8.0 0.982 0.982 0.983 3 * 3 5 7
8.5 0.842 0.966 0.578 3 * 3 6 8
9.0 0.990 0.990 0.991 3 * 3 5 7
9.5 0.994 0.994 0.995 3 * 3 5 7
10.0 0.995 0.995 0.996 3 * 3 5 7
0.5 0.222 0.130 0.222 1 * 1
1.0 0.222 0.130 0.222 1 * 1
1.5 0.549 0.483 0.468 1 * 3
2.0 0.724 0.614 0.575 1 * 3
2.5 0.606 0.590 0.567 1 * 4
3.0 0.771 0.748 0.702 2 * 3 5
3.5 0.770 0.726 0.617 2 * 3 6
4.0 0.677 0.732 0.636 3 * 2 5 7
4.5 0.809 0.730 0.812 2 * 5 7
5.0 0.857 0.857 0.863 3 * 3 5 7
5.5 0.905 0.905 0.910 3 * 3 5 7
6.0 0.939 0.939 0.942 3 * 3 5 7
6.5 0.950 0.950 0.953 3 * 3 5 7
7.0 0.967 0.967 0.968 3 * 3 5 7
7.5 0.977 0.977 0.979 3 * 3 5 7
8.0 0.986 0.986 0.987 3 * 3 5 7
8.5 0.987 0.987 0.988 3 * 3 5 7
9.0 0.993 0.993 0.993 3 * 3 5 7
9.5 0.995 0.995 0.995 3 * 3 5 7
10.0 0.994 0.994 0.994 3 * 3 5 7
0.5 0.222 0.130 0.222 1 * 1
1.0 0.222 0.130 0.222 1 * 1
1.5 0.540 0.476 0.463 1 * 3
2.0 0.733 0.620 0.579 1 * 3
2.5 0.632 0.617 0.632 1 * 4
3.0 0.781 0.758 0.714 2 * 3 5
3.5 0.845 0.820 0.772 2 * 3 5
4.0 0.791 0.883 0.480 3 * 3 5 7
4.5 0.818 0.712 0.818 1 * 7
5.0 0.863 0.863 0.869 3 * 3 5 7
5.5 0.910 0.910 0.914 3 * 3 5 7
6.0 0.937 0.937 0.940 3 * 3 5 7
6.5 0.953 0.953 0.955 3 * 3 5 7
7.0 0.966 0.966 0.968 3 * 3 5 7
7.5 0.974 0.974 0.976 3 * 3 5 7
8.0 0.982 0.982 0.983 3 * 3 5 7
8.5 0.989 0.989 0.990 3 * 3 5 7
9.0 0.990 0.990 0.991 3 * 3 5 7
9.5 0.994 0.994 0.994 3 * 3 5 7
10.0 0.995 0.995 0.996 3 * 3 5 7
0.5 0.222 0.130 0.222 1 * 1
1.0 0.222 0.130 0.222 1 * 1
1.5 0.556 0.488 0.472 1 * 3
2.0 0.722 0.613 0.574 1 * 3
2.5 0.653 0.631 0.586 2 * 3 5
3.0 0.781 0.758 0.714 2 * 3 5
3.5 0.845 0.821 0.772 2 * 3 5
4.0 0.797 0.888 0.482 3 * 3 5 7
4.5 0.817 0.738 0.820 2 * 5 7
5.0 0.763 0.786 0.869 3 * 2 5 7
5.5 0.915 0.915 0.919 3 * 3 5 7
6.0 0.938 0.938 0.941 3 * 3 5 7
6.5 0.956 0.956 0.958 3 * 3 5 7
7.0 0.966 0.966 0.968 3 * 3 5 7
7.5 0.978 0.978 0.979 3 * 3 5 7
8.0 0.983 0.983 0.985 3 * 3 5 7
8.5 0.987 0.987 0.988 3 * 3 5 7
9.0 0.992 0.992 0.992 3 * 3 5 7
9.5 0.993 0.993 0.994 3 * 3 5 7
10.0 0.995 0.995 0.995 3 * 3 5 7
0.5 0.222 0.130 0.222 1 * 1
1.0 0.318 0.237 0.318 1 * 2
1.5 0.536 0.473 0.461 1 * 3
2.0 0.724 0.612 0.571 1 * 3
2.5 0.660 0.637 0.591 2 * 3 5
3.0 0.774 0.753 0.709 2 * 3 5
3.5 0.847 0.822 0.773 2 * 3 5
4.0 0.638 0.574 0.638 1 * 7
4.5 0.806 0.729 0.809 2 * 5 7
5.0 0.867 0.867 0.873 3 * 3 5 7
5.5 0.906 0.795 0.906 1 * 7
6.0 0.937 0.937 0.939 3 * 3 5 7
6.5 0.955 0.955 0.957 3 * 3 5 7
7.0 0.967 0.967 0.969 3 * 3 5 7
7.5 0.975 0.975 0.977 3 * 3 5 7
8.0 0.983 0.983 0.984 3 * 3 5 7
8.5 0.988 0.988 0.989 3 * 3 5 7
9.0 0.993 0.993 0.993 3 * 3 5 7
9.5 0.994 0.994 0.994 3 * 3 5 7
10.0 0.995 0.995 0.996 3 * 3 5 7
0.5 0.222 0.130 0.222 1 * 1
1.0 0.278 0.213 0.278 1 * 2
1.5 0.541 0.481 0.470 1 * 3
2.0 0.709 0.604 0.567 1 * 3
2.5 0.618 0.603 0.610 1 * 4
3.0 0.775 0.752 0.707 2 * 3 5
3.5 0.851 0.827 0.778 2 * 3 5
4.0 0.793 0.883 0.487 3 * 3 5 7
4.5 0.825 0.719 0.825 1 * 7
5.0 0.867 0.867 0.873 3 * 3 5 7
5.5 0.901 0.901 0.906 3 * 3 5 7
6.0 0.937 0.937 0.939 3 * 3 5 7
6.5 0.958 0.958 0.961 3 * 3 5 7
7.0 0.967 0.967 0.969 3 * 3 5 7
7.5 0.976 0.976 0.978 3 * 3 5 7
8.0 0.984 0.984 0.985 3 * 3 5 7
8.5 0.990 0.990 0.990 3 * 3 5 7
9.0 0.992 0.992 0.992 3 * 3 5 7
9.5 0.995 0.995 0.995 3 * 3 5 7
10.0 0.996 0.996 0.996 3 * 3 5 7
0.5 0.222 0.130 0.222 1 * 1
1.0 0.279 0.211 0.279 1 * 2
1.5 0.557 0.492 0.478 1 * 3
2.0 0.724 0.613 0.573 1 * 3
2.5 0.665 0.645 0.605 2 * 3 5
3.0 0.787 0.764 0.719 2 * 3 5
3.5 0.849 0.825 0.777 2 * 3 5
4.0 0.792 0.884 0.480 3 * 3 5 7
4.5 0.726 0.743 0.824 3 * 2 5 7
5.0 0.861 0.861 0.866 3 * 3 5 7
5.5 0.904 0.904 0.909 3 * 3 5 7
6.0 0.939 0.855 0.940 2 * 5 7
6.5 0.955 0.955 0.957 3 * 3 5 7
7.0 0.968 0.968 0.970 3 * 3 5 7
7.5 0.978 0.978 0.979 3 * 3 5 7
8.0 0.983 0.983 0.984 3 * 3 5 7
8.5 0.988 0.988 0.989 3 * 3 5 7
9.0 0.990 0.990 0.990 3 * 3 5 7
9.5 0.994 0.994 0.994 3 * 3 5 7
10.0 0.995 0.995 0.996 3 * 3 5 7
0.5 0.222 0.130 0.222 1 * 1
1.0 0.255 0.180 0.255 1 * 2
1.5 0.545 0.483 0.471 1 * 3
2.0 0.728 0.619 0.579 1 * 3
2.5 0.620 0.599 0.576 1 * 4
3.0 0.776 0.753 0.708 2 * 3 5
3.5 0.763 0.721 0.607 2 * 3 6
4.0 0.797 0.890 0.480 3 * 3 5 7
4.5 0.825 0.915 0.510 3 * 3 5 7
5.0 0.873 0.873 0.880 3 * 3 5 7
5.5 0.903 0.903 0.907 3 * 3 5 7
6.0 0.939 0.939 0.942 3 * 3 5 7
6.5 0.952 0.952 0.954 3 * 3 5 7
7.0 0.967 0.967 0.969 3 * 3 5 7
7.5 0.977 0.977 0.978 3 * 3 5 7
8.0 0.985 0.985 0.985 3 * 3 5 7
8.5 0.988 0.988 0.989 3 * 3 5 7
9.0 0.991 0.991 0.992 3 * 3 5 7
9.5 0.994 0.994 0.995 3 * 3 5 7
10.0 0.995 0.995 0.996 3 * 3 5 7
0.5 0.222 0.130 0.222 1 * 1
1.0 0.222 0.130 0.222 1 * 1
1.5 0.547 0.481 0.467 1 * 3
2.0 0.713 0.607 0.569 1 * 3
2.5 0.676 0.655 0.614 2 * 3 5
3.0 0.775 0.753 0.710 2 * 3 5
3.5 0.852 0.828 0.780 2 * 3 5
4.0 0.810 0.763 0.647 2 * 3 6
4.5 0.799 0.721 0.802 2 * 5 7
5.0 0.857 0.857 0.863 3 * 3 5 7
5.5 0.901 0.901 0.906 3 * 3 5 7
6.0 0.935 0.935 0.938 3 * 3 5 7
6.5 0.955 0.955 0.957 3 * 3 5 7
7.0 0.968 0.968 0.970 3 * 3 5 7
7.5 0.836 0.960 0.573 3 * 3 6 8
8.0 0.984 0.984 0.985 3 * 3 5 7
8.5 0.987 0.987 0.988 3 * 3 5 7
9.0 0.991 0.991 0.992 3 * 3 5 7
9.5 0.994 0.994 0.994 3 * 3 5 7
10.0 0.994 0.994 0.995 3 * 3 5 7
0.5 0.222 0.130 0.222 1 * 1
1.0 0.222 0.130 0.222 1 * 1
1.5 0.528 0.466 0.455 1 * 3
2.0 0.711 0.605 0.566 1 * 3
2.5 0.660 0.638 0.593 2 * 3 5
3.0 0.783 0.761 0.716 2 * 3 5
3.5 0.854 0.830 0.782 2 * 3 5
4.0 0.780 0.712 0.780 1 * 6
4.5 0.808 0.730 0.810 2 * 5 7
5.0 0.867 0.867 0.873 3 * 3 5 7
5.5 0.905 0.905 0.910 3 * 3 5 7
6.0 0.935 0.935 0.938 3 * 3 5 7
6.5 0.953 0.953 0.956 3 * 3 5 7
7.0 0.967 0.967 0.969 3 * 3 5 7
7.5 0.978 0.978 0.979 3 * 3 5 7
8.0 0.983 0.983 0.984 3 * 3 5 7
8.5 0.989 0.989 0.989 3 * 3 5 7
9.0 0.990 0.990 0.991 3 * 3 5 7
9.5 0.994 0.994 0.995 3 * 3 5 7
10.0 0.995 0.995 0.995 3 * 3 5 7
0.5 0.222 0.130 0.222 1 * 1
1.0 0.222 0.130 0.222 1 * 1
1.5 0.534 0.472 0.460 1 * 3
2.0 0.705 0.602 0.566 1 * 3
2.5 0.619 0.593 0.542 2 * 3 5
3.0 0.772 0.750 0.707 2 * 3 5
3.5 0.849 0.825 0.777 2 * 3 5
4.0 0.798 0.887 0.493 3 * 3 5 7
4.5 0.798 0.693 0.798 1 * 7
5.0 0.810 0.774 0.701 2 * 3 7
5.5 0.909 0.909 0.913 3 * 3 5 7
6.0 0.940 0.940 0.943 3 * 3 5 7
6.5 0.953 0.953 0.956 3 * 3 5 7
7.0 0.965 0.965 0.967 3 * 3 5 7
7.5 0.976 0.976 0.978 3 * 3 5 7
8.0 0.982 0.982 0.983 3 * 3 5 7
8.5 0.987 0.987 0.988 3 * 3 5 7
9.0 0.992 0.992 0.992 3 * 3 5 7
9.5 0.994 0.994 0.994 3 * 3 5 7
10.0 0.995 0.995 0.995 3 * 3 5 7
0.5 0.222 0.130 0.222 1 * 1
1.0 0.222 0.130 0.222 1 * 1
1.5 0.544 0.481 0.466 1 * 3
2.0 0.723 0.614 0.574 1 * 3
2.5 0.669 0.647 0.604 2 * 3 5
3.0 0.764 0.742 0.698 2 * 3 5
3.5 0.763 0.720 0.605 2 * 3 6
4.0 0.803 0.896 0.483 3 * 3 5 7
4.5 0.810 0.705 0.810 1 * 7
5.0 0.870 0.870 0.875 3 * 3 5 7
5.5 0.905 0.905 0.909 3 * 3 5 7
6.0 0.937 0.937 0.940 3 * 3 5 7
6.5 0.958 0.958 0.960 3 * 3 5 7
7.0 0.967 0.967 0.969 3 * 3 5 7
7.5 0.979 0.979 0.980 3 * 3 5 7
8.0 0.984 0.984 0.985 3 * 3 5 7
8.5 0.988 0.988 0.989 3 * 3 5 7
9.0 0.992 0.992 0.992 3 * 3 5 7
9.5 0.993 0.993 0.993 3 * 3 5 7
10.0 0.995 0.995 0.995 3 * 3 5 7
0.5 0.222 0.130 0.222 1 * 1
1.0 0.222 0.130 0.222 1 * 1
1.5 0.538 0.476 0.465 1 * 3
2.0 0.717 0.611 0.573 1 * 3
2.5 0.661 0.630 0.661 1 * 4
3.0 0.760 0.739 0.696 2 * 3 5
3.5 0.767 0.725 0.618 2 * 3 6
4.0 0.636 0.572 0.636 1 * 7
4.5 0.812 0.858 0.671 3 * 3 5 7
5.0 0.871 0.871 0.877 3 * 3 5 7
5.5 0.915 0.915 0.920 3 * 3 5 7
6.0 0.931 0.931 0.934 3 * 3 5 7
6.5 0.959 0.959 0.961 3 * 3 5 7
7.0 0.969 0.969 0.971 3 * 3 5 7
7.5 0.975 0.975 0.977 3 * 3 5 7
8.0 0.983 0.983 0.985 3 * 3 5 7
8.5 0.988 0.988 0.988 3 * 3 5 7
9.0 0.991 0.991 0.992 3 * 3 5 7
9.5 0.994 0.994 0.995 3 * 3 5 7
10.0 0.996 0.996 0.996 3 * 3 5 7
0.5 0.222 0.130 0.222 1 * 1
1.0 0.222 0.130 0.222 1 * 1
1.5 0.553 0.487 0.473 1 * 3
2.0 0.714 0.609 0.571 1 * 3
2.5 0.634 0.616 0.634 1 * 4
3.0 0.783 0.761 0.718 2 * 3 5
3.5 0.771 0.728 0.614 2 * 3 6
4.0 0.749 0.651 0.749 1 * 7
4.5 0.817 0.738 0.819 2 * 5 7
5.0 0.874 0.874 0.880 3 * 3 5 7
5.5 0.910 0.910 0.914 3 * 3 5 7
6.0 0.935 0.935 0.938 3 * 3 5 7
6.5 0.950 0.950 0.953 3 * 3 5 7
7.0 0.971 0.971 0.973 3 * 3 5 7
7.5 0.979 0.979 0.981 3 * 3 5 7
8.0 0.983 0.983 0.984 3 * 3 5 7
8.5 0.988 0.988 0.989 3 * 3 5 7
9.0 0.991 0.991 0.992 3 * 3 5 7
9.5 0.995 0.995 0.995 3 * 3 5 7
10.0 0.995 0.995 0.995 3 * 3 5 7
0.5 0.222 0.130 0.222 1 * 1
1.0 0.222 0.130 0.222 1 * 1
1.5 0.544 0.482 0.470 1 * 3
2.0 0.730 0.618 0.576 1 * 3
2.5 0.644 0.619 0.603 1 * 4
3.0 0.775 0.753 0.708 2 * 3 5
3.5 0.848 0.824 0.776 2 * 3 5
4.0 0.792 0.882 0.482 3 * 3 5 7
4.5 0.828 0.749 0.831 2 * 5 7
5.0 0.850 0.850 0.856 3 * 3 5 7
5.5 0.907 0.907 0.911 3 * 3 5 7
6.0 0.932 0.932 0.936 3 * 3 5 7
6.5 0.955 0.955 0.957 3 * 3 5 7
7.0 0.969 0.969 0.970 3 * 3 5 7
7.5 0.978 0.978 0.980 3 * 3 5 7
8.0 0.985 0.985 0.985 3 * 3 5 7
8.5 0.989 0.989 0.990 3 * 3 5 7
9.0 0.991 0.991 0.992 3 * 3 5 7
9.5 0.995 0.995 0.995 3 * 3 5 7
10.0 0.995 0.995 0.995 3 * 3 5 7
0.5 0.222 0.130 0.222 1 * 1
1.0 0.222 0.130 0.222 1 * 1
1.5 0.556 0.486 0.469 1 * 3
2.0 0.722 0.616 0.578 1 * 3
2.5 0.648 0.629 0.592 2 * 3 5
3.0 0.763 0.741 0.697 2 * 3 5
3.5 0.848 0.824 0.776 2 * 3 5
4.0 0.809 0.762 0.651 2 * 3 6
4.5 0.805 0.727 0.808 2 * 5 7
5.0 0.877 0.877 0.882 3 * 3 5 7
5.5 0.908 0.908 0.912 3 * 3 5 7
6.0 0.938 0.938 0.941 3 * 3 5 7
6.5 0.957 0.957 0.959 3 * 3 5 7
7.0 0.969 0.969 0.971 3 * 3 5 7
7.5 0.979 0.979 0.980 3 * 3 5 7
8.0 0.982 0.982 0.984 3 * 3 5 7
8.5 0.990 0.990 0.990 3 * 3 5 7
9.0 0.992 0.992 0.992 3 * 3 5 7
9.5 0.994 0.994 0.994 3 * 3 5 7
10.0 0.996 0.996 0.996 3 * 3 5 7
