0.5 0.090 0.106 0.014 3 * 0.019 0.046 0.014
1.0 0.129 0.147 0.042 3 * 0.033 0.085 0.042
1.5 0.254 0.310 0.184 3 * 0.349 0.155 0.184
2.0 0.366 0.382 0.282 3 * 0.448 0.337 0.282
2.5 0.592 0.672 0.343 3 * 0.716 0.666 0.343
3.0 0.696 0.781 0.419 3 * 0.812 0.791 0.419
3.5 0.752 0.840 0.459 3 * 0.869 0.858 0.459
4.0 0.719 0.719 0.740 3 * 0.665 0.752 0.740
4.5 0.774 0.774 0.814 3 * 0.698 0.809 0.814
5.0 0.852 0.852 0.858 3 * 0.845 0.853 0.858
5.5 0.908 0.908 0.912 3 * 0.904 0.909 0.912
6.0 0.938 0.938 0.942 3 * 0.935 0.939 0.942
6.5 0.952 0.952 0.955 3 * 0.950 0.953 0.955
7.0 0.967 0.967 0.968 3 * 0.965 0.967 0.968
7.5 0.980 0.980 0.981 3 * 0.979 0.980 0.981
8.0 0.987 0.987 0.987 3 * 0.986 0.987 0.987
8.5 0.987 0.987 0.988 3 * 0.986 0.987 0.988
9.0 0.992 0.992 0.993 3 * 0.992 0.992 0.993
9.5 0.994 0.994 0.995 3 * 0.994 0.994 0.995
10.0 0.995 0.995 0.995 3 * 0.994 0.995 0.995
0.5 0.093 0.104 0.011 3 * 0.008 0.059 0.011
1.0 0.136 0.146 0.051 3 * 0.064 0.118 0.051
1.5 0.243 0.250 0.174 3 * 0.177 0.203 0.174
2.0 0.375 0.416 0.299 3 * 0.449 0.355 0.299
2.5 0.602 0.682 0.360 3 * 0.721 0.677 0.360
3.0 0.687 0.771 0.411 3 * 0.806 0.780 0.411
3.5 0.755 0.843 0.460 3 * 0.871 0.862 0.460
4.0 0.792 0.882 0.483 3 * 0.911 0.905 0.483
4.5 0.816 0.862 0.675 3 * 0.886 0.888 0.675
5.0 0.874 0.874 0.878 3 * 0.869 0.874 0.878
5.5 0.894 0.894 0.899 3 * 0.889 0.895 0.899
6.0 0.928 0.928 0.932 3 * 0.924 0.929 0.932
6.5 0.953 0.953 0.955 3 * 0.950 0.954 0.955
7.0 0.965 0.965 0.967 3 * 0.963 0.966 0.967
7.5 0.980 0.980 0.981 3 * 0.979 0.981 0.981
8.0 0.984 0.984 0.985 3 * 0.982 0.984 0.985
8.5 0.988 0.988 0.989 3 * 0.987 0.988 0.989
9.0 0.991 0.991 0.992 3 * 0.991 0.991 0.992
9.5 0.994 0.994 0.994 3 * 0.994 0.994 0.994
10.0 0.995 0.995 0.995 3 * 0.994 0.995 0.995
0.5 0.101 0.129 0.012 3 * 0.006 0.044 0.012
1.0 0.123 0.153 0.037 3 * 0.095 0.076 0.037
1.5 0.278 0.291 0.168 3 * 0.348 0.239 0.168
2.0 0.424 0.488 0.240 3 * 0.551 0.450 0.240
2.5 0.574 0.650 0.354 3 * 0.699 0.633 0.354
3.0 0.696 0.774 0.433 3 * 0.802 0.788 0.433
3.5 0.745 0.833 0.451 3 * 0.861 0.851 0.451
4.0 0.794 0.882 0.490 3 * 0.909 0.906 0.490
4.5 0.819 0.819 0.825 3 * 0.813 0.820 0.825
5.0 0.875 0.875 0.880 3 * 0.868 0.876 0.880
5.5 0.912 0.912 0.916 3 * 0.907 0.913 0.916
6.0 0.932 0.932 0.936 3 * 0.928 0.933 0.936
6.5 0.958 0.958 0.960 3 * 0.955 0.958 0.960
7.0 0.969 0.969 0.971 3 * 0.967 0.969 0.971
7.5 0.976 0.976 0.977 3 * 0.974 0.976 0.977
8.0 0.982 0.982 0.983 3 * 0.981 0.983 0.983
8.5 0.988 0.988 0.989 3 * 0.987 0.988 0.989
9.0 0.991 0.991 0.992 3 * 0.991 0.992 0.992
9.5 0.994 0.994 0.994 3 * 0.993 0.994 0.994
10.0 0.996 0.996 0.996 3 * 0.996 0.996 0.996
0.5 0.104 0.129 0.009 3 * 0.011 0.060 0.009
1.0 0.157 0.190 0.066 3 * 0.103 0.099 0.066
1.5 0.249 0.243 0.194 3 * 0.303 0.179 0.194
2.0 0.427 0.502 0.241 3 * 0.568 0.437 0.241
2.5 0.604 0.680 0.366 3 * 0.714 0.680 0.366
3.0 0.692 0.773 0.427 3 * 0.802 0.784 0.427
3.5 0.760 0.848 0.463 3 * 0.875 0.867 0.463
4.0 0.797 0.889 0.484 3 * 0.918 0.911 0.484
4.5 0.774 0.774 0.813 3 * 0.702 0.807 0.813
5.0 0.871 0.871 0.876 3 * 0.865 0.872 0.876
5.5 0.905 0.905 0.910 3 * 0.899 0.906 0.910
6.0 0.934 0.934 0.937 3 * 0.930 0.934 0.937
6.5 0.958 0.958 0.960 3 * 0.956 0.959 0.960
7.0 0.968 0.968 0.970 3 * 0.966 0.968 0.970
7.5 0.979 0.979 0.981 3 * 0.978 0.980 0.981
8.0 0.983 0.983 0.984 3 * 0.982 0.983 0.984
8.5 0.986 0.986 0.987 3 * 0.985 0.986 0.987
9.0 0.993 0.993 0.993 3 * 0.992 0.993 0.993
9.5 0.994 0.994 0.994 3 * 0.993 0.994 0.994
10.0 0.996 0.996 0.996 3 * 0.995 0.996 0.996
0.5 0.088 0.099 0.011 3 * 0.009 0.049 0.011
1.0 0.126 0.157 0.050 3 * 0.088 0.064 0.050
1.5 0.283 0.359 0.184 3 * 0.373 0.165 0.184
2.0 0.273 0.263 0.221 3 * 0.194 0.235 0.221
2.5 0.578 0.655 0.330 3 * 0.703 0.648 0.330
3.0 0.698 0.782 0.419 3 * 0.812 0.795 0.419
3.5 0.753 0.837 0.463 3 * 0.865 0.856 0.463
4.0 0.793 0.883 0.484 3 * 0.910 0.907 0.484
4.5 0.775 0.775 0.815 3 * 0.702 0.809 0.815
5.0 0.857 0.857 0.862 3 * 0.850 0.858 0.862
5.5 0.905 0.905 0.909 3 * 0.899 0.906 0.909
6.0 0.937 0.937 0.941 3 * 0.933 0.938 0.941
6.5 0.953 0.953 0.955 3 * 0.952 0.953 0.955
7.0 0.966 0.966 0.968 3 * 0.964 0.966 0.968
7.5 0.978 0.978 0.979 3 * 0.976 0.978 0.979
8.0 0.983 0.983 0.984 3 * 0.982 0.984 0.984
8.5 0.987 0.987 0.988 3 * 0.987 0.988 0.988
9.0 0.990 0.990 0.991 3 * 0.990 0.991 0.991
9.5 0.994 0.994 0.994 3 * 0.993 0.994 0.994
10.0 0.996 0.996 0.996 3 * 0.996 0.996 0.996
0.5 0.102 0.126 0.012 3 * 0.020 0.052 0.012
1.0 0.113 0.134 0.043 3 * 0.057 0.056 0.043
1.5 0.272 0.274 0.176 3 * 0.174 0.227 0.176
2.0 0.388 0.485 0.228 3 * 0.542 0.356 0.228
2.5 0.607 0.686 0.360 3 * 0.724 0.684 0.360
3.0 0.699 0.783 0.426 3 * 0.812 0.794 0.426
3.5 0.764 0.853 0.462 3 * 0.884 0.872 0.462
4.0 0.797 0.887 0.488 3 * 0.915 0.911 0.488
4.5 0.756 0.756 0.793 3 * 0.686 0.788 0.793
5.0 0.868 0.868 0.874 3 * 0.862 0.869 0.874
5.5 0.900 0.900 0.904 3 * 0.894 0.900 0.904
6.0 0.937 0.937 0.941 3 * 0.933 0.938 0.941
6.5 0.956 0.956 0.959 3 * 0.953 0.956 0.959
7.0 0.969 0.969 0.971 3 * 0.967 0.969 0.971
7.5 0.976 0.976 0.978 3 * 0.974 0.977 0.978
8.0 0.984 0.984 0.985 3 * 0.983 0.984 0.985
8.5 0.989 0.989 0.990 3 * 0.988 0.989 0.990
9.0 0.990 0.990 0.991 3 * 0.990 0.990 0.991
9.5 0.995 0.995 0.995 3 * 0.995 0.995 0.995
10.0 0.996 0.996 0.996 3 * 0.995 0.996 0.996
0.5 0.096 0.106 0.018 3 * 0.011 0.059 0.018
1.0 0.121 0.149 0.044 3 * 0.106 0.065 0.044
1.5 0.267 0.276 0.188 3 * 0.327 0.176 0.188
2.0 0.400 0.502 0.225 3 * 0.562 0.374 0.225
2.5 0.587 0.663 0.340 3 * 0.712 0.655 0.340
3.0 0.696 0.781 0.414 3 * 0.813 0.792 0.414
3.5 0.760 0.849 0.458 3 * 0.879 0.867 0.458
4.0 0.799 0.892 0.483 3 * 0.921 0.915 0.483
4.5 0.823 0.823 0.830 3 * 0.816 0.824 0.830
5.0 0.867 0.867 0.873 3 * 0.859 0.868 0.873
5.5 0.910 0.910 0.915 3 * 0.905 0.911 0.915
6.0 0.935 0.935 0.938 3 * 0.932 0.936 0.938
6.5 0.955 0.955 0.957 3 * 0.953 0.956 0.957
7.0 0.971 0.971 0.972 3 * 0.969 0.971 0.972
7.5 0.977 0.977 0.979 3 * 0.976 0.978 0.979
8.0 0.985 0.985 0.986 3 * 0.984 0.985 0.986
8.5 0.988 0.988 0.989 3 * 0.987 0.988 0.989
9.0 0.992 0.992 0.993 3 * 0.991 0.992 0.993
9.5 0.993 0.993 0.994 3 * 0.993 0.994 0.994
10.0 0.995 0.995 0.995 3 * 0.995 0.995 0.995
0.5 0.093 0.106 0.011 3 * 0.015 0.055 0.011
1.0 0.141 0.170 0.059 3 * 0.102 0.077 0.059
1.5 0.279 0.362 0.172 3 * 0.377 0.151 0.172
2.0 0.344 0.360 0.243 3 * 0.399 0.230 0.243
2.5 0.591 0.664 0.366 3 * 0.715 0.650 0.366
3.0 0.689 0.773 0.412 3 * 0.805 0.784 0.412
3.5 0.752 0.843 0.454 3 * 0.871 0.861 0.454
4.0 0.792 0.881 0.486 3 * 0.911 0.903 0.486
4.5 0.770 0.770 0.809 3 * 0.698 0.802 0.809
5.0 0.869 0.869 0.875 3 * 0.863 0.870 0.875
5.5 0.902 0.902 0.907 3 * 0.896 0.903 0.907
6.0 0.934 0.934 0.937 3 * 0.930 0.934 0.937
6.5 0.962 0.962 0.964 3 * 0.961 0.962 0.964
7.0 0.973 0.973 0.974 3 * 0.971 0.973 0.974
7.5 0.978 0.978 0.980 3 * 0.976 0.978 0.980
8.0 0.984 0.984 0.985 3 * 0.983 0.985 0.985
8.5 0.987 0.987 0.988 3 * 0.986 0.987 0.988
9.0 0.991 0.991 0.992 3 * 0.991 0.991 0.992
9.5 0.994 0.994 0.994 3 * 0.993 0.994 0.994
10.0 0.996 0.996 0.996 3 * 0.995 0.996 0.996
0.5 0.103 0.126 0.012 3 * 0.011 0.056 0.012
1.0 0.142 0.156 0.057 3 * 0.063 0.100 0.057
1.5 0.313 0.345 0.175 3 * 0.390 0.259 0.175
2.0 0.422 0.460 0.301 3 * 0.504 0.432 0.301
2.5 0.613 0.686 0.371 3 * 0.724 0.686 0.371
3.0 0.693 0.775 0.420 3 * 0.806 0.787 0.420
3.5 0.749 0.839 0.450 3 * 0.867 0.856 0.450
4.0 0.801 0.894 0.483 3 * 0.924 0.916 0.483
4.5 0.767 0.767 0.807 3 * 0.693 0.802 0.807
5.0 0.870 0.870 0.875 3 * 0.864 0.871 0.875
5.5 0.907 0.907 0.910 3 * 0.902 0.907 0.910
6.0 0.943 0.943 0.946 3 * 0.940 0.943 0.946
6.5 0.957 0.957 0.959 3 * 0.955 0.957 0.959
7.0 0.964 0.964 0.967 3 * 0.961 0.965 0.967
7.5 0.975 0.975 0.976 3 * 0.974 0.975 0.976
8.0 0.981 0.981 0.982 3 * 0.980 0.982 0.982
8.5 0.989 0.989 0.989 3 * 0.988 0.989 0.989
9.0 0.992 0.992 0.993 3 * 0.992 0.993 0.993
9.5 0.994 0.994 0.994 3 * 0.993 0.994 0.994
10.0 0.995 0.995 0.995 3 * 0.995 0.995 0.995
0.5 0.086 0.098 0.008 3 * 0.007 0.049 0.008
1.0 0.127 0.153 0.053 3 * 0.047 0.057 0.053
1.5 0.253 0.253 0.191 3 * 0.299 0.173 0.191
2.0 0.384 0.472 0.238 3 * 0.523 0.354 0.238
2.5 0.602 0.678 0.355 3 * 0.724 0.674 0.355
3.0 0.694 0.778 0.416 3 * 0.811 0.789 0.416
3.5 0.755 0.844 0.456 3 * 0.872 0.863 0.456
4.0 0.791 0.884 0.477 3 * 0.912 0.906 0.477
4.5 0.813 0.813 0.820 3 * 0.806 0.814 0.820
5.0 0.863 0.863 0.869 3 * 0.856 0.864 0.869
5.5 0.903 0.903 0.907 3 * 0.897 0.903 0.907
6.0 0.938 0.938 0.941 3 * 0.934 0.938 0.941
6.5 0.955 0.955 0.957 3 * 0.953 0.955 0.957
7.0 0.967 0.967 0.969 3 * 0.964 0.967 0.969
7.5 0.978 0.978 0.979 3 * 0.976 0.978 0.979
8.0 0.986 0.986 0.987 3 * 0.986 0.986 0.987
8.5 0.988 0.988 0.989 3 * 0.987 0.988 0.989
9.0 0.926 0.965 0.791 3 * 0.994 0.994 0.791
9.5 0.994 0.994 0.994 3 * 0.993 0.994 0.994
10.0 0.995 0.995 0.996 3 * 0.995 0.995 0.996
0.5 0.104 0.128 0.011 3 * 0.004 0.062 0.011
1.0 0.129 0.150 0.038 3 * 0.082 0.083 0.038
1.5 0.248 0.250 0.171 3 * 0.287 0.212 0.171
2.0 0.406 0.454 0.280 3 * 0.531 0.357 0.280
2.5 0.609 0.688 0.358 3 * 0.734 0.682 0.358
3.0 0.692 0.774 0.418 3 * 0.806 0.785 0.418
3.5 0.763 0.852 0.460 3 * 0.882 0.872 0.460
4.0 0.793 0.884 0.482 3 * 0.912 0.907 0.482
4.5 0.774 0.774 0.813 3 * 0.702 0.808 0.813
5.0 0.861 0.861 0.869 3 * 0.852 0.863 0.869
5.5 0.901 0.901 0.906 3 * 0.896 0.902 0.906
6.0 0.939 0.939 0.942 3 * 0.937 0.939 0.942
6.5 0.956 0.956 0.957 3 * 0.954 0.955 0.957
7.0 0.971 0.971 0.972 3 * 0.969 0.971 0.972
7.5 0.975 0.975 0.976 3 * 0.973 0.975 0.976
8.0 0.983 0.983 0.984 3 * 0.982 0.983 0.984
8.5 0.987 0.987 0.988 3 * 0.986 0.987 0.988
9.0 0.993 0.993 0.993 3 * 0.992 0.993 0.993
9.5 0.995 0.995 0.995 3 * 0.994 0.995 0.995
10.0 0.995 0.995 0.996 3 * 0.995 0.996 0.996
0.5 0.104 0.131 0.008 3 * 0.017 0.055 0.008
1.0 0.135 0.163 0.050 3 * 0.088 0.086 0.050
1.5 0.240 0.270 0.204 3 * 0.206 0.250 0.204
2.0 0.294 0.280 0.249 3 * 0.201 0.235 0.249
2.5 0.604 0.680 0.364 3 * 0.724 0.674 0.364
3.0 0.688 0.772 0.410 3 * 0.807 0.781 0.410
3.5 0.753 0.842 0.459 3 * 0.870 0.860 0.459
4.0 0.795 0.883 0.489 3 * 0.911 0.905 0.489
4.5 0.808 0.808 0.816 3 * 0.798 0.810 0.816
5.0 0.869 0.869 0.875 3 * 0.861 0.870 0.875
5.5 0.910 0.910 0.914 3 * 0.906 0.911 0.914
6.0 0.936 0.936 0.939 3 * 0.932 0.936 0.939
6.5 0.956 0.956 0.958 3 * 0.953 0.956 0.958
7.0 0.970 0.970 0.971 3 * 0.969 0.970 0.971
7.5 0.977 0.977 0.979 3 * 0.976 0.978 0.979
8.0 0.985 0.985 0.986 3 * 0.984 0.985 0.986
8.5 0.987 0.987 0.988 3 * 0.986 0.987 0.988
9.0 0.989 0.989 0.990 3 * 0.988 0.990 0.990
9.5 0.994 0.994 0.994 3 * 0.993 0.994 0.994
10.0 0.926 0.968 0.785 3 * 0.996 0.996 0.785
0.5 0.100 0.122 0.016 3 * 0.025 0.050 0.016
1.0 0.139 0.177 0.048 3 * 0.074 0.080 0.048
1.5 0.274 0.311 0.176 3 * 0.347 0.229 0.176
2.0 0.415 0.485 0.245 3 * 0.574 0.373 0.245
2.5 0.599 0.674 0.361 3 * 0.720 0.667 0.361
3.0 0.688 0.774 0.407 3 * 0.807 0.784 0.407
3.5 0.754 0.839 0.462 3 * 0.867 0.858 0.462
4.0 0.793 0.884 0.481 3 * 0.913 0.907 0.481
4.5 0.809 0.809 0.816 3 * 0.801 0.811 0.816
5.0 0.865 0.865 0.871 3 * 0.858 0.866 0.871
5.5 0.912 0.912 0.917 3 * 0.907 0.914 0.917
6.0 0.932 0.932 0.936 3 * 0.929 0.933 0.936
6.5 0.956 0.956 0.958 3 * 0.952 0.956 0.958
7.0 0.965 0.965 0.966 3 * 0.963 0.965 0.966
7.5 0.978 0.978 0.979 3 * 0.977 0.978 0.979
8.0 0.984 0.984 0.985 3 * 0.984 0.984 0.985
8.5 0.989 0.989 0.990 3 * 0.988 0.989 0.990
9.0 0.993 0.993 0.993 3 * 0.992 0.993 0.993
9.5 0.993 0.993 0.994 3 * 0.993 0.994 0.994
10.0 0.996 0.996 0.996 3 * 0.996 0.996 0.996
0.5 0.096 0.109 0.012 3 * 0.016 0.065 0.012
1.0 0.120 0.145 0.038 3 * 0.046 0.062 0.038
1.5 0.290 0.343 0.179 3 * 0.315 0.223 0.179
2.0 0.374 0.408 0.243 3 * 0.470 0.346 0.243
2.5 0.598 0.674 0.356 3 * 0.712 0.672 0.356
3.0 0.696 0.779 0.417 3 * 0.810 0.792 0.417
3.5 0.752 0.840 0.454 3 * 0.868 0.859 0.454
4.0 0.797 0.889 0.482 3 * 0.919 0.911 0.482
4.5 0.781 0.781 0.821 3 * 0.706 0.815 0.821
5.0 0.863 0.863 0.869 3 * 0.856 0.865 0.869
5.5 0.901 0.901 0.906 3 * 0.895 0.902 0.906
6.0 0.935 0.935 0.938 3 * 0.932 0.936 0.938
6.5 0.957 0.957 0.960 3 * 0.954 0.957 0.960
7.0 0.966 0.966 0.968 3 * 0.964 0.967 0.968
7.5 0.977 0.977 0.978 3 * 0.975 0.977 0.978
8.0 0.983 0.983 0.984 3 * 0.982 0.984 0.984
8.5 0.990 0.990 0.991 3 * 0.989 0.990 0.991
9.0 0.991 0.991 0.992 3 * 0.990 0.991 0.992
9.5 0.995 0.995 0.996 3 * 0.995 0.995 0.996
10.0 0.995 0.995 0.995 3 * 0.995 0.995 0.995
0.5 0.104 0.130 0.016 3 * 0.016 0.054 0.016
1.0 0.135 0.158 0.040 3 * 0.102 0.101 0.040
1.5 0.279 0.293 0.188 3 * 0.150 0.223 0.188
2.0 0.428 0.499 0.236 3 * 0.590 0.355 0.236
2.5 0.611 0.691 0.353 3 * 0.733 0.690 0.353
3.0 0.695 0.775 0.424 3 * 0.806 0.787 0.424
3.5 0.748 0.835 0.456 3 * 0.863 0.853 0.456
4.0 0.790 0.880 0.478 3 * 0.908 0.904 0.478
4.5 0.806 0.806 0.813 3 * 0.798 0.807 0.813
5.0 0.867 0.867 0.873 3 * 0.861 0.867 0.873
5.5 0.909 0.909 0.913 3 * 0.905 0.909 0.913
6.0 0.933 0.933 0.936 3 * 0.929 0.934 0.936
6.5 0.957 0.957 0.959 3 * 0.955 0.958 0.959
7.0 0.970 0.970 0.972 3 * 0.968 0.970 0.972
7.5 0.911 0.958 0.759 3 * 0.986 0.987 0.759
8.0 0.980 0.980 0.981 3 * 0.978 0.980 0.981
8.5 0.989 0.989 0.990 3 * 0.988 0.989 0.990
9.0 0.992 0.992 0.992 3 * 0.991 0.992 0.992
9.5 0.994 0.994 0.994 3 * 0.994 0.994 0.994
10.0 0.995 0.995 0.995 3 * 0.995 0.995 0.995
0.5 0.100 0.127 0.009 3 * 0.008 0.053 0.009
1.0 0.129 0.156 0.049 3 * 0.029 0.075 0.049
1.5 0.277 0.329 0.179 3 * 0.373 0.163 0.179
2.0 0.340 0.425 0.262 3 * 0.416 0.243 0.262
2.5 0.599 0.669 0.362 3 * 0.712 0.666 0.362
3.0 0.691 0.774 0.415 3 * 0.805 0.786 0.415
3.5 0.746 0.835 0.449 3 * 0.861 0.854 0.449
4.0 0.798 0.889 0.486 3 * 0.918 0.911 0.486
4.5 0.809 0.809 0.816 3 * 0.800 0.810 0.816
5.0 0.854 0.854 0.860 3 * 0.846 0.855 0.860
5.5 0.905 0.905 0.909 3 * 0.899 0.906 0.909
6.0 0.936 0.936 0.939 3 * 0.932 0.936 0.939
6.5 0.956 0.956 0.959 3 * 0.954 0.956 0.959
7.0 0.970 0.970 0.971 3 * 0.968 0.970 0.971
7.5 0.979 0.979 0.980 3 * 0.977 0.979 0.980
8.0 0.984 0.984 0.985 3 * 0.982 0.984 0.985
8.5 0.989 0.989 0.990 3 * 0.988 0.989 0.990
9.0 0.993 0.993 0.993 3 * 0.992 0.993 0.993
9.5 0.993 0.993 0.994 3 * 0.993 0.993 0.994
10.0 0.995 0.995 0.995 3 * 0.995 0.995 0.995
0.5 0.102 0.127 0.011 3 * 0.011 0.052 0.011
1.0 0.129 0.161 0.047 3 * 0.054 0.072 0.047
1.5 0.250 0.300 0.180 3 * 0.336 0.165 0.180
2.0 0.357 0.431 0.285 3 * 0.478 0.260 0.285
2.5 0.576 0.656 0.332 3 * 0.711 0.640 0.332
3.0 0.687 0.771 0.407 3 * 0.804 0.782 0.407
3.5 0.750 0.836 0.457 3 * 0.865 0.855 0.457
4.0 0.715 0.715 0.748 3 * 0.655 0.742 0.748
4.5 0.771 0.771 0.812 3 * 0.695 0.806 0.812
5.0 0.865 0.865 0.871 3 * 0.858 0.866 0.871
5.5 0.908 0.908 0.913 3 * 0.902 0.909 0.913
6.0 0.939 0.939 0.942 3 * 0.935 0.940 0.942
6.5 0.954 0.954 0.956 3 * 0.951 0.954 0.956
7.0 0.968 0.968 0.970 3 * 0.967 0.969 0.970
7.5 0.975 0.975 0.977 3 * 0.973 0.975 0.977
8.0 0.983 0.983 0.984 3 * 0.982 0.983 0.984
8.5 0.987 0.987 0.988 3 * 0.987 0.988 0.988
9.0 0.992 0.992 0.992 3 * 0.992 0.992 0.992
9.5 0.993 0.993 0.994 3 * 0.993 0.993 0.994
10.0 0.995 0.995 0.996 3 * 0.995 0.995 0.996
0.5 0.105 0.130 0.012 3 * 0.015 0.059 0.012
1.0 0.118 0.148 0.045 3 * 0.048 0.045 0.045
1.5 0.300 0.376 0.151 3 * 0.357 0.218 0.151
2.0 0.412 0.470 0.265 3 * 0.518 0.422 0.265
2.5 0.586 0.666 0.337 3 * 0.716 0.656 0.337
3.0 0.690 0.773 0.411 3 * 0.805 0.785 0.411
3.5 0.770 0.856 0.473 3 * 0.889 0.873 0.473
4.0 0.799 0.892 0.483 3 * 0.922 0.915 0.483
4.5 0.774 0.774 0.814 3 * 0.698 0.809 0.814
5.0 0.867 0.867 0.872 3 * 0.861 0.868 0.872
5.5 0.907 0.907 0.912 3 * 0.902 0.908 0.912
6.0 0.932 0.932 0.936 3 * 0.928 0.933 0.936
6.5 0.952 0.952 0.955 3 * 0.950 0.952 0.955
7.0 0.972 0.972 0.973 3 * 0.970 0.972 0.973
7.5 0.981 0.981 0.982 3 * 0.980 0.981 0.982
8.0 0.984 0.984 0.985 3 * 0.983 0.984 0.985
8.5 0.991 0.991 0.991 3 * 0.991 0.991 0.991
9.0 0.991 0.991 0.991 3 * 0.990 0.991 0.991
9.5 0.995 0.995 0.995 3 * 0.994 0.995 0.995
10.0 0.996 0.996 0.997 3 * 0.996 0.997 0.997
0.5 0.104 0.125 0.013 3 * 0.007 0.060 0.013
1.0 0.127 0.164 0.039 3 * 0.070 0.066 0.039
1.5 0.243 0.263 0.199 3 * 0.160 0.246 0.199
2.0 0.418 0.495 0.209 3 * 0.585 0.322 0.209
2.5 0.582 0.661 0.334 3 * 0.710 0.652 0.334
3.0 0.688 0.773 0.412 3 * 0.804 0.783 0.412
3.5 0.754 0.843 0.453 3 * 0.872 0.862 0.453
4.0 0.793 0.884 0.485 3 * 0.912 0.906 0.485
4.5 0.771 0.771 0.810 3 * 0.698 0.804 0.810
5.0 0.871 0.871 0.877 3 * 0.865 0.872 0.877
5.5 0.917 0.917 0.921 3 * 0.912 0.917 0.921
6.0 0.937 0.937 0.941 3 * 0.934 0.938 0.941
6.5 0.955 0.955 0.958 3 * 0.952 0.956 0.958
7.0 0.969 0.969 0.971 3 * 0.967 0.969 0.971
7.5 0.978 0.978 0.979 3 * 0.976 0.978 0.979
8.0 0.983 0.983 0.984 3 * 0.982 0.983 0.984
8.5 0.987 0.987 0.988 3 * 0.987 0.987 0.988
9.0 0.992 0.992 0.992 3 * 0.991 0.992 0.992
9.5 0.994 0.994 0.994 3 * 0.993 0.994 0.994
10.0 0.994 0.994 0.994 3 * 0.994 0.994 0.994
0.5 0.087 0.099 0.010 3 * 0.017 0.050 0.010
1.0 0.122 0.154 0.046 3 * 0.040 0.057 0.046
1.5 0.262 0.324 0.197 3 * 0.355 0.187 0.197
2.0 0.402 0.473 0.229 3 * 0.557 0.320 0.229
2.5 0.601 0.679 0.345 3 * 0.724 0.675 0.345
3.0 0.698 0.783 0.415 3 * 0.813 0.796 0.415
3.5 0.746 0.834 0.453 3 * 0.860 0.853 0.453
4.0 0.790 0.877 0.489 3 * 0.902 0.900 0.489
4.5 0.821 0.821 0.828 3 * 0.813 0.822 0.828
5.0 0.861 0.861 0.867 3 * 0.854 0.862 0.867
5.5 0.906 0.906 0.910 3 * 0.902 0.907 0.910
6.0 0.932 0.932 0.935 3 * 0.928 0.933 0.935
6.5 0.952 0.952 0.954 3 * 0.948 0.952 0.954
7.0 0.969 0.969 0.970 3 * 0.967 0.969 0.970
7.5 0.978 0.978 0.980 3 * 0.977 0.979 0.980
8.0 0.983 0.983 0.984 3 * 0.982 0.983 0.984
8.5 0.989 0.989 0.990 3 * 0.988 0.989 0.990
9.0 0.990 0.990 0.991 3 * 0.989 0.991 0.991
9.5 0.992 0.992 0.993 3 * 0.992 0.993 0.993
10.0 0.995 0.995 0.995 3 * 0.994 0.995 0.995
0.5 0.095 0.109 0.015 3 * 0.019 0.054 0.015
1.0 0.113 0.140 0.031 3 * 0.071 0.070 0.031
1.5 0.261 0.269 0.202 3 * 0.228 0.241 0.202
2.0 0.412 0.511 0.195 3 * 0.575 0.407 0.195
2.5 0.597 0.663 0.372 3 * 0.708 0.657 0.372
3.0 0.699 0.784 0.415 3 * 0.816 0.797 0.415
3.5 0.753 0.839 0.456 3 * 0.869 0.858 0.456
4.0 0.795 0.887 0.481 3 * 0.917 0.908 0.481
4.5 0.776 0.776 0.816 3 * 0.702 0.809 0.816
5.0 0.855 0.855 0.863 3 * 0.846 0.857 0.863
5.5 0.911 0.911 0.915 3 * 0.906 0.912 0.915
6.0 0.936 0.936 0.939 3 * 0.934 0.936 0.939
6.5 0.950 0.950 0.952 3 * 0.947 0.950 0.952
7.0 0.968 0.968 0.969 3 * 0.966 0.968 0.969
7.5 0.980 0.980 0.981 3 * 0.979 0.980 0.981
8.0 0.984 0.984 0.985 3 * 0.983 0.984 0.985
8.5 0.989 0.989 0.990 3 * 0.988 0.989 0.990
9.0 0.991 0.991 0.992 3 * 0.990 0.991 0.992
9.5 0.994 0.994 0.994 3 * 0.993 0.994 0.994
10.0 0.995 0.995 0.996 3 * 0.995 0.995 0.996
0.5 0.103 0.128 0.014 3 * 0.013 0.052 0.014
1.0 0.138 0.184 0.045 3 * 0.075 0.065 0.045
1.5 0.235 0.232 0.164 3 * 0.153 0.205 0.164
2.0 0.449 0.502 0.287 3 * 0.564 0.466 0.287
2.5 0.586 0.664 0.342 3 * 0.719 0.651 0.342
3.0 0.698 0.780 0.422 3 * 0.812 0.791 0.422
3.5 0.760 0.850 0.454 3 * 0.880 0.869 0.454
4.0 0.790 0.882 0.477 3 * 0.911 0.905 0.477
4.5 0.821 0.821 0.829 3 * 0.812 0.823 0.829
5.0 0.872 0.872 0.878 3 * 0.865 0.874 0.878
5.5 0.907 0.907 0.910 3 * 0.903 0.907 0.910
6.0 0.935 0.935 0.938 3 * 0.931 0.936 0.938
6.5 0.957 0.957 0.960 3 * 0.954 0.958 0.960
7.0 0.965 0.965 0.967 3 * 0.963 0.965 0.967
7.5 0.980 0.980 0.981 3 * 0.978 0.980 0.981
8.0 0.980 0.980 0.981 3 * 0.979 0.980 0.981
8.5 0.989 0.989 0.989 3 * 0.988 0.989 0.989
9.0 0.991 0.991 0.991 3 * 0.990 0.991 0.991
9.5 0.994 0.994 0.994 3 * 0.993 0.994 0.994
10.0 0.996 0.996 0.997 3 * 0.996 0.996 0.997
0.5 0.089 0.100 0.011 3 * 0.012 0.053 0.011
1.0 0.141 0.175 0.055 3 * 0.113 0.090 0.055
1.5 0.283 0.299 0.182 3 * 0.178 0.229 0.182
2.0 0.433 0.479 0.288 3 * 0.531 0.451 0.288
2.5 0.604 0.680 0.362 3 * 0.723 0.675 0.362
3.0 0.693 0.775 0.420 3 * 0.806 0.787 0.420
3.5 0.749 0.840 0.448 3 * 0.869 0.857 0.448
4.0 0.796 0.890 0.479 3 * 0.920 0.911 0.479
4.5 0.768 0.768 0.807 3 * 0.696 0.800 0.807
5.0 0.878 0.878 0.883 3 * 0.871 0.879 0.883
5.5 0.907 0.907 0.912 3 * 0.902 0.909 0.912
6.0 0.937 0.937 0.940 3 * 0.934 0.938 0.940
6.5 0.956 0.956 0.958 3 * 0.953 0.956 0.958
7.0 0.967 0.967 0.969 3 * 0.965 0.968 0.969
7.5 0.977 0.977 0.979 3 * 0.976 0.978 0.979
8.0 0.983 0.983 0.984 3 * 0.982 0.984 0.984
8.5 0.989 0.989 0.990 3 * 0.988 0.989 0.990
9.0 0.991 0.991 0.992 3 * 0.991 0.991 0.992
9.5 0.994 0.994 0.995 3 * 0.994 0.994 0.995
10.0 0.995 0.995 0.996 3 * 0.995 0.995 0.996
0.5 0.092 0.104 0.009 3 * 0.008 0.059 0.009
1.0 0.126 0.164 0.039 3 * 0.049 0.062 0.039
1.5 0.301 0.344 0.169 3 * 0.349 0.284 0.169
2.0 0.393 0.396 0.236 3 * 0.453 0.324 0.236
2.5 0.595 0.673 0.347 3 * 0.712 0.671 0.347
3.0 0.689 0.771 0.413 3 * 0.804 0.783 0.413
3.5 0.758 0.847 0.462 3 * 0.876 0.865 0.462
4.0 0.799 0.892 0.483 3 * 0.920 0.914 0.483
4.5 0.773 0.773 0.814 3 * 0.698 0.808 0.814
5.0 0.868 0.868 0.874 3 * 0.860 0.869 0.874
5.5 0.903 0.903 0.907 3 * 0.898 0.903 0.907
6.0 0.938 0.938 0.941 3 * 0.935 0.938 0.941
6.5 0.955 0.955 0.958 3 * 0.952 0.956 0.958
7.0 0.973 0.973 0.974 3 * 0.971 0.973 0.974
7.5 0.976 0.976 0.977 3 * 0.975 0.976 0.977
8.0 0.985 0.985 0.985 3 * 0.984 0.985 0.985
8.5 0.989 0.989 0.989 3 * 0.988 0.989 0.989
9.0 0.994 0.994 0.994 3 * 0.993 0.994 0.994
9.5 0.993 0.993 0.993 3 * 0.993 0.993 0.993
10.0 0.995 0.995 0.995 3 * 0.994 0.995 0.995
0.5 0.090 0.105 0.012 3 * 0.013 0.050 0.012
1.0 0.123 0.153 0.045 3 * 0.052 0.049 0.045
1.5 0.254 0.251 0.185 3 * 0.190 0.207 0.185
2.0 0.328 0.364 0.248 3 * 0.411 0.230 0.248
2.5 0.605 0.682 0.362 3 * 0.725 0.677 0.362
3.0 0.699 0.782 0.420 3 * 0.813 0.795 0.420
3.5 0.750 0.839 0.451 3 * 0.870 0.856 0.451
4.0 0.792 0.884 0.481 3 * 0.913 0.906 0.481
4.5 0.777 0.777 0.817 3 * 0.703 0.812 0.817
5.0 0.862 0.862 0.868 3 * 0.856 0.863 0.868
5.5 0.902 0.902 0.908 3 * 0.895 0.903 0.908
6.0 0.933 0.933 0.936 3 * 0.929 0.933 0.936
6.5 0.955 0.955 0.957 3 * 0.953 0.955 0.957
7.0 0.969 0.969 0.971 3 * 0.967 0.970 0.971
7.5 0.979 0.979 0.980 3 * 0.978 0.979 0.980
8.0 0.987 0.987 0.988 3 * 0.985 0.987 0.988
8.5 0.988 0.988 0.989 3 * 0.988 0.989 0.989
9.0 0.991 0.991 0.992 3 * 0.991 0.991 0.992
9.5 0.993 0.993 0.994 3 * 0.992 0.993 0.994
10.0 0.995 0.995 0.995 3 * 0.994 0.995 0.995
0.5 0.099 0.122 0.007 3 * 0.004 0.052 0.007
1.0 0.156 0.189 0.053 3 * 0.105 0.101 0.053
1.5 0.250 0.276 0.182 3 * 0.284 0.161 0.182
2.0 0.408 0.460 0.247 3 * 0.526 0.416 0.247
2.5 0.593 0.671 0.350 3 * 0.714 0.665 0.350
3.0 0.695 0.780 0.418 3 * 0.811 0.791 0.418
3.5 0.753 0.840 0.463 3 * 0.867 0.858 0.463
4.0 0.799 0.892 0.481 3 * 0.921 0.915 0.481
4.5 0.764 0.764 0.802 3 * 0.693 0.797 0.802
5.0 0.862 0.862 0.868 3 * 0.855 0.863 0.868
5.5 0.868 0.915 0.720 3 * 0.941 0.942 0.720
6.0 0.936 0.936 0.939 3 * 0.932 0.936 0.939
6.5 0.955 0.955 0.957 3 * 0.953 0.956 0.957
7.0 0.971 0.971 0.973 3 * 0.970 0.971 0.973
7.5 0.975 0.975 0.977 3 * 0.974 0.975 0.977
8.0 0.982 0.982 0.983 3 * 0.981 0.982 0.983
8.5 0.989 0.989 0.990 3 * 0.989 0.989 0.990
9.0 0.992 0.992 0.993 3 * 0.992 0.992 0.993
9.5 0.993 0.993 0.994 3 * 0.992 0.993 0.994
10.0 0.994 0.994 0.995 3 * 0.994 0.994 0.995
0.5 0.087 0.103 0.011 3 * 0.017 0.043 0.011
1.0 0.125 0.145 0.039 3 * 0.084 0.080 0.039
1.5 0.300 0.378 0.148 3 * 0.358 0.220 0.148
2.0 0.402 0.463 0.234 3 * 0.545 0.300 0.234
2.5 0.608 0.681 0.370 3 * 0.722 0.677 0.370
3.0 0.698 0.780 0.424 3 * 0.812 0.791 0.424
3.5 0.753 0.841 0.456 3 * 0.868 0.860 0.456
4.0 0.793 0.886 0.478 3 * 0.914 0.909 0.478
4.5 0.772 0.772 0.811 3 * 0.700 0.805 0.811
5.0 0.862 0.862 0.868 3 * 0.854 0.864 0.868
5.5 0.911 0.911 0.916 3 * 0.907 0.912 0.916
6.0 0.941 0.941 0.944 3 * 0.938 0.941 0.944
6.5 0.952 0.952 0.954 3 * 0.949 0.952 0.954
7.0 0.966 0.966 0.967 3 * 0.965 0.966 0.967
7.5 0.976 0.976 0.977 3 * 0.975 0.976 0.977
8.0 0.984 0.984 0.985 3 * 0.983 0.985 0.985
8.5 0.989 0.989 0.989 3 * 0.988 0.989 0.989
9.0 0.992 0.992 0.993 3 * 0.992 0.992 0.993
9.5 0.995 0.995 0.995 3 * 0.994 0.995 0.995
10.0 0.996 0.996 0.996 3 * 0.996 0.996 0.996
0.5 0.089 0.098 0.013 3 * 0.004 0.053 0.013
1.0 0.130 0.144 0.059 3 * 0.059 0.074 0.059
1.5 0.283 0.297 0.170 3 * 0.353 0.245 0.170
2.0 0.421 0.479 0.235 3 * 0.562 0.359 0.235
2.5 0.582 0.656 0.340 3 * 0.703 0.650 0.340
3.0 0.692 0.777 0.416 3 * 0.808 0.788 0.416
3.5 0.746 0.831 0.459 3 * 0.861 0.848 0.459
4.0 0.794 0.884 0.487 3 * 0.912 0.907 0.487
4.5 0.805 0.805 0.813 3 * 0.796 0.807 0.813
5.0 0.854 0.854 0.862 3 * 0.844 0.856 0.862
5.5 0.908 0.908 0.912 3 * 0.903 0.909 0.912
6.0 0.935 0.935 0.938 3 * 0.932 0.936 0.938
6.5 0.956 0.956 0.958 3 * 0.953 0.956 0.958
7.0 0.967 0.967 0.969 3 * 0.965 0.967 0.969
7.5 0.977 0.977 0.979 3 * 0.976 0.978 0.979
8.0 0.985 0.985 0.986 3 * 0.984 0.985 0.986
8.5 0.988 0.988 0.989 3 * 0.988 0.988 0.989
9.0 0.992 0.992 0.992 3 * 0.991 0.992 0.992
9.5 0.993 0.993 0.993 3 * 0.992 0.993 0.993
10.0 0.996 0.996 0.996 3 * 0.996 0.996 0.996
0.5 0.093 0.107 0.015 3 * 0.020 0.056 0.015
1.0 0.103 0.129 0.039 3 * 0.053 0.035 0.039
1.5 0.309 0.351 0.172 3 * 0.364 0.292 0.172
2.0 0.354 0.437 0.255 3 * 0.431 0.245 0.255
2.5 0.591 0.669 0.346 3 * 0.715 0.661 0.346
3.0 0.694 0.779 0.414 3 * 0.812 0.790 0.414
3.5 0.761 0.849 0.463 3 * 0.878 0.868 0.463
4.0 0.799 0.889 0.491 3 * 0.917 0.912 0.491
4.5 0.785 0.785 0.825 3 * 0.710 0.819 0.825
5.0 0.871 0.871 0.877 3 * 0.866 0.872 0.877
5.5 0.906 0.906 0.910 3 * 0.901 0.906 0.910
6.0 0.934 0.934 0.937 3 * 0.931 0.934 0.937
6.5 0.954 0.954 0.956 3 * 0.952 0.955 0.956
7.0 0.966 0.966 0.968 3 * 0.964 0.966 0.968
7.5 0.979 0.979 0.980 3 * 0.977 0.979 0.980
8.0 0.980 0.980 0.981 3 * 0.979 0.980 0.981
8.5 0.988 0.988 0.989 3 * 0.987 0.988 0.989
9.0 0.991 0.991 0.992 3 * 0.991 0.991 0.992
9.5 0.994 0.994 0.995 3 * 0.994 0.994 0.995
10.0 0.995 0.995 0.995 3 * 0.995 0.995 0.995
0.5 0.090 0.103 0.008 3 * 0.010 0.057 0.008
1.0 0.142 0.162 0.045 3 * 0.037 0.121 0.045
1.5 0.266 0.332 0.185 3 * 0.299 0.163 0.185
2.0 0.369 0.432 0.246 3 * 0.458 0.342 0.246
2.5 0.609 0.685 0.362 3 * 0.728 0.683 0.362
3.0 0.692 0.777 0.413 3 * 0.809 0.788 0.413
3.5 0.749 0.837 0.453 3 * 0.866 0.855 0.453
4.0 0.797 0.889 0.486 3 * 0.917 0.911 0.486
4.5 0.777 0.777 0.817 3 * 0.702 0.811 0.817
5.0 0.866 0.866 0.872 3 * 0.859 0.868 0.872
5.5 0.902 0.902 0.907 3 * 0.896 0.902 0.907
6.0 0.940 0.940 0.943 3 * 0.936 0.940 0.943
6.5 0.959 0.959 0.961 3 * 0.956 0.959 0.961
7.0 0.967 0.967 0.969 3 * 0.965 0.968 0.969
7.5 0.977 0.977 0.979 3 * 0.976 0.978 0.979
8.0 0.983 0.983 0.984 3 * 0.982 0.984 0.984
8.5 0.988 0.988 0.989 3 * 0.987 0.988 0.989
9.0 0.992 0.992 0.992 3 * 0.991 0.992 0.992
9.5 0.994 0.994 0.995 3 * 0.994 0.994 0.995
10.0 0.995 0.995 0.995 3 * 0.995 0.995 0.995
0.5 0.103 0.126 0.011 3 * 0.011 0.056 0.011
1.0 0.130 0.163 0.031 3 * 0.070 0.073 0.031
1.5 0.260 0.288 0.177 3 * 0.313 0.153 0.177
2.0 0.384 0.454 0.260 3 * 0.500 0.243 0.260
2.5 0.594 0.676 0.341 3 * 0.722 0.669 0.341
3.0 0.692 0.778 0.412 3 * 0.808 0.790 0.412
3.5 0.752 0.840 0.457 3 * 0.867 0.860 0.457
4.0 0.794 0.885 0.485 3 * 0.914 0.906 0.485
4.5 0.776 0.776 0.814 3 * 0.704 0.809 0.814
5.0 0.866 0.866 0.871 3 * 0.859 0.867 0.871
5.5 0.910 0.910 0.914 3 * 0.904 0.910 0.914
6.0 0.937 0.937 0.940 3 * 0.932 0.937 0.940
6.5 0.957 0.957 0.959 3 * 0.955 0.957 0.959
7.0 0.969 0.969 0.970 3 * 0.968 0.969 0.970
7.5 0.980 0.980 0.981 3 * 0.978 0.980 0.981
8.0 0.983 0.983 0.984 3 * 0.982 0.983 0.984
8.5 0.987 0.987 0.988 3 * 0.986 0.988 0.988
9.0 0.992 0.992 0.993 3 * 0.992 0.992 0.993
9.5 0.994 0.994 0.994 3 * 0.994 0.994 0.994
10.0 0.995 0.995 0.996 3 * 0.995 0.995 0.996
0.5 0.087 0.100 0.008 3 * 0.008 0.049 0.008
1.0 0.139 0.166 0.083 3 * 0.127 0.063 0.083
1.5 0.275 0.391 0.126 3 * 0.375 0.165 0.126
2.0 0.346 0.379 0.261 3 * 0.394 0.252 0.261
2.5 0.603 0.676 0.376 3 * 0.715 0.670 0.376
3.0 0.700 0.778 0.436 3 * 0.810 0.789 0.436
3.5 0.759 0.848 0.459 3 * 0.878 0.866 0.459
4.0 0.795 0.886 0.484 3 * 0.913 0.909 0.484
4.5 0.778 0.778 0.816 3 * 0.707 0.811 0.816
5.0 0.858 0.858 0.865 3 * 0.851 0.860 0.865
5.5 0.913 0.913 0.917 3 * 0.908 0.913 0.917
6.0 0.934 0.934 0.938 3 * 0.930 0.935 0.938
6.5 0.958 0.958 0.960 3 * 0.955 0.958 0.960
7.0 0.969 0.969 0.970 3 * 0.967 0.969 0.970
7.5 0.979 0.979 0.980 3 * 0.978 0.979 0.980
8.0 0.983 0.983 0.984 3 * 0.982 0.983 0.984
8.5 0.988 0.988 0.989 3 * 0.987 0.988 0.989
9.0 0.992 0.992 0.993 3 * 0.991 0.992 0.993
9.5 0.995 0.995 0.995 3 * 0.995 0.995 0.995
10.0 0.995 0.995 0.995 3 * 0.994 0.995 0.995
0.5 0.101 0.125 0.010 3 * 0.007 0.054 0.010
1.0 0.120 0.153 0.045 3 * 0.091 0.057 0.045
1.5 0.295 0.378 0.193 3 * 0.398 0.232 0.193
2.0 0.319 0.366 0.265 3 * 0.359 0.276 0.265
2.5 0.598 0.668 0.365 3 * 0.706 0.667 0.365
3.0 0.696 0.779 0.420 3 * 0.811 0.790 0.420
3.5 0.753 0.843 0.452 3 * 0.872 0.862 0.452
4.0 0.795 0.886 0.482 3 * 0.914 0.909 0.482
4.5 0.771 0.771 0.810 3 * 0.698 0.804 0.810
5.0 0.859 0.859 0.866 3 * 0.850 0.860 0.866
5.5 0.907 0.907 0.912 3 * 0.902 0.908 0.912
6.0 0.935 0.935 0.939 3 * 0.931 0.936 0.939
6.5 0.956 0.956 0.958 3 * 0.954 0.956 0.958
7.0 0.969 0.969 0.971 3 * 0.968 0.970 0.971
7.5 0.974 0.974 0.976 3 * 0.972 0.975 0.976
8.0 0.985 0.985 0.986 3 * 0.983 0.985 0.986
8.5 0.988 0.988 0.989 3 * 0.988 0.988 0.989
9.0 0.992 0.992 0.992 3 * 0.991 0.992 0.992
9.5 0.994 0.994 0.994 3 * 0.993 0.994 0.994
10.0 0.995 0.995 0.995 3 * 0.995 0.995 0.995
0.5 0.092 0.105 0.014 3 * 0.016 0.055 0.014
1.0 0.138 0.147 0.050 3 * 0.116 0.124 0.050
1.5 0.273 0.272 0.194 3 * 0.330 0.181 0.194
2.0 0.387 0.484 0.246 3 * 0.544 0.337 0.246
2.5 0.608 0.691 0.355 3 * 0.735 0.685 0.355
3.0 0.704 0.786 0.428 3 * 0.820 0.797 0.428
3.5 0.750 0.838 0.452 3 * 0.867 0.857 0.452
4.0 0.775 0.817 0.640 3 * 0.841 0.841 0.640
4.5 0.772 0.772 0.809 3 * 0.702 0.804 0.809
5.0 0.879 0.879 0.884 3 * 0.873 0.880 0.884
5.5 0.903 0.903 0.907 3 * 0.898 0.903 0.907
6.0 0.931 0.931 0.935 3 * 0.927 0.932 0.935
6.5 0.959 0.959 0.961 3 * 0.957 0.959 0.961
7.0 0.971 0.971 0.973 3 * 0.969 0.971 0.973
7.5 0.979 0.979 0.980 3 * 0.977 0.979 0.980
8.0 0.984 0.984 0.985 3 * 0.983 0.984 0.985
8.5 0.989 0.989 0.989 3 * 0.988 0.989 0.989
9.0 0.993 0.993 0.993 3 * 0.992 0.993 0.993
9.5 0.994 0.994 0.995 3 * 0.994 0.994 0.995
10.0 0.995 0.995 0.995 3 * 0.995 0.995 0.995
0.5 0.090 0.100 0.011 3 * 0.008 0.055 0.011
1.0 0.144 0.163 0.052 3 * 0.046 0.113 0.052
1.5 0.265 0.270 0.204 3 * 0.165 0.233 0.204
2.0 0.356 0.373 0.241 3 * 0.356 0.310 0.241
2.5 0.539 0.621 0.324 3 * 0.677 0.591 0.324
3.0 0.701 0.783 0.427 3 * 0.811 0.797 0.427
3.5 0.751 0.840 0.452 3 * 0.870 0.858 0.452
4.0 0.799 0.891 0.488 3 * 0.919 0.914 0.488
4.5 0.802 0.802 0.810 3 * 0.793 0.804 0.810
5.0 0.855 0.855 0.861 3 * 0.846 0.857 0.861
5.5 0.904 0.904 0.908 3 * 0.899 0.905 0.908
6.0 0.938 0.938 0.940 3 * 0.935 0.938 0.940
6.5 0.955 0.955 0.958 3 * 0.953 0.956 0.958
7.0 0.964 0.964 0.966 3 * 0.961 0.964 0.966
7.5 0.976 0.976 0.977 3 * 0.975 0.976 0.977
8.0 0.984 0.984 0.985 3 * 0.983 0.984 0.985
8.5 0.988 0.988 0.989 3 * 0.987 0.988 0.989
9.0 0.991 0.991 0.991 3 * 0.990 0.991 0.991
9.5 0.995 0.995 0.995 3 * 0.994 0.995 0.995
10.0 0.996 0.996 0.996 3 * 0.996 0.996 0.996
0.5 0.091 0.104 0.010 3 * 0.014 0.054 0.010
1.0 0.151 0.184 0.046 3 * 0.091 0.104 0.046
1.5 0.237 0.226 0.167 3 * 0.253 0.187 0.167
2.0 0.421 0.503 0.227 3 * 0.567 0.429 0.227
2.5 0.604 0.683 0.352 3 * 0.717 0.686 0.352
3.0 0.692 0.772 0.424 3 * 0.805 0.782 0.424
3.5 0.750 0.837 0.455 3 * 0.866 0.856 0.455
4.0 0.795 0.884 0.489 3 * 0.912 0.906 0.489
4.5 0.776 0.776 0.815 3 * 0.703 0.809 0.815
5.0 0.870 0.870 0.877 3 * 0.862 0.871 0.877
5.5 0.909 0.909 0.914 3 * 0.903 0.910 0.914
6.0 0.931 0.931 0.935 3 * 0.926 0.931 0.935
6.5 0.959 0.959 0.961 3 * 0.956 0.959 0.961
7.0 0.969 0.969 0.971 3 * 0.967 0.969 0.971
7.5 0.978 0.978 0.979 3 * 0.977 0.978 0.979
8.0 0.985 0.985 0.986 3 * 0.984 0.985 0.986
8.5 0.989 0.989 0.989 3 * 0.988 0.989 0.989
9.0 0.992 0.992 0.993 3 * 0.992 0.992 0.993
9.5 0.993 0.993 0.994 3 * 0.993 0.993 0.994
10.0 0.996 0.996 0.996 3 * 0.995 0.996 0.996
0.5 0.101 0.126 0.008 3 * 0.008 0.055 0.008
1.0 0.129 0.155 0.033 3 * 0.074 0.091 0.033
1.5 0.251 0.248 0.186 3 * 0.288 0.168 0.186
2.0 0.385 0.460 0.244 3 * 0.511 0.340 0.244
2.5 0.585 0.667 0.330 3 * 0.719 0.656 0.330
3.0 0.693 0.774 0.421 3 * 0.806 0.786 0.421
3.5 0.755 0.843 0.458 3 * 0.870 0.863 0.458
4.0 0.799 0.891 0.484 3 * 0.921 0.914 0.484
4.5 0.809 0.855 0.668 3 * 0.878 0.881 0.668
5.0 0.866 0.866 0.872 3 * 0.859 0.867 0.872
5.5 0.904 0.904 0.908 3 * 0.899 0.904 0.908
6.0 0.934 0.934 0.938 3 * 0.930 0.935 0.938
6.5 0.958 0.958 0.960 3 * 0.956 0.958 0.960
7.0 0.970 0.970 0.971 3 * 0.968 0.970 0.971
7.5 0.976 0.976 0.977 3 * 0.974 0.976 0.977
8.0 0.985 0.985 0.986 3 * 0.984 0.985 0.986
8.5 0.991 0.991 0.991 3 * 0.990 0.991 0.991
9.0 0.991 0.991 0.992 3 * 0.990 0.991 0.992
9.5 0.993 0.993 0.993 3 * 0.992 0.993 0.993
10.0 0.994 0.994 0.995 3 * 0.994 0.994 0.995
0.5 0.105 0.129 0.013 3 * 0.018 0.061 0.013
1.0 0.128 0.152 0.033 3 * 0.072 0.069 0.033
1.5 0.223 0.214 0.180 3 * 0.144 0.197 0.180
2.0 0.409 0.471 0.213 3 * 0.516 0.392 0.213
2.5 0.570 0.653 0.325 3 * 0.708 0.636 0.325
3.0 0.704 0.786 0.429 3 * 0.817 0.799 0.429
3.5 0.755 0.845 0.453 3 * 0.874 0.863 0.453
4.0 0.797 0.888 0.485 3 * 0.918 0.911 0.485
4.5 0.765 0.765 0.805 3 * 0.692 0.798 0.805
5.0 0.858 0.858 0.863 3 * 0.853 0.858 0.863
5.5 0.906 0.906 0.912 3 * 0.900 0.907 0.912
6.0 0.936 0.936 0.940 3 * 0.932 0.937 0.940
6.5 0.959 0.959 0.961 3 * 0.956 0.959 0.961
7.0 0.967 0.967 0.968 3 * 0.966 0.967 0.968
7.5 0.980 0.980 0.981 3 * 0.979 0.980 0.981
8.0 0.983 0.983 0.984 3 * 0.982 0.983 0.984
8.5 0.988 0.988 0.989 3 * 0.988 0.988 0.989
9.0 0.992 0.992 0.993 3 * 0.991 0.992 0.993
9.5 0.994 0.994 0.994 3 * 0.993 0.994 0.994
10.0 0.996 0.996 0.996 3 * 0.995 0.996 0.996
0.5 0.089 0.101 0.009 3 * 0.014 0.055 0.009
1.0 0.101 0.116 0.019 3 * 0.030 0.059 0.019
1.5 0.252 0.296 0.194 3 * 0.321 0.181 0.194
2.0 0.399 0.506 0.239 3 * 0.567 0.346 0.239
2.5 0.587 0.665 0.347 3 * 0.714 0.654 0.347
3.0 0.686 0.767 0.416 3 * 0.801 0.777 0.416
3.5 0.755 0.843 0.459 3 * 0.871 0.861 0.459
4.0 0.795 0.889 0.479 3 * 0.918 0.911 0.479
4.5 0.818 0.818 0.826 3 * 0.810 0.820 0.826
5.0 0.860 0.860 0.866 3 * 0.852 0.860 0.866
5.5 0.910 0.910 0.915 3 * 0.905 0.911 0.915
6.0 0.881 0.929 0.730 3 * 0.955 0.958 0.730
6.5 0.958 0.958 0.960 3 * 0.956 0.958 0.960
7.0 0.969 0.969 0.970 3 * 0.967 0.969 0.970
7.5 0.975 0.975 0.977 3 * 0.973 0.975 0.977
8.0 0.983 0.983 0.984 3 * 0.982 0.983 0.984
8.5 0.987 0.987 0.988 3 * 0.986 0.988 0.988
9.0 0.991 0.991 0.992 3 * 0.990 0.991 0.992
9.5 0.993 0.993 0.993 3 * 0.993 0.993 0.993
10.0 0.995 0.995 0.996 3 * 0.995 0.995 0.996
0.5 0.093 0.107 0.011 3 * 0.016 0.058 0.011
1.0 0.150 0.181 0.056 3 * 0.101 0.083 0.056
1.5 0.265 0.296 0.180 3 * 0.209 0.267 0.180
2.0 0.363 0.440 0.244 3 * 0.426 0.317 0.244
2.5 0.595 0.673 0.348 3 * 0.719 0.666 0.348
3.0 0.689 0.774 0.412 3 * 0.810 0.781 0.412
3.5 0.750 0.838 0.454 3 * 0.866 0.857 0.454
4.0 0.796 0.886 0.487 3 * 0.914 0.909 0.487
4.5 0.759 0.759 0.798 3 * 0.688 0.791 0.798
5.0 0.873 0.873 0.879 3 * 0.866 0.874 0.879
5.5 0.905 0.905 0.909 3 * 0.901 0.906 0.909
6.0 0.936 0.936 0.939 3 * 0.932 0.936 0.939
6.5 0.951 0.951 0.953 3 * 0.948 0.951 0.953
7.0 0.965 0.965 0.968 3 * 0.962 0.966 0.968
7.5 0.977 0.977 0.978 3 * 0.975 0.977 0.978
8.0 0.984 0.984 0.985 3 * 0.983 0.984 0.985
8.5 0.989 0.989 0.990 3 * 0.988 0.989 0.990
9.0 0.992 0.992 0.993 3 * 0.991 0.992 0.993
9.5 0.994 0.994 0.994 3 * 0.994 0.994 0.994
10.0 0.995 0.995 0.996 3 * 0.995 0.996 0.996
0.5 0.100 0.124 0.014 3 * 0.017 0.051 0.014
1.0 0.149 0.166 0.076 3 * 0.097 0.096 0.076
1.5 0.285 0.364 0.190 3 * 0.378 0.161 0.190
2.0 0.391 0.433 0.264 3 * 0.473 0.399 0.264
2.5 0.597 0.678 0.348 3 * 0.724 0.670 0.348
3.0 0.689 0.774 0.414 3 * 0.805 0.785 0.414
3.5 0.756 0.842 0.464 3 * 0.869 0.862 0.464
4.0 0.793 0.883 0.487 3 * 0.912 0.904 0.487
4.5 0.766 0.766 0.807 3 * 0.690 0.802 0.807
5.0 0.875 0.875 0.882 3 * 0.867 0.877 0.882
5.5 0.910 0.910 0.915 3 * 0.906 0.910 0.915
6.0 0.930 0.930 0.933 3 * 0.927 0.931 0.933
6.5 0.950 0.950 0.953 3 * 0.947 0.951 0.953
7.0 0.965 0.965 0.967 3 * 0.962 0.966 0.967
7.5 0.979 0.979 0.980 3 * 0.978 0.979 0.980
8.0 0.984 0.984 0.985 3 * 0.984 0.984 0.985
8.5 0.988 0.988 0.989 3 * 0.987 0.988 0.989
9.0 0.991 0.991 0.992 3 * 0.991 0.991 0.992
9.5 0.994 0.994 0.994 3 * 0.993 0.994 0.994
10.0 0.996 0.996 0.997 3 * 0.996 0.996 0.997
0.5 0.088 0.102 0.008 3 * 0.010 0.049 0.008
1.0 0.126 0.158 0.052 3 * 0.106 0.067 0.052
1.5 0.278 0.309 0.174 3 * 0.339 0.240 0.174
2.0 0.348 0.421 0.258 3 * 0.439 0.255 0.258
2.5 0.594 0.664 0.362 3 * 0.704 0.661 0.362
3.0 0.698 0.776 0.436 3 * 0.807 0.786 0.436
3.5 0.757 0.844 0.461 3 * 0.872 0.864 0.461
4.0 0.799 0.892 0.483 3 * 0.921 0.914 0.483
4.5 0.768 0.768 0.806 3 * 0.698 0.800 0.806
5.0 0.861 0.861 0.868 3 * 0.852 0.863 0.868
5.5 0.894 0.894 0.900 3 * 0.888 0.896 0.900
6.0 0.938 0.938 0.941 3 * 0.935 0.939 0.941
6.5 0.951 0.951 0.954 3 * 0.947 0.951 0.954
7.0 0.969 0.969 0.970 3 * 0.967 0.969 0.970
7.5 0.978 0.978 0.979 3 * 0.976 0.978 0.979
8.0 0.986 0.986 0.987 3 * 0.985 0.986 0.987
8.5 0.988 0.988 0.989 3 * 0.987 0.988 0.989
9.0 0.989 0.989 0.990 3 * 0.988 0.989 0.990
9.5 0.993 0.993 0.994 3 * 0.993 0.993 0.994
10.0 0.996 0.996 0.996 3 * 0.996 0.996 0.996
0.5 0.087 0.102 0.008 3 * 0.012 0.048 0.008
1.0 0.122 0.147 0.026 3 * 0.041 0.076 0.026
1.5 0.270 0.321 0.175 3 * 0.318 0.218 0.175
2.0 0.334 0.353 0.293 3 * 0.386 0.290 0.293
2.5 0.598 0.679 0.351 3 * 0.720 0.673 0.351
3.0 0.691 0.773 0.423 3 * 0.806 0.782 0.423
3.5 0.754 0.841 0.460 3 * 0.869 0.860 0.460
4.0 0.795 0.888 0.481 3 * 0.915 0.911 0.481
4.5 0.784 0.784 0.824 3 * 0.709 0.819 0.824
5.0 0.856 0.856 0.863 3 * 0.848 0.857 0.863
5.5 0.908 0.908 0.912 3 * 0.903 0.908 0.912
6.0 0.938 0.938 0.941 3 * 0.934 0.938 0.941
6.5 0.951 0.951 0.954 3 * 0.948 0.951 0.954
7.0 0.969 0.969 0.970 3 * 0.967 0.969 0.970
7.5 0.977 0.977 0.979 3 * 0.975 0.977 0.979
8.0 0.984 0.984 0.985 3 * 0.983 0.984 0.985
8.5 0.988 0.988 0.989 3 * 0.987 0.988 0.989
9.0 0.991 0.991 0.992 3 * 0.990 0.991 0.992
9.5 0.993 0.993 0.994 3 * 0.993 0.993 0.994
10.0 0.996 0.996 0.996 3 * 0.995 0.996 0.996
0.5 0.102 0.126 0.009 3 * 0.005 0.058 0.009
1.0 0.149 0.188 0.051 3 * 0.102 0.085 0.051
1.5 0.271 0.307 0.210 3 * 0.250 0.196 0.210
2.0 0.407 0.476 0.234 3 * 0.527 0.410 0.234
2.5 0.608 0.685 0.367 3 * 0.727 0.680 0.367
3.0 0.691 0.773 0.415 3 * 0.807 0.783 0.415
3.5 0.751 0.836 0.464 3 * 0.866 0.852 0.464
4.0 0.760 0.804 0.622 3 * 0.826 0.828 0.622
4.5 0.816 0.816 0.823 3 * 0.808 0.817 0.823
5.0 0.866 0.866 0.871 3 * 0.860 0.867 0.871
5.5 0.909 0.909 0.913 3 * 0.905 0.910 0.913
6.0 0.941 0.941 0.945 3 * 0.937 0.941 0.945
6.5 0.958 0.958 0.960 3 * 0.956 0.959 0.960
7.0 0.967 0.967 0.969 3 * 0.966 0.968 0.969
7.5 0.979 0.979 0.980 3 * 0.978 0.979 0.980
8.0 0.985 0.985 0.986 3 * 0.984 0.985 0.986
8.5 0.988 0.988 0.989 3 * 0.987 0.988 0.989
9.0 0.994 0.994 0.994 3 * 0.993 0.994 0.994
9.5 0.994 0.994 0.994 3 * 0.993 0.994 0.994
10.0 0.995 0.995 0.995 3 * 0.995 0.995 0.995
0.5 0.101 0.123 0.010 3 * 0.007 0.055 0.010
1.0 0.131 0.155 0.038 3 * 0.043 0.092 0.038
1.5 0.273 0.309 0.178 3 * 0.294 0.234 0.178
2.0 0.354 0.345 0.286 3 * 0.415 0.276 0.286
2.5 0.614 0.692 0.362 3 * 0.738 0.687 0.362
3.0 0.695 0.778 0.421 3 * 0.808 0.789 0.421
3.5 0.759 0.848 0.459 3 * 0.877 0.867 0.459
4.0 0.799 0.893 0.481 3 * 0.923 0.915 0.481
4.5 0.813 0.813 0.820 3 * 0.804 0.815 0.820
5.0 0.869 0.869 0.876 3 * 0.861 0.870 0.876
5.5 0.909 0.909 0.913 3 * 0.903 0.910 0.913
6.0 0.929 0.929 0.933 3 * 0.924 0.930 0.933
6.5 0.957 0.957 0.959 3 * 0.954 0.957 0.959
7.0 0.965 0.965 0.967 3 * 0.963 0.965 0.967
7.5 0.978 0.978 0.979 3 * 0.976 0.978 0.979
8.0 0.983 0.983 0.984 3 * 0.982 0.983 0.984
8.5 0.988 0.988 0.989 3 * 0.988 0.988 0.989
9.0 0.991 0.991 0.991 3 * 0.990 0.991 0.991
9.5 0.995 0.995 0.995 3 * 0.994 0.995 0.995
10.0 0.996 0.996 0.996 3 * 0.995 0.996 0.996
0.5 0.092 0.104 0.010 3 * 0.011 0.057 0.010
1.0 0.135 0.169 0.049 3 * 0.055 0.079 0.049
1.5 0.279 0.367 0.172 3 * 0.340 0.167 0.172
2.0 0.382 0.402 0.270 3 * 0.474 0.350 0.270
2.5 0.603 0.683 0.353 3 * 0.724 0.679 0.353
3.0 0.698 0.779 0.425 3 * 0.813 0.789 0.425
3.5 0.766 0.856 0.461 3 * 0.886 0.875 0.461
4.0 0.799 0.892 0.480 3 * 0.922 0.914 0.480
4.5 0.815 0.860 0.674 3 * 0.885 0.886 0.674
5.0 0.854 0.854 0.862 3 * 0.846 0.855 0.862
5.5 0.898 0.898 0.903 3 * 0.891 0.899 0.903
6.0 0.939 0.939 0.942 3 * 0.935 0.939 0.942
6.5 0.950 0.950 0.952 3 * 0.948 0.949 0.952
7.0 0.971 0.971 0.972 3 * 0.969 0.971 0.972
7.5 0.974 0.974 0.975 3 * 0.972 0.974 0.975
8.0 0.985 0.985 0.986 3 * 0.983 0.985 0.986
8.5 0.988 0.988 0.989 3 * 0.987 0.988 0.989
9.0 0.992 0.992 0.992 3 * 0.991 0.992 0.992
9.5 0.994 0.994 0.994 3 * 0.993 0.994 0.994
10.0 0.994 0.994 0.995 3 * 0.993 0.994 0.995
0.5 0.089 0.100 0.009 3 * 0.008 0.053 0.009
1.0 0.120 0.136 0.034 3 * 0.065 0.090 0.034
1.5 0.239 0.255 0.185 3 * 0.261 0.170 0.185
2.0 0.372 0.428 0.286 3 * 0.461 0.342 0.286
2.5 0.589 0.664 0.347 3 * 0.705 0.661 0.347
3.0 0.684 0.767 0.415 3 * 0.799 0.776 0.415
3.5 0.751 0.837 0.462 3 * 0.863 0.856 0.462
4.0 0.791 0.883 0.479 3 * 0.911 0.905 0.479
4.5 0.773 0.773 0.813 3 * 0.698 0.807 0.813
5.0 0.852 0.852 0.860 3 * 0.842 0.854 0.860
5.5 0.900 0.900 0.905 3 * 0.894 0.901 0.905
6.0 0.936 0.936 0.939 3 * 0.933 0.936 0.939
6.5 0.957 0.957 0.959 3 * 0.955 0.957 0.959
7.0 0.970 0.970 0.972 3 * 0.969 0.970 0.972
7.5 0.978 0.978 0.979 3 * 0.977 0.978 0.979
8.0 0.986 0.986 0.987 3 * 0.985 0.986 0.987
8.5 0.989 0.989 0.990 3 * 0.989 0.990 0.990
9.0 0.992 0.992 0.992 3 * 0.992 0.992 0.992
9.5 0.995 0.995 0.995 3 * 0.995 0.995 0.995
10.0 0.996 0.996 0.996 3 * 0.995 0.995 0.996
0.5 0.105 0.129 0.013 3 * 0.012 0.057 0.013
1.0 0.147 0.163 0.053 3 * 0.076 0.131 0.053
1.5 0.256 0.319 0.180 3 * 0.279 0.168 0.180
2.0 0.381 0.430 0.264 3 * 0.390 0.368 0.264
2.5 0.606 0.687 0.353 3 * 0.731 0.682 0.353
3.0 0.698 0.782 0.420 3 * 0.814 0.793 0.420
3.5 0.756 0.846 0.455 3 * 0.874 0.865 0.455
4.0 0.799 0.891 0.487 3 * 0.920 0.913 0.487
4.5 0.770 0.770 0.808 3 * 0.698 0.804 0.808
5.0 0.861 0.861 0.867 3 * 0.854 0.863 0.867
5.5 0.914 0.914 0.918 3 * 0.911 0.915 0.918
6.0 0.938 0.938 0.941 3 * 0.934 0.938 0.941
6.5 0.957 0.957 0.959 3 * 0.955 0.957 0.959
7.0 0.969 0.969 0.970 3 * 0.968 0.969 0.970
7.5 0.977 0.977 0.978 3 * 0.976 0.977 0.978
8.0 0.987 0.987 0.988 3 * 0.986 0.987 0.988
8.5 0.990 0.990 0.990 3 * 0.989 0.990 0.990
9.0 0.992 0.992 0.993 3 * 0.992 0.993 0.993
9.5 0.994 0.994 0.994 3 * 0.993 0.994 0.994
10.0 0.996 0.996 0.996 3 * 0.995 0.996 0.996
0.5 0.101 0.127 0.010 3 * 0.014 0.054 0.010
1.0 0.110 0.124 0.031 3 * 0.058 0.071 0.031
1.5 0.285 0.345 0.174 3 * 0.350 0.234 0.174
2.0 0.386 0.490 0.229 3 * 0.545 0.345 0.229
2.5 0.600 0.678 0.355 3 * 0.720 0.674 0.355
3.0 0.700 0.784 0.424 3 * 0.815 0.796 0.424
3.5 0.752 0.842 0.451 3 * 0.872 0.860 0.451
4.0 0.724 0.724 0.759 3 * 0.661 0.753 0.759
4.5 0.806 0.806 0.814 3 * 0.796 0.807 0.814
5.0 0.861 0.861 0.868 3 * 0.853 0.862 0.868
5.5 0.910 0.910 0.914 3 * 0.906 0.910 0.914
6.0 0.936 0.936 0.940 3 * 0.932 0.937 0.940
6.5 0.961 0.961 0.963 3 * 0.960 0.961 0.963
7.0 0.966 0.966 0.968 3 * 0.964 0.967 0.968
7.5 0.976 0.976 0.978 3 * 0.975 0.977 0.978
8.0 0.984 0.984 0.985 3 * 0.982 0.984 0.985
8.5 0.988 0.988 0.989 3 * 0.988 0.988 0.989
9.0 0.991 0.991 0.992 3 * 0.991 0.991 0.992
9.5 0.993 0.993 0.993 3 * 0.992 0.993 0.993
10.0 0.996 0.996 0.996 3 * 0.996 0.996 0.996
0.5 0.103 0.128 0.008 3 * 0.009 0.056 0.008
1.0 0.128 0.156 0.034 3 * 0.041 0.072 0.034
1.5 0.291 0.354 0.167 3 * 0.329 0.228 0.167
2.0 0.314 0.347 0.241 3 * 0.382 0.227 0.241
2.5 0.605 0.685 0.354 3 * 0.727 0.682 0.354
3.0 0.691 0.776 0.410 3 * 0.808 0.786 0.410
3.5 0.764 0.851 0.465 3 * 0.879 0.872 0.465
4.0 0.755 0.798 0.616 3 * 0.818 0.824 0.616
4.5 0.776 0.776 0.817 3 * 0.701 0.812 0.817
5.0 0.865 0.865 0.870 3 * 0.859 0.865 0.870
5.5 0.905 0.905 0.910 3 * 0.900 0.906 0.910
6.0 0.937 0.937 0.940 3 * 0.934 0.937 0.940
6.5 0.957 0.957 0.959 3 * 0.955 0.957 0.959
7.0 0.967 0.967 0.969 3 * 0.965 0.967 0.969
7.5 0.979 0.979 0.981 3 * 0.978 0.980 0.981
8.0 0.983 0.983 0.983 3 * 0.982 0.982 0.983
8.5 0.989 0.989 0.990 3 * 0.988 0.989 0.990
9.0 0.992 0.992 0.992 3 * 0.991 0.992 0.992
9.5 0.993 0.993 0.994 3 * 0.993 0.993 0.994
10.0 0.995 0.995 0.995 3 * 0.994 0.995 0.995
