0.5 0.000 0.000 0.000 1 * 1
1.0 0.000 0.000 0.000 1 * 1
1.5 0.549 0.396 0.319 1 * 3
2.0 0.724 0.542 0.452 1 * 3
2.5 0.612 0.564 0.467 2 * 3 5
3.0 0.743 0.701 0.615 2 * 3 5
3.5 0.726 0.663 0.498 2 * 3 6
4.0 0.723 0.631 0.708 1 * 6
4.5 0.772 0.637 0.772 1 * 7
5.0 0.767 0.716 0.615 2 * 3 7
5.5 0.894 0.894 0.889 3 * 3 5 7
6.0 0.924 0.924 0.920 3 * 3 5 7
6.5 0.951 0.951 0.949 3 * 3 5 7
7.0 0.965 0.965 0.964 3 * 3 5 7
7.5 0.975 0.975 0.974 3 * 3 5 7
8.0 0.982 0.982 0.981 3 * 3 5 7
8.5 0.986 0.986 0.986 3 * 3 5 7
9.0 0.991 0.991 0.991 3 * 3 5 7
9.5 0.992 0.992 0.992 3 * 3 5 7
10.0 0.995 0.995 0.995 3 * 3 5 7
0.5 0.000 0.000 0.000 1 * 1
1.0 0.000 0.000 0.000 1 * 1
1.5 0.567 0.408 0.329 1 * 3
2.0 0.713 0.536 0.447 1 * 3
2.5 0.546 0.525 0.488 1 * 4
3.0 0.750 0.708 0.624 2 * 3 5
3.5 0.837 0.797 0.717 2 * 3 5
4.0 0.746 0.865 0.331 3 * 3 5 7
4.5 0.752 0.617 0.752 1 * 7
5.0 0.847 0.746 0.845 2 * 5 7
5.5 0.900 0.900 0.893 3 * 3 5 7
6.0 0.925 0.925 0.921 3 * 3 5 7
6.5 0.955 0.955 0.952 3 * 3 5 7
7.0 0.962 0.962 0.960 3 * 3 5 7
7.5 0.974 0.974 0.973 3 * 3 5 7
8.0 0.982 0.982 0.981 3 * 3 5 7
8.5 0.985 0.985 0.984 3 * 3 5 7
9.0 0.990 0.990 0.989 3 * 3 5 7
9.5 0.994 0.994 0.994 3 * 3 5 7
10.0 0.994 0.994 0.994 3 * 3 5 7
0.5 0.000 0.000 0.000 1 * 1
1.0 0.000 0.000 0.000 1 * 1
1.5 0.544 0.387 0.308 1 * 3
2.0 0.729 0.550 0.461 1 * 3
2.5 0.608 0.558 0.460 2 * 3 5
3.0 0.752 0.709 0.622 2 * 3 5
3.5 0.830 0.789 0.709 2 * 3 5
4.0 0.747 0.863 0.340 3 * 3 5 7
4.5 0.764 0.629 0.764 1 * 7
5.0 0.830 0.731 0.828 2 * 5 7
5.5 0.885 0.885 0.879 3 * 3 5 7
6.0 0.923 0.923 0.919 3 * 3 5 7
6.5 0.948 0.948 0.945 3 * 3 5 7
7.0 0.961 0.961 0.958 3 * 3 5 7
7.5 0.970 0.970 0.968 3 * 3 5 7
8.0 0.981 0.981 0.980 3 * 3 5 7
8.5 0.988 0.988 0.987 3 * 3 5 7
9.0 0.992 0.992 0.992 3 * 3 5 7
9.5 0.992 0.992 0.992 3 * 3 5 7
10.0 0.996 0.996 0.996 3 * 3 5 7
0.5 0.006 0.006 0.006 1 * 2
1.0 0.000 0.000 0.000 1 * 1
1.5 0.558 0.403 0.325 1 * 3
2.0 0.733 0.549 0.457 1 * 3
2.5 0.556 0.548 0.556 1 * 4
3.0 0.745 0.703 0.618 2 * 3 5
3.5 0.833 0.793 0.713 2 * 3 5
4.0 0.781 0.713 0.558 2 * 3 6
4.5 0.757 0.623 0.757 1 * 7
5.0 0.834 0.735 0.831 2 * 5 7
5.5 0.895 0.895 0.889 3 * 3 5 7
6.0 0.917 0.917 0.914 3 * 3 5 7
6.5 0.950 0.950 0.948 3 * 3 5 7
7.0 0.965 0.965 0.963 3 * 3 5 7
7.5 0.976 0.976 0.975 3 * 3 5 7
8.0 0.982 0.982 0.981 3 * 3 5 7
8.5 0.985 0.985 0.984 3 * 3 5 7
9.0 0.989 0.989 0.988 3 * 3 5 7
9.5 0.992 0.992 0.992 3 * 3 5 7
10.0 0.995 0.995 0.995 3 * 3 5 7
0.5 0.000 0.000 0.000 1 * 1
1.0 0.000 0.000 0.000 1 * 1
1.5 0.532 0.378 0.301 1 * 3
2.0 0.722 0.541 0.447 1 * 3
2.5 0.552 0.543 0.526 1 * 4
3.0 0.754 0.713 0.630 2 * 3 5
3.5 0.831 0.791 0.710 2 * 3 5
4.0 0.743 0.859 0.335 3 * 3 5 7
4.5 0.747 0.613 0.747 1 * 7
5.0 0.827 0.729 0.824 2 * 5 7
5.5 0.876 0.774 0.874 2 * 5 7
6.0 0.920 0.920 0.915 3 * 3 5 7
6.5 0.952 0.952 0.950 3 * 3 5 7
7.0 0.964 0.964 0.962 3 * 3 5 7
7.5 0.972 0.972 0.971 3 * 3 5 7
8.0 0.979 0.979 0.978 3 * 3 5 7
8.5 0.988 0.988 0.988 3 * 3 5 7
9.0 0.989 0.989 0.989 3 * 3 5 7
9.5 0.991 0.991 0.990 3 * 3 5 7
10.0 0.994 0.994 0.994 3 * 3 5 7
0.5 0.000 0.000 0.000 1 * 1
1.0 0.000 0.000 0.000 1 * 1
1.5 0.538 0.385 0.307 1 * 3
2.0 0.722 0.544 0.455 1 * 3
2.5 0.606 0.555 0.453 2 * 3 5
3.0 0.748 0.705 0.619 2 * 3 5
3.5 0.718 0.655 0.488 2 * 3 6
4.0 0.679 0.826 0.354 3 * 3 6 8
4.5 0.734 0.684 0.583 2 * 3 7
5.0 0.831 0.732 0.828 2 * 5 7
5.5 0.893 0.893 0.887 3 * 3 5 7
6.0 0.920 0.920 0.915 3 * 3 5 7
6.5 0.948 0.948 0.946 3 * 3 5 7
7.0 0.962 0.962 0.960 3 * 3 5 7
7.5 0.974 0.974 0.973 3 * 3 5 7
8.0 0.980 0.980 0.979 3 * 3 5 7
8.5 0.986 0.986 0.985 3 * 3 5 7
9.0 0.989 0.989 0.989 3 * 3 5 7
9.5 0.994 0.994 0.994 3 * 3 5 7
10.0 0.993 0.993 0.993 3 * 3 5 7
0.5 0.000 0.000 0.000 1 * 1
1.0 0.118 0.118 0.118 1 * 2
1.5 0.549 0.394 0.317 1 * 3
2.0 0.722 0.544 0.455 1 * 3
2.5 0.560 0.560 0.560 1 * 4
3.0 0.755 0.712 0.626 2 * 3 5
3.5 0.719 0.656 0.494 2 * 3 6
4.0 0.784 0.716 0.563 2 * 3 6
4.5 0.767 0.632 0.767 1 * 7
5.0 0.816 0.678 0.816 1 * 7
5.5 0.885 0.885 0.878 3 * 3 5 7
6.0 0.922 0.922 0.918 3 * 3 5 7
6.5 0.945 0.945 0.942 3 * 3 5 7
7.0 0.961 0.961 0.959 3 * 3 5 7
7.5 0.974 0.974 0.972 3 * 3 5 7
8.0 0.981 0.981 0.981 3 * 3 5 7
8.5 0.989 0.989 0.989 3 * 3 5 7
9.0 0.991 0.991 0.990 3 * 3 5 7
9.5 0.991 0.991 0.991 3 * 3 5 7
10.0 0.995 0.995 0.995 3 * 3 5 7
0.5 0.000 0.000 0.000 1 * 1
1.0 0.000 0.000 0.000 1 * 1
1.5 0.556 0.399 0.321 1 * 3
2.0 0.450 0.387 0.335 1 * 4
2.5 0.633 0.586 0.492 2 * 3 5
3.0 0.752 0.710 0.625 2 * 3 5
3.5 0.735 0.670 0.512 2 * 3 6
4.0 0.747 0.861 0.345 3 * 3 5 7
4.5 0.751 0.616 0.751 1 * 7
5.0 0.830 0.731 0.828 2 * 5 7
5.5 0.896 0.896 0.889 3 * 3 5 7
6.0 0.921 0.921 0.917 3 * 3 5 7
6.5 0.871 0.927 0.683 3 * 3 5 7
7.0 0.964 0.964 0.962 3 * 3 5 7
7.5 0.973 0.973 0.972 3 * 3 5 7
8.0 0.985 0.985 0.984 3 * 3 5 7
8.5 0.985 0.985 0.985 3 * 3 5 7
9.0 0.988 0.988 0.988 3 * 3 5 7
9.5 0.992 0.992 0.992 3 * 3 5 7
10.0 0.995 0.995 0.995 3 * 3 5 7
0.5 0.000 0.000 0.000 1 * 1
1.0 0.155 0.155 0.155 1 * 2
1.5 0.560 0.401 0.321 1 * 3
2.0 0.728 0.546 0.455 1 * 3
2.5 0.608 0.560 0.463 2 * 3 5
3.0 0.736 0.694 0.609 2 * 3 5
3.5 0.832 0.792 0.711 2 * 3 5
4.0 0.773 0.707 0.547 2 * 3 6
4.5 0.761 0.626 0.761 1 * 7
5.0 0.831 0.731 0.828 2 * 5 7
5.5 0.890 0.890 0.884 3 * 3 5 7
6.0 0.925 0.925 0.920 3 * 3 5 7
6.5 0.950 0.950 0.948 3 * 3 5 7
7.0 0.966 0.966 0.964 3 * 3 5 7
7.5 0.975 0.975 0.973 3 * 3 5 7
8.0 0.981 0.981 0.980 3 * 3 5 7
8.5 0.991 0.991 0.990 3 * 3 5 7
9.0 0.990 0.990 0.990 3 * 3 5 7
9.5 0.993 0.993 0.993 3 * 3 5 7
10.0 0.993 0.993 0.993 3 * 3 5 7
0.5 0.000 0.000 0.000 1 * 1
1.0 0.000 0.000 0.000 1 * 1
1.5 0.554 0.399 0.322 1 * 3
2.0 0.715 0.535 0.444 1 * 3
2.5 0.531 0.450 0.458 1 * 5
3.0 0.757 0.715 0.630 2 * 3 5
3.5 0.833 0.792 0.712 2 * 3 5
4.0 0.739 0.857 0.327 3 * 3 5 7
4.5 0.774 0.638 0.774 1 * 7
5.0 0.845 0.845 0.835 3 * 3 5 7
5.5 0.894 0.894 0.888 3 * 3 5 7
6.0 0.926 0.926 0.922 3 * 3 5 7
6.5 0.951 0.951 0.948 3 * 3 5 7
7.0 0.960 0.960 0.958 3 * 3 5 7
7.5 0.976 0.976 0.975 3 * 3 5 7
8.0 0.982 0.982 0.981 3 * 3 5 7
8.5 0.987 0.987 0.987 3 * 3 5 7
9.0 0.990 0.990 0.989 3 * 3 5 7
9.5 0.992 0.992 0.992 3 * 3 5 7
10.0 0.996 0.996 0.996 3 * 3 5 7
0.5 0.000 0.000 0.000 1 * 1
1.0 0.000 0.000 0.000 1 * 1
1.5 0.536 0.383 0.307 1 * 3
2.0 0.716 0.541 0.454 1 * 3
2.5 0.554 0.470 0.482 1 * 5
3.0 0.745 0.700 0.611 2 * 3 5
3.5 0.839 0.799 0.720 2 * 3 5
4.0 0.743 0.859 0.336 3 * 3 5 7
4.5 0.754 0.621 0.754 1 * 7
5.0 0.835 0.735 0.833 2 * 5 7
5.5 0.894 0.894 0.888 3 * 3 5 7
6.0 0.928 0.928 0.923 3 * 3 5 7
6.5 0.952 0.952 0.949 3 * 3 5 7
7.0 0.967 0.967 0.964 3 * 3 5 7
7.5 0.970 0.970 0.969 3 * 3 5 7
8.0 0.981 0.981 0.980 3 * 3 5 7
8.5 0.988 0.988 0.987 3 * 3 5 7
9.0 0.990 0.990 0.990 3 * 3 5 7
9.5 0.992 0.992 0.992 3 * 3 5 7
10.0 0.995 0.995 0.995 3 * 3 5 7
0.5 0.000 0.000 0.000 1 * 1
1.0 0.000 0.000 0.000 1 * 1
1.5 0.533 0.383 0.307 1 * 3
2.0 0.732 0.552 0.462 1 * 3
2.5 0.630 0.582 0.486 2 * 3 5
3.0 0.753 0.711 0.628 2 * 3 5
3.5 0.832 0.792 0.712 2 * 3 5
4.0 0.748 0.868 0.332 3 * 3 5 7
4.5 0.766 0.630 0.766 1 * 7
5.0 0.837 0.737 0.835 2 * 5 7
5.5 0.893 0.893 0.887 3 * 3 5 7
6.0 0.926 0.926 0.922 3 * 3 5 7
6.5 0.950 0.950 0.947 3 * 3 5 7
7.0 0.964 0.964 0.962 3 * 3 5 7
7.5 0.976 0.976 0.975 3 * 3 5 7
8.0 0.980 0.980 0.979 3 * 3 5 7
8.5 0.984 0.984 0.983 3 * 3 5 7
9.0 0.991 0.991 0.990 3 * 3 5 7
9.5 0.992 0.992 0.992 3 * 3 5 7
10.0 0.995 0.995 0.995 3 * 3 5 7
0.5 0.000 0.000 0.000 1 * 1
1.0 0.085 0.085 0.085 1 * 2
1.5 0.551 0.396 0.318 1 * 3
2.0 0.717 0.536 0.445 1 * 3
2.5 0.633 0.585 0.488 2 * 3 5
3.0 0.748 0.707 0.623 2 * 3 5
3.5 0.831 0.791 0.712 2 * 3 5
4.0 0.772 0.706 0.539 2 * 3 6
4.5 0.764 0.629 0.764 1 * 7
5.0 0.838 0.739 0.836 2 * 5 7
5.5 0.901 0.901 0.895 3 * 3 5 7
6.0 0.922 0.922 0.918 3 * 3 5 7
6.5 0.943 0.943 0.940 3 * 3 5 7
7.0 0.957 0.957 0.955 3 * 3 5 7
7.5 0.977 0.977 0.975 3 * 3 5 7
8.0 0.982 0.982 0.981 3 * 3 5 7
8.5 0.987 0.987 0.986 3 * 3 5 7
9.0 0.989 0.989 0.989 3 * 3 5 7
9.5 0.992 0.992 0.992 3 * 3 5 7
10.0 0.995 0.995 0.995 3 * 3 5 7
0.5 0.000 0.000 0.000 1 * 1
1.0 0.001 0.001 0.000 1 * 2
1.5 0.542 0.388 0.311 1 * 3
2.0 0.715 0.537 0.448 1 * 3
2.5 0.532 0.512 0.481 1 * 4
3.0 0.751 0.709 0.624 2 * 3 5
3.5 0.832 0.792 0.712 2 * 3 5
4.0 0.743 0.862 0.329 3 * 3 5 7
4.5 0.748 0.615 0.748 1 * 7
5.0 0.831 0.733 0.829 2 * 5 7
5.5 0.879 0.776 0.877 2 * 5 7
6.0 0.927 0.927 0.923 3 * 3 5 7
6.5 0.951 0.951 0.948 3 * 3 5 7
7.0 0.966 0.966 0.965 3 * 3 5 7
7.5 0.975 0.975 0.974 3 * 3 5 7
8.0 0.979 0.979 0.978 3 * 3 5 7
8.5 0.986 0.986 0.986 3 * 3 5 7
9.0 0.993 0.993 0.992 3 * 3 5 7
9.5 0.992 0.992 0.992 3 * 3 5 7
10.0 0.994 0.994 0.994 3 * 3 5 7
0.5 0.000 0.000 0.000 1 * 1
1.0 0.076 0.076 0.076 1 * 2
1.5 0.544 0.391 0.314 1 * 3
2.0 0.706 0.531 0.443 1 * 3
2.5 0.640 0.593 0.500 2 * 3 5
3.0 0.752 0.709 0.622 2 * 3 5
3.5 0.725 0.663 0.497 2 * 3 6
4.0 0.726 0.640 0.717 1 * 6
4.5 0.750 0.618 0.750 1 * 7
5.0 0.839 0.739 0.837 2 * 5 7
5.5 0.888 0.888 0.882 3 * 3 5 7
6.0 0.923 0.923 0.919 3 * 3 5 7
6.5 0.944 0.944 0.941 3 * 3 5 7
7.0 0.966 0.966 0.964 3 * 3 5 7
7.5 0.973 0.973 0.971 3 * 3 5 7
8.0 0.979 0.979 0.978 3 * 3 5 7
8.5 0.987 0.987 0.986 3 * 3 5 7
9.0 0.991 0.991 0.990 3 * 3 5 7
9.5 0.991 0.991 0.991 3 * 3 5 7
10.0 0.995 0.995 0.995 3 * 3 5 7
0.5 0.000 0.000 0.000 1 * 1
1.0 0.000 0.000 0.000 1 * 1
1.5 0.539 0.387 0.312 1 * 3
2.0 0.726 0.546 0.455 1 * 3
2.5 0.553 0.548 0.538 1 * 4
3.0 0.764 0.722 0.639 2 * 3 5
3.5 0.824 0.784 0.704 2 * 3 5
4.0 0.671 0.543 0.671 1 * 7
4.5 0.701 0.854 0.369 3 * 3 6 8
5.0 0.841 0.742 0.839 2 * 5 7
5.5 0.881 0.778 0.880 2 * 5 7
6.0 0.924 0.924 0.920 3 * 3 5 7
6.5 0.949 0.949 0.946 3 * 3 5 7
7.0 0.959 0.959 0.957 3 * 3 5 7
7.5 0.974 0.974 0.972 3 * 3 5 7
8.0 0.981 0.981 0.980 3 * 3 5 7
8.5 0.986 0.986 0.985 3 * 3 5 7
9.0 0.990 0.990 0.990 3 * 3 5 7
9.5 0.993 0.993 0.992 3 * 3 5 7
10.0 0.994 0.994 0.994 3 * 3 5 7
0.5 0.000 0.000 0.000 1 * 1
1.0 0.000 0.000 0.000 1 * 1
1.5 0.547 0.394 0.317 1 * 3
2.0 0.721 0.540 0.448 1 * 3
2.5 0.617 0.569 0.473 2 * 3 5
3.0 0.744 0.701 0.613 2 * 3 5
3.5 0.829 0.788 0.707 2 * 3 5
4.0 0.746 0.865 0.331 3 * 3 5 7
4.5 0.746 0.612 0.746 1 * 7
5.0 0.834 0.735 0.831 2 * 5 7
5.5 0.899 0.899 0.892 3 * 3 5 7
6.0 0.921 0.921 0.917 3 * 3 5 7
6.5 0.951 0.951 0.948 3 * 3 5 7
7.0 0.967 0.967 0.965 3 * 3 5 7
7.5 0.976 0.976 0.975 3 * 3 5 7
8.0 0.983 0.983 0.982 3 * 3 5 7
8.5 0.988 0.988 0.987 3 * 3 5 7
9.0 0.989 0.989 0.988 3 * 3 5 7
9.5 0.991 0.991 0.991 3 * 3 5 7
10.0 0.994 0.994 0.994 3 * 3 5 7
0.5 0.000 0.000 0.000 1 * 1
1.0 0.000 0.000 0.000 1 * 1
1.5 0.554 0.400 0.323 1 * 3
2.0 0.721 0.541 0.450 1 * 3
2.5 0.606 0.559 0.465 2 * 3 5
3.0 0.760 0.717 0.632 2 * 3 5
3.5 0.729 0.666 0.501 2 * 3 6
4.0 0.745 0.861 0.338 3 * 3 5 7
4.5 0.715 0.866 0.382 3 * 3 6 8
5.0 0.844 0.744 0.842 2 * 5 7
5.5 0.904 0.904 0.898 3 * 3 5 7
6.0 0.926 0.926 0.921 3 * 3 5 7
6.5 0.948 0.948 0.945 3 * 3 5 7
7.0 0.967 0.967 0.965 3 * 3 5 7
7.5 0.974 0.974 0.973 3 * 3 5 7
8.0 0.983 0.983 0.983 3 * 3 5 7
8.5 0.986 0.986 0.985 3 * 3 5 7
9.0 0.992 0.992 0.991 3 * 3 5 7
9.5 0.994 0.994 0.994 3 * 3 5 7
10.0 0.995 0.995 0.995 3 * 3 5 7
0.5 0.000 0.000 0.000 1 * 1
1.0 0.122 0.079 0.058 1 * 2
1.5 0.547 0.394 0.316 1 * 3
2.0 0.727 0.548 0.458 1 * 3
2.5 0.574 0.561 0.574 1 * 4
3.0 0.760 0.718 0.634 2 * 3 5
3.5 0.832 0.792 0.712 2 * 3 5
4.0 0.735 0.851 0.324 3 * 3 5 7
4.5 0.749 0.614 0.749 1 * 7
5.0 0.767 0.716 0.616 2 * 3 7
5.5 0.891 0.891 0.884 3 * 3 5 7
6.0 0.928 0.928 0.924 3 * 3 5 7
6.5 0.949 0.949 0.946 3 * 3 5 7
7.0 0.964 0.964 0.962 3 * 3 5 7
7.5 0.977 0.977 0.975 3 * 3 5 7
8.0 0.980 0.980 0.979 3 * 3 5 7
8.5 0.987 0.987 0.987 3 * 3 5 7
9.0 0.991 0.991 0.991 3 * 3 5 7
9.5 0.991 0.991 0.991 3 * 3 5 7
10.0 0.994 0.994 0.994 3 * 3 5 7
0.5 0.000 0.000 0.000 1 * 1
1.0 0.145 0.145 0.145 1 * 2
1.5 0.543 0.390 0.314 1 * 3
2.0 0.722 0.542 0.452 1 * 3
2.5 0.551 0.550 0.550 1 * 4
3.0 0.748 0.704 0.616 2 * 3 5
3.5 0.713 0.649 0.481 2 * 3 6
4.0 0.775 0.708 0.546 2 * 3 6
4.5 0.754 0.620 0.754 1 * 7
5.0 0.832 0.734 0.830 2 * 5 7
5.5 0.897 0.897 0.890 3 * 3 5 7
6.0 0.921 0.921 0.917 3 * 3 5 7
6.5 0.945 0.945 0.942 3 * 3 5 7
7.0 0.961 0.961 0.960 3 * 3 5 7
7.5 0.972 0.972 0.971 3 * 3 5 7
8.0 0.982 0.982 0.981 3 * 3 5 7
8.5 0.988 0.988 0.987 3 * 3 5 7
9.0 0.990 0.990 0.990 3 * 3 5 7
9.5 0.994 0.994 0.993 3 * 3 5 7
10.0 0.995 0.995 0.994 3 * 3 5 7
0.5 0.000 0.000 0.000 1 * 1
1.0 0.000 0.000 0.000 1 * 1
1.5 0.519 0.367 0.291 1 * 3
2.0 0.479 0.384 0.336 1 * 4
2.5 0.619 0.570 0.471 2 * 3 5
3.0 0.763 0.722 0.641 2 * 3 5
3.5 0.833 0.793 0.712 2 * 3 5
4.0 0.749 0.866 0.338 3 * 3 5 7
4.5 0.760 0.625 0.760 1 * 7
5.0 0.848 0.748 0.846 2 * 5 7
5.5 0.890 0.890 0.884 3 * 3 5 7
6.0 0.924 0.924 0.921 3 * 3 5 7
6.5 0.949 0.949 0.946 3 * 3 5 7
7.0 0.964 0.964 0.962 3 * 3 5 7
7.5 0.972 0.972 0.970 3 * 3 5 7
8.0 0.983 0.983 0.982 3 * 3 5 7
8.5 0.986 0.986 0.985 3 * 3 5 7
9.0 0.991 0.991 0.991 3 * 3 5 7
9.5 0.992 0.992 0.992 3 * 3 5 7
10.0 0.996 0.996 0.996 3 * 3 5 7
0.5 0.005 0.003 0.002 1 * 2
1.0 0.000 0.000 0.000 1 * 1
1.5 0.532 0.384 0.310 1 * 3
2.0 0.733 0.552 0.460 1 * 3
2.5 0.564 0.475 0.484 1 * 5
3.0 0.758 0.714 0.627 2 * 3 5
3.5 0.837 0.797 0.717 2 * 3 5
4.0 0.514 0.431 0.510 1 * 7
4.5 0.768 0.633 0.768 1 * 7
5.0 0.839 0.739 0.836 2 * 5 7
5.5 0.882 0.882 0.875 3 * 3 5 7
6.0 0.925 0.925 0.921 3 * 3 5 7
6.5 0.947 0.947 0.945 3 * 3 5 7
7.0 0.965 0.965 0.963 3 * 3 5 7
7.5 0.974 0.974 0.973 3 * 3 5 7
8.0 0.981 0.981 0.980 3 * 3 5 7
8.5 0.986 0.986 0.985 3 * 3 5 7
9.0 0.989 0.989 0.989 3 * 3 5 7
9.5 0.992 0.992 0.992 3 * 3 5 7
10.0 0.994 0.994 0.994 3 * 3 5 7
0.5 0.000 0.000 0.000 1 * 1
1.0 0.134 0.134 0.134 1 * 2
1.5 0.514 0.368 0.295 1 * 3
2.0 0.726 0.545 0.455 1 * 3
2.5 0.543 0.468 0.472 1 * 5
3.0 0.748 0.704 0.617 2 * 3 5
3.5 0.842 0.802 0.723 2 * 3 5
4.0 0.782 0.715 0.554 2 * 3 6
4.5 0.772 0.636 0.772 1 * 7
5.0 0.826 0.686 0.826 1 * 7
5.5 0.882 0.882 0.875 3 * 3 5 7
6.0 0.914 0.914 0.909 3 * 3 5 7
6.5 0.947 0.947 0.944 3 * 3 5 7
7.0 0.963 0.963 0.961 3 * 3 5 7
7.5 0.972 0.972 0.971 3 * 3 5 7
8.0 0.980 0.980 0.979 3 * 3 5 7
8.5 0.987 0.987 0.986 3 * 3 5 7
9.0 0.991 0.991 0.990 3 * 3 5 7
9.5 0.992 0.992 0.992 3 * 3 5 7
10.0 0.994 0.994 0.994 3 * 3 5 7
0.5 0.000 0.000 0.000 1 * 1
1.0 0.000 0.000 0.000 1 * 1
1.5 0.543 0.387 0.309 1 * 3
2.0 0.717 0.538 0.447 1 * 3
2.5 0.637 0.590 0.496 2 * 3 5
3.0 0.752 0.708 0.622 2 * 3 5
3.5 0.841 0.801 0.721 2 * 3 5
4.0 0.745 0.864 0.329 3 * 3 5 7
4.5 0.749 0.615 0.749 1 * 7
5.0 0.844 0.745 0.842 2 * 5 7
5.5 0.895 0.895 0.888 3 * 3 5 7
6.0 0.923 0.923 0.918 3 * 3 5 7
6.5 0.944 0.944 0.941 3 * 3 5 7
7.0 0.964 0.964 0.961 3 * 3 5 7
7.5 0.974 0.974 0.973 3 * 3 5 7
8.0 0.981 0.981 0.980 3 * 3 5 7
8.5 0.987 0.987 0.986 3 * 3 5 7
9.0 0.990 0.990 0.990 3 * 3 5 7
9.5 0.993 0.993 0.993 3 * 3 5 7
10.0 0.996 0.996 0.996 3 * 3 5 7
0.5 0.000 0.000 0.000 1 * 1
1.0 0.000 0.000 0.000 1 * 1
1.5 0.541 0.387 0.310 1 * 3
2.0 0.465 0.377 0.314 1 * 4
2.5 0.617 0.569 0.474 2 * 3 5
3.0 0.741 0.697 0.610 2 * 3 5
3.5 0.829 0.790 0.710 2 * 3 5
4.0 0.657 0.531 0.657 1 * 7
4.5 0.752 0.616 0.752 1 * 7
5.0 0.862 0.862 0.853 3 * 3 5 7
5.5 0.885 0.885 0.878 3 * 3 5 7
6.0 0.916 0.916 0.911 3 * 3 5 7
6.5 0.951 0.951 0.948 3 * 3 5 7
7.0 0.964 0.964 0.962 3 * 3 5 7
7.5 0.977 0.977 0.976 3 * 3 5 7
8.0 0.982 0.982 0.981 3 * 3 5 7
8.5 0.988 0.988 0.988 3 * 3 5 7
9.0 0.992 0.992 0.992 3 * 3 5 7
9.5 0.993 0.993 0.993 3 * 3 5 7
10.0 0.994 0.994 0.994 3 * 3 5 7
0.5 0.000 0.000 0.000 1 * 1
1.0 0.000 0.000 0.000 1 * 1
1.5 0.546 0.392 0.315 1 * 3
2.0 0.721 0.544 0.456 1 * 3
2.5 0.530 0.452 0.457 1 * 5
3.0 0.748 0.705 0.620 2 * 3 5
3.5 0.837 0.797 0.716 2 * 3 5
4.0 0.741 0.860 0.325 3 * 3 5 7
4.5 0.749 0.615 0.749 1 * 7
5.0 0.833 0.735 0.830 2 * 5 7
5.5 0.895 0.895 0.888 3 * 3 5 7
6.0 0.924 0.924 0.920 3 * 3 5 7
6.5 0.949 0.949 0.946 3 * 3 5 7
7.0 0.966 0.966 0.964 3 * 3 5 7
7.5 0.978 0.978 0.977 3 * 3 5 7
8.0 0.982 0.982 0.981 3 * 3 5 7
8.5 0.985 0.985 0.985 3 * 3 5 7
9.0 0.990 0.990 0.989 3 * 3 5 7
9.5 0.993 0.993 0.992 3 * 3 5 7
10.0 0.995 0.995 0.995 3 * 3 5 7
0.5 0.000 0.000 0.000 1 * 1
1.0 0.000 0.000 0.000 1 * 1
1.5 0.538 0.385 0.309 1 * 3
2.0 0.730 0.548 0.456 1 * 3
2.5 0.642 0.594 0.499 2 * 3 5
3.0 0.757 0.714 0.630 2 * 3 5
3.5 0.832 0.792 0.713 2 * 3 5
4.0 0.741 0.857 0.334 3 * 3 5 7
4.5 0.716 0.869 0.382 3 * 3 6 8
5.0 0.769 0.721 0.624 2 * 3 7
5.5 0.895 0.895 0.889 3 * 3 5 7
6.0 0.922 0.922 0.917 3 * 3 5 7
6.5 0.948 0.948 0.946 3 * 3 5 7
7.0 0.965 0.965 0.963 3 * 3 5 7
7.5 0.975 0.975 0.974 3 * 3 5 7
8.0 0.979 0.979 0.978 3 * 3 5 7
8.5 0.986 0.986 0.986 3 * 3 5 7
9.0 0.992 0.992 0.992 3 * 3 5 7
9.5 0.993 0.993 0.993 3 * 3 5 7
10.0 0.995 0.995 0.995 3 * 3 5 7
0.5 0.000 0.000 0.000 1 * 1
1.0 0.158 0.111 0.088 1 * 2
1.5 0.568 0.411 0.333 1 * 3
2.0 0.723 0.542 0.452 1 * 3
2.5 0.542 0.542 0.542 1 * 4
3.0 0.751 0.708 0.623 2 * 3 5
3.5 0.833 0.793 0.711 2 * 3 5
4.0 0.747 0.868 0.329 3 * 3 5 7
4.5 0.770 0.634 0.770 1 * 7
5.0 0.840 0.741 0.838 2 * 5 7
5.5 0.894 0.894 0.889 3 * 3 5 7
6.0 0.924 0.924 0.919 3 * 3 5 7
6.5 0.949 0.949 0.946 3 * 3 5 7
7.0 0.966 0.966 0.964 3 * 3 5 7
7.5 0.973 0.973 0.972 3 * 3 5 7
8.0 0.981 0.981 0.980 3 * 3 5 7
8.5 0.987 0.987 0.986 3 * 3 5 7
9.0 0.992 0.992 0.991 3 * 3 5 7
9.5 0.993 0.993 0.993 3 * 3 5 7
10.0 0.994 0.994 0.994 3 * 3 5 7
0.5 0.000 0.000 0.000 1 * 1
1.0 0.000 0.000 0.000 1 * 1
1.5 0.330 0.224 0.172 1 * 4
2.0 0.709 0.531 0.443 1 * 3
2.5 0.621 0.573 0.477 2 * 3 5
3.0 0.757 0.717 0.636 2 * 3 5
3.5 0.723 0.661 0.494 2 * 3 6
4.0 0.679 0.553 0.679 1 * 7
4.5 0.777 0.641 0.777 1 * 7
5.0 0.818 0.718 0.815 2 * 5 7
5.5 0.887 0.887 0.880 3 * 3 5 7
6.0 0.923 0.923 0.919 3 * 3 5 7
6.5 0.946 0.946 0.943 3 * 3 5 7
7.0 0.963 0.963 0.962 3 * 3 5 7
7.5 0.975 0.975 0.974 3 * 3 5 7
8.0 0.983 0.983 0.982 3 * 3 5 7
8.5 0.987 0.987 0.986 3 * 3 5 7
9.0 0.988 0.988 0.988 3 * 3 5 7
9.5 0.994 0.994 0.994 3 * 3 5 7
10.0 0.994 0.994 0.994 3 * 3 5 7
0.5 0.000 0.000 0.000 1 * 1
1.0 0.107 0.055 0.029 1 * 2
1.5 0.544 0.391 0.311 1 * 3
2.0 0.719 0.538 0.446 1 * 3
2.5 0.570 0.482 0.496 1 * 5
3.0 0.757 0.714 0.628 2 * 3 5
3.5 0.830 0.789 0.708 2 * 3 5
4.0 0.692 0.564 0.692 1 * 7
4.5 0.769 0.633 0.769 1 * 7
5.0 0.837 0.740 0.835 2 * 5 7
5.5 0.897 0.897 0.890 3 * 3 5 7
6.0 0.919 0.919 0.915 3 * 3 5 7
6.5 0.944 0.944 0.941 3 * 3 5 7
7.0 0.963 0.963 0.960 3 * 3 5 7
7.5 0.976 0.976 0.974 3 * 3 5 7
8.0 0.982 0.982 0.981 3 * 3 5 7
8.5 0.986 0.986 0.985 3 * 3 5 7
9.0 0.990 0.990 0.989 3 * 3 5 7
9.5 0.993 0.993 0.992 3 * 3 5 7
10.0 0.995 0.995 0.995 3 * 3 5 7
0.5 0.000 0.000 0.000 1 * 1
1.0 0.128 0.128 0.128 1 * 2
1.5 0.538 0.388 0.313 1 * 3
2.0 0.706 0.530 0.442 1 * 3
2.5 0.633 0.585 0.490 2 * 3 5
3.0 0.754 0.710 0.624 2 * 3 5
3.5 0.833 0.792 0.710 2 * 3 5
4.0 0.713 0.619 0.691 1 * 6
4.5 0.765 0.629 0.765 1 * 7
5.0 0.825 0.726 0.822 2 * 5 7
5.5 0.901 0.901 0.895 3 * 3 5 7
6.0 0.930 0.930 0.926 3 * 3 5 7
6.5 0.950 0.950 0.947 3 * 3 5 7
7.0 0.966 0.966 0.964 3 * 3 5 7
7.5 0.973 0.973 0.971 3 * 3 5 7
8.0 0.896 0.953 0.707 3 * 3 5 7
8.5 0.986 0.986 0.985 3 * 3 5 7
9.0 0.992 0.992 0.992 3 * 3 5 7
9.5 0.992 0.992 0.992 3 * 3 5 7
10.0 0.995 0.995 0.995 3 * 3 5 7
0.5 0.000 0.000 0.000 1 * 1
1.0 0.004 0.004 0.004 1 * 2
1.5 0.546 0.394 0.318 1 * 3
2.0 0.735 0.554 0.464 1 * 3
2.5 0.565 0.529 0.467 1 * 4
3.0 0.755 0.712 0.626 2 * 3 5
3.5 0.836 0.796 0.715 2 * 3 5
4.0 0.753 0.870 0.341 3 * 3 5 7
4.5 0.746 0.612 0.746 1 * 7
5.0 0.834 0.735 0.831 2 * 5 7
5.5 0.889 0.850 0.881 2 * 3 7
6.0 0.927 0.927 0.922 3 * 3 5 7
6.5 0.949 0.949 0.947 3 * 3 5 7
7.0 0.966 0.966 0.964 3 * 3 5 7
7.5 0.972 0.972 0.971 3 * 3 5 7
8.0 0.982 0.982 0.980 3 * 3 5 7
8.5 0.986 0.986 0.985 3 * 3 5 7
9.0 0.990 0.990 0.990 3 * 3 5 7
9.5 0.991 0.991 0.991 3 * 3 5 7
10.0 0.996 0.996 0.996 3 * 3 5 7
0.5 0.000 0.000 0.000 1 * 1
1.0 0.105 0.035 0.001 1 * 2
1.5 0.530 0.382 0.307 1 * 3
2.0 0.711 0.533 0.444 1 * 3
2.5 0.540 0.532 0.529 1 * 4
3.0 0.757 0.715 0.630 2 * 3 5
3.5 0.733 0.669 0.504 2 * 3 6
4.0 0.770 0.705 0.542 2 * 3 6
4.5 0.744 0.610 0.744 1 * 7
5.0 0.841 0.740 0.839 2 * 5 7
5.5 0.893 0.893 0.887 3 * 3 5 7
6.0 0.927 0.927 0.922 3 * 3 5 7
6.5 0.947 0.947 0.944 3 * 3 5 7
7.0 0.961 0.961 0.959 3 * 3 5 7
7.5 0.975 0.975 0.974 3 * 3 5 7
8.0 0.982 0.982 0.981 3 * 3 5 7
8.5 0.987 0.987 0.987 3 * 3 5 7
9.0 0.990 0.990 0.989 3 * 3 5 7
9.5 0.992 0.992 0.992 3 * 3 5 7
10.0 0.994 0.994 0.994 3 * 3 5 7
0.5 0.000 0.000 0.000 1 * 1
1.0 0.157 0.106 0.080 1 * 2
1.5 0.556 0.400 0.322 1 * 3
2.0 0.721 0.539 0.446 1 * 3
2.5 0.824 0.628 0.530 1 * 3
3.0 0.745 0.701 0.615 2 * 3 5
3.5 0.842 0.801 0.721 2 * 3 5
4.0 0.773 0.706 0.550 2 * 3 6
4.5 0.776 0.639 0.776 1 * 7
5.0 0.833 0.734 0.831 2 * 5 7
5.5 0.888 0.888 0.881 3 * 3 5 7
6.0 0.929 0.929 0.925 3 * 3 5 7
6.5 0.951 0.951 0.949 3 * 3 5 7
7.0 0.962 0.962 0.960 3 * 3 5 7
7.5 0.976 0.976 0.975 3 * 3 5 7
8.0 0.980 0.980 0.980 3 * 3 5 7
8.5 0.986 0.986 0.985 3 * 3 5 7
9.0 0.989 0.989 0.989 3 * 3 5 7
9.5 0.994 0.994 0.993 3 * 3 5 7
10.0 0.995 0.995 0.995 3 * 3 5 7
0.5 0.000 0.000 0.000 1 * 1
1.0 0.000 0.000 0.000 1 * 1
1.5 0.520 0.370 0.296 1 * 3
2.0 0.709 0.529 0.439 1 * 3
2.5 0.611 0.563 0.467 2 * 3 5
3.0 0.745 0.702 0.614 2 * 3 5
3.5 0.739 0.672 0.523 2 * 3 6
4.0 0.776 0.710 0.548 2 * 3 6
4.5 0.751 0.617 0.751 1 * 7
5.0 0.837 0.738 0.834 2 * 5 7
5.5 0.891 0.891 0.884 3 * 3 5 7
6.0 0.934 0.934 0.930 3 * 3 5 7
6.5 0.949 0.949 0.947 3 * 3 5 7
7.0 0.962 0.962 0.961 3 * 3 5 7
7.5 0.974 0.974 0.972 3 * 3 5 7
8.0 0.983 0.983 0.982 3 * 3 5 7
8.5 0.986 0.986 0.985 3 * 3 5 7
9.0 0.992 0.992 0.991 3 * 3 5 7
9.5 0.993 0.993 0.992 3 * 3 5 7
10.0 0.995 0.995 0.994 3 * 3 5 7
0.5 0.000 0.000 0.000 1 * 1
1.0 0.000 0.000 0.000 1 * 1
1.5 0.561 0.406 0.328 1 * 3
2.0 0.719 0.541 0.452 1 * 3
2.5 0.625 0.577 0.481 2 * 3 5
3.0 0.743 0.701 0.615 2 * 3 5
3.5 0.828 0.788 0.707 2 * 3 5
4.0 0.750 0.863 0.348 3 * 3 5 7
4.5 0.770 0.633 0.770 1 * 7
5.0 0.828 0.688 0.828 1 * 7
5.5 0.894 0.894 0.887 3 * 3 5 7
6.0 0.921 0.921 0.916 3 * 3 5 7
6.5 0.868 0.930 0.669 3 * 3 5 7
7.0 0.964 0.964 0.962 3 * 3 5 7
7.5 0.974 0.974 0.973 3 * 3 5 7
8.0 0.985 0.985 0.984 3 * 3 5 7
8.5 0.986 0.986 0.986 3 * 3 5 7
9.0 0.988 0.988 0.987 3 * 3 5 7
9.5 0.995 0.995 0.995 3 * 3 5 7
10.0 0.996 0.996 0.996 3 * 3 5 7
0.5 0.000 0.000 0.000 1 * 1
1.0 0.000 0.000 0.000 1 * 1
1.5 0.508 0.364 0.292 1 * 3
2.0 0.722 0.544 0.455 1 * 3
2.5 0.618 0.570 0.474 2 * 3 5
3.0 0.743 0.701 0.615 2 * 3 5
3.5 0.833 0.793 0.713 2 * 3 5
4.0 0.754 0.874 0.340 3 * 3 5 7
4.5 0.762 0.628 0.762 1 * 7
5.0 0.845 0.745 0.843 2 * 5 7
5.5 0.894 0.894 0.888 3 * 3 5 7
6.0 0.920 0.920 0.915 3 * 3 5 7
6.5 0.943 0.943 0.940 3 * 3 5 7
7.0 0.962 0.962 0.960 3 * 3 5 7
7.5 0.887 0.946 0.693 3 * 3 5 7
8.0 0.980 0.980 0.980 3 * 3 5 7
8.5 0.987 0.987 0.986 3 * 3 5 7
9.0 0.992 0.992 0.991 3 * 3 5 7
9.5 0.991 0.991 0.991 3 * 3 5 7
10.0 0.994 0.994 0.994 3 * 3 5 7
0.5 0.000 0.000 0.000 1 * 1
1.0 0.000 0.000 0.000 1 * 1
1.5 0.542 0.388 0.310 1 * 3
2.0 0.715 0.534 0.443 1 * 3
2.5 0.560 0.545 0.538 1 * 4
3.0 0.745 0.702 0.617 2 * 3 5
3.5 0.833 0.793 0.713 2 * 3 5
4.0 0.746 0.864 0.330 3 * 3 5 7
4.5 0.767 0.632 0.767 1 * 7
5.0 0.850 0.811 0.839 2 * 3 7
5.5 0.889 0.889 0.883 3 * 3 5 7
6.0 0.921 0.921 0.917 3 * 3 5 7
6.5 0.946 0.946 0.943 3 * 3 5 7
7.0 0.963 0.963 0.961 3 * 3 5 7
7.5 0.974 0.974 0.973 3 * 3 5 7
8.0 0.979 0.979 0.978 3 * 3 5 7
8.5 0.986 0.986 0.986 3 * 3 5 7
9.0 0.990 0.990 0.989 3 * 3 5 7
9.5 0.993 0.993 0.993 3 * 3 5 7
10.0 0.995 0.995 0.995 3 * 3 5 7
0.5 0.000 0.000 0.000 1 * 1
1.0 0.000 0.000 0.000 1 * 1
1.5 0.543 0.391 0.315 1 * 3
2.0 0.723 0.543 0.454 1 * 3
2.5 0.554 0.469 0.472 1 * 5
3.0 0.748 0.705 0.619 2 * 3 5
3.5 0.829 0.789 0.709 2 * 3 5
4.0 0.665 0.539 0.665 1 * 7
4.5 0.763 0.627 0.763 1 * 7
5.0 0.840 0.740 0.837 2 * 5 7
5.5 0.891 0.891 0.884 3 * 3 5 7
6.0 0.920 0.920 0.916 3 * 3 5 7
6.5 0.948 0.948 0.946 3 * 3 5 7
7.0 0.885 0.941 0.698 3 * 3 5 7
7.5 0.975 0.975 0.973 3 * 3 5 7
8.0 0.982 0.982 0.981 3 * 3 5 7
8.5 0.988 0.988 0.987 3 * 3 5 7
9.0 0.989 0.989 0.988 3 * 3 5 7
9.5 0.993 0.993 0.993 3 * 3 5 7
10.0 0.995 0.995 0.995 3 * 3 5 7
0.5 0.000 0.000 0.000 1 * 1
1.0 0.090 0.048 0.026 1 * 2
1.5 0.559 0.402 0.323 1 * 3
2.0 0.720 0.540 0.450 1 * 3
2.5 0.575 0.569 0.575 1 * 4
3.0 0.759 0.717 0.633 2 * 3 5
3.5 0.836 0.796 0.717 2 * 3 5
4.0 0.774 0.708 0.549 2 * 3 6
4.5 0.773 0.637 0.773 1 * 7
5.0 0.844 0.745 0.842 2 * 5 7
5.5 0.903 0.903 0.896 3 * 3 5 7
6.0 0.925 0.925 0.921 3 * 3 5 7
6.5 0.947 0.947 0.945 3 * 3 5 7
7.0 0.963 0.963 0.961 3 * 3 5 7
7.5 0.974 0.974 0.972 3 * 3 5 7
8.0 0.981 0.981 0.979 3 * 3 5 7
8.5 0.986 0.986 0.985 3 * 3 5 7
9.0 0.990 0.990 0.989 3 * 3 5 7
9.5 0.993 0.993 0.993 3 * 3 5 7
10.0 0.995 0.995 0.995 3 * 3 5 7
0.5 0.000 0.000 0.000 1 * 1
1.0 0.000 0.000 0.000 1 * 1
1.5 0.547 0.393 0.315 1 * 3
2.0 0.720 0.541 0.450 1 * 3
2.5 0.556 0.519 0.458 1 * 4
3.0 0.761 0.718 0.633 2 * 3 5
3.5 0.836 0.796 0.716 2 * 3 5
4.0 0.749 0.867 0.342 3 * 3 5 7
4.5 0.764 0.627 0.764 1 * 7
5.0 0.838 0.738 0.835 2 * 5 7
5.5 0.874 0.772 0.873 2 * 5 7
6.0 0.926 0.926 0.921 3 * 3 5 7
6.5 0.941 0.941 0.938 3 * 3 5 7
7.0 0.963 0.963 0.961 3 * 3 5 7
7.5 0.976 0.976 0.975 3 * 3 5 7
8.0 0.982 0.982 0.981 3 * 3 5 7
8.5 0.987 0.987 0.986 3 * 3 5 7
9.0 0.991 0.991 0.990 3 * 3 5 7
9.5 0.992 0.992 0.992 3 * 3 5 7
10.0 0.995 0.995 0.995 3 * 3 5 7
0.5 0.000 0.000 0.000 1 * 1
1.0 0.000 0.000 0.000 1 * 1
1.5 0.558 0.401 0.323 1 * 3
2.0 0.723 0.542 0.450 1 * 3
2.5 0.568 0.480 0.494 1 * 5
3.0 0.754 0.712 0.627 2 * 3 5
3.5 0.833 0.793 0.712 2 * 3 5
4.0 0.730 0.781 0.539 3 * 3 5 7
4.5 0.751 0.617 0.751 1 * 7
5.0 0.838 0.739 0.836 2 * 5 7
5.5 0.893 0.893 0.887 3 * 3 5 7
6.0 0.926 0.926 0.922 3 * 3 5 7
6.5 0.947 0.947 0.944 3 * 3 5 7
7.0 0.968 0.968 0.966 3 * 3 5 7
7.5 0.974 0.974 0.972 3 * 3 5 7
8.0 0.980 0.980 0.979 3 * 3 5 7
8.5 0.984 0.984 0.983 3 * 3 5 7
9.0 0.990 0.990 0.990 3 * 3 5 7
9.5 0.993 0.993 0.993 3 * 3 5 7
10.0 0.994 0.994 0.994 3 * 3 5 7
0.5 0.000 0.000 0.000 1 * 1
1.0 0.132 0.132 0.132 1 * 2
1.5 0.566 0.410 0.332 1 * 3
2.0 0.704 0.526 0.438 1 * 3
2.5 0.549 0.540 0.531 1 * 4
3.0 0.742 0.698 0.610 2 * 3 5
3.5 0.827 0.786 0.704 2 * 3 5
4.0 0.688 0.561 0.688 1 * 7
4.5 0.762 0.626 0.762 1 * 7
5.0 0.836 0.738 0.833 2 * 5 7
5.5 0.896 0.896 0.890 3 * 3 5 7
6.0 0.925 0.925 0.921 3 * 3 5 7
6.5 0.949 0.949 0.946 3 * 3 5 7
7.0 0.961 0.961 0.959 3 * 3 5 7
7.5 0.973 0.973 0.972 3 * 3 5 7
8.0 0.982 0.982 0.981 3 * 3 5 7
8.5 0.986 0.986 0.986 3 * 3 5 7
9.0 0.990 0.990 0.989 3 * 3 5 7
9.5 0.993 0.993 0.992 3 * 3 5 7
10.0 0.994 0.994 0.994 3 * 3 5 7
0.5 0.000 0.000 0.000 1 * 1
1.0 0.124 0.124 0.124 1 * 2
1.5 0.543 0.392 0.316 1 * 3
2.0 0.723 0.544 0.455 1 * 3
2.5 0.611 0.563 0.468 2 * 3 5
3.0 0.746 0.704 0.619 2 * 3 5
3.5 0.838 0.798 0.719 2 * 3 5
4.0 0.721 0.633 0.711 1 * 6
4.5 0.770 0.636 0.770 1 * 7
5.0 0.836 0.736 0.834 2 * 5 7
5.5 0.899 0.899 0.893 3 * 3 5 7
6.0 0.930 0.930 0.926 3 * 3 5 7
6.5 0.945 0.945 0.942 3 * 3 5 7
7.0 0.963 0.963 0.961 3 * 3 5 7
7.5 0.976 0.976 0.975 3 * 3 5 7
8.0 0.978 0.978 0.978 3 * 3 5 7
8.5 0.988 0.988 0.987 3 * 3 5 7
9.0 0.992 0.992 0.992 3 * 3 5 7
9.5 0.993 0.993 0.993 3 * 3 5 7
10.0 0.995 0.995 0.994 3 * 3 5 7
0.5 0.000 0.000 0.000 1 * 1
1.0 0.169 0.169 0.169 1 * 2
1.5 0.541 0.389 0.314 1 * 3
2.0 0.723 0.546 0.457 1 * 3
2.5 0.420 0.383 0.363 1 * 5
3.0 0.734 0.690 0.602 2 * 3 5
3.5 0.829 0.789 0.709 2 * 3 5
4.0 0.775 0.708 0.547 2 * 3 6
4.5 0.763 0.630 0.763 1 * 7
5.0 0.836 0.737 0.833 2 * 5 7
5.5 0.899 0.899 0.893 3 * 3 5 7
6.0 0.925 0.925 0.921 3 * 3 5 7
6.5 0.948 0.948 0.945 3 * 3 5 7
7.0 0.884 0.941 0.694 3 * 3 5 7
7.5 0.974 0.974 0.972 3 * 3 5 7
8.0 0.981 0.981 0.981 3 * 3 5 7
8.5 0.986 0.986 0.986 3 * 3 5 7
9.0 0.991 0.991 0.990 3 * 3 5 7
9.5 0.993 0.993 0.993 3 * 3 5 7
10.0 0.993 0.993 0.993 3 * 3 5 7
0.5 0.000 0.000 0.000 1 * 1
1.0 0.000 0.000 0.000 1 * 1
1.5 0.539 0.387 0.310 1 * 3
2.0 0.725 0.544 0.453 1 * 3
2.5 0.566 0.482 0.492 1 * 5
3.0 0.756 0.714 0.629 2 * 3 5
3.5 0.827 0.788 0.709 2 * 3 5
4.0 0.755 0.870 0.344 3 * 3 5 7
4.5 0.761 0.626 0.761 1 * 7
5.0 0.830 0.731 0.827 2 * 5 7
5.5 0.883 0.883 0.877 3 * 3 5 7
6.0 0.927 0.927 0.923 3 * 3 5 7
6.5 0.951 0.951 0.949 3 * 3 5 7
7.0 0.963 0.963 0.961 3 * 3 5 7
7.5 0.972 0.972 0.970 3 * 3 5 7
8.0 0.894 0.952 0.703 3 * 3 5 7
8.5 0.987 0.987 0.987 3 * 3 5 7
9.0 0.988 0.988 0.988 3 * 3 5 7
9.5 0.991 0.991 0.991 3 * 3 5 7
10.0 0.996 0.996 0.996 3 * 3 5 7
0.5 0.000 0.000 0.000 1 * 1
1.0 0.000 0.000 0.000 1 * 1
1.5 0.540 0.387 0.309 1 * 3
2.0 0.441 0.409 0.394 1 * 4
2.5 0.627 0.580 0.485 2 * 3 5
3.0 0.748 0.706 0.621 2 * 3 5
3.5 0.830 0.789 0.709 2 * 3 5
4.0 0.745 0.863 0.331 3 * 3 5 7
4.5 0.769 0.634 0.769 1 * 7
5.0 0.838 0.737 0.835 2 * 5 7
5.5 0.883 0.779 0.881 2 * 5 7
6.0 0.926 0.926 0.922 3 * 3 5 7
6.5 0.949 0.949 0.946 3 * 3 5 7
7.0 0.966 0.966 0.964 3 * 3 5 7
7.5 0.977 0.977 0.976 3 * 3 5 7
8.0 0.982 0.982 0.981 3 * 3 5 7
8.5 0.986 0.986 0.985 3 * 3 5 7
9.0 0.991 0.991 0.991 3 * 3 5 7
9.5 0.992 0.992 0.992 3 * 3 5 7
10.0 0.996 0.996 0.996 3 * 3 5 7
0.5 0.000 0.000 0.000 1 * 1
1.0 0.000 0.000 0.000 1 * 1
1.5 0.531 0.383 0.309 1 * 3
2.0 0.717 0.540 0.451 1 * 3
2.5 0.634 0.586 0.491 2 * 3 5
3.0 0.743 0.701 0.617 2 * 3 5
3.5 0.835 0.794 0.713 2 * 3 5
4.0 0.776 0.709 0.550 2 * 3 6
4.5 0.771 0.636 0.771 1 * 7
5.0 0.830 0.732 0.827 2 * 5 7
5.5 0.891 0.891 0.885 3 * 3 5 7
6.0 0.921 0.921 0.916 3 * 3 5 7
6.5 0.946 0.946 0.944 3 * 3 5 7
7.0 0.885 0.941 0.700 3 * 3 5 7
7.5 0.973 0.973 0.972 3 * 3 5 7
8.0 0.981 0.981 0.980 3 * 3 5 7
8.5 0.986 0.986 0.985 3 * 3 5 7
9.0 0.990 0.990 0.990 3 * 3 5 7
9.5 0.993 0.993 0.993 3 * 3 5 7
10.0 0.994 0.994 0.994 3 * 3 5 7
0.5 0.000 0.000 0.000 1 * 1
1.0 0.000 0.000 0.000 1 * 1
1.5 0.530 0.378 0.300 1 * 3
2.0 0.468 0.343 0.281 1 * 4
2.5 0.571 0.563 0.571 1 * 4
3.0 0.754 0.711 0.626 2 * 3 5
3.5 0.834 0.795 0.717 2 * 3 5
4.0 0.743 0.861 0.332 3 * 3 5 7
4.5 0.754 0.620 0.754 1 * 7
5.0 0.844 0.744 0.841 2 * 5 7
5.5 0.890 0.890 0.884 3 * 3 5 7
6.0 0.927 0.927 0.923 3 * 3 5 7
6.5 0.948 0.948 0.945 3 * 3 5 7
7.0 0.965 0.965 0.963 3 * 3 5 7
7.5 0.974 0.974 0.973 3 * 3 5 7
8.0 0.980 0.980 0.979 3 * 3 5 7
8.5 0.989 0.989 0.988 3 * 3 5 7
9.0 0.990 0.990 0.990 3 * 3 5 7
9.5 0.992 0.992 0.991 3 * 3 5 7
10.0 0.995 0.995 0.995 3 * 3 5 7
0.5 0.000 0.000 0.000 1 * 1
1.0 0.112 0.063 0.038 1 * 2
1.5 0.549 0.395 0.316 1 * 3
2.0 0.715 0.536 0.447 1 * 3
2.5 0.609 0.560 0.462 2 * 3 5
3.0 0.748 0.706 0.622 2 * 3 5
3.5 0.729 0.665 0.501 2 * 3 6
4.0 0.775 0.709 0.545 2 * 3 6
4.5 0.764 0.628 0.764 1 * 7
5.0 0.833 0.733 0.831 2 * 5 7
5.5 0.897 0.897 0.891 3 * 3 5 7
6.0 0.929 0.929 0.926 3 * 3 5 7
6.5 0.948 0.948 0.945 3 * 3 5 7
7.0 0.962 0.962 0.961 3 * 3 5 7
7.5 0.973 0.973 0.971 3 * 3 5 7
8.0 0.981 0.981 0.980 3 * 3 5 7
8.5 0.988 0.988 0.988 3 * 3 5 7
9.0 0.989 0.989 0.988 3 * 3 5 7
9.5 0.994 0.994 0.993 3 * 3 5 7
10.0 0.994 0.994 0.994 3 * 3 5 7
