0.5 0.001 0.001 0.001 3 * 0.001 0.001 0.001
1.0 0.007 0.009 0.008 3 * 0.004 0.009 0.008
1.5 0.126 0.125 0.103 3 * 0.122 0.121 0.103
2.0 0.196 0.199 0.191 3 * 0.176 0.185 0.191
2.5 0.366 0.379 0.305 3 * 0.425 0.358 0.305
3.0 0.559 0.576 0.487 3 * 0.594 0.578 0.487
3.5 0.649 0.669 0.568 3 * 0.684 0.675 0.568
4.0 0.722 0.745 0.636 3 * 0.756 0.755 0.636
4.5 0.679 0.679 0.677 3 * 0.661 0.699 0.677
5.0 0.758 0.758 0.758 3 * 0.744 0.771 0.758
5.5 0.808 0.808 0.812 3 * 0.790 0.820 0.812
6.0 0.842 0.842 0.844 3 * 0.831 0.851 0.844
6.5 0.887 0.901 0.839 3 * 0.908 0.915 0.839
7.0 0.916 0.916 0.918 3 * 0.909 0.920 0.918
7.5 0.936 0.936 0.940 3 * 0.927 0.941 0.940
8.0 0.951 0.951 0.953 3 * 0.948 0.953 0.953
8.5 0.968 0.968 0.969 3 * 0.965 0.969 0.969
9.0 0.971 0.971 0.972 3 * 0.968 0.972 0.972
9.5 0.977 0.977 0.979 3 * 0.974 0.979 0.979
10.0 0.983 0.983 0.985 3 * 0.981 0.985 0.985
0.5 0.001 0.001 0.001 3 * 0.001 0.001 0.001
1.0 0.015 0.017 0.016 3 * 0.009 0.017 0.016
1.5 0.113 0.111 0.096 3 * 0.107 0.108 0.096
2.0 0.129 0.192 0.181 3 * 0.012 0.149 0.181
2.5 0.394 0.404 0.335 3 * 0.441 0.393 0.335
3.0 0.532 0.548 0.460 3 * 0.578 0.543 0.460
3.5 0.652 0.673 0.571 3 * 0.687 0.679 0.571
4.0 0.743 0.766 0.650 3 * 0.783 0.772 0.650
4.5 0.666 0.666 0.665 3 * 0.643 0.689 0.665
5.0 0.783 0.795 0.743 3 * 0.795 0.811 0.743
5.5 0.804 0.804 0.807 3 * 0.788 0.816 0.807
6.0 0.863 0.863 0.867 3 * 0.851 0.872 0.867
6.5 0.895 0.895 0.898 3 * 0.888 0.901 0.898
7.0 0.916 0.916 0.919 3 * 0.909 0.920 0.919
7.5 0.936 0.936 0.937 3 * 0.932 0.939 0.937
8.0 0.945 0.945 0.948 3 * 0.938 0.948 0.948
8.5 0.961 0.961 0.963 3 * 0.955 0.964 0.963
9.0 0.967 0.967 0.968 3 * 0.964 0.968 0.968
9.5 0.975 0.975 0.977 3 * 0.972 0.977 0.977
10.0 0.981 0.981 0.982 3 * 0.979 0.982 0.982
0.5 0.001 0.001 0.001 3 * 0.001 0.001 0.001
1.0 0.007 0.009 0.008 3 * 0.004 0.008 0.008
1.5 0.121 0.118 0.103 3 * 0.116 0.114 0.103
2.0 0.262 0.268 0.206 3 * 0.301 0.237 0.206
2.5 0.381 0.395 0.322 3 * 0.443 0.359 0.322
3.0 0.536 0.552 0.465 3 * 0.575 0.551 0.465
3.5 0.661 0.681 0.578 3 * 0.696 0.687 0.578
4.0 0.732 0.755 0.639 3 * 0.775 0.761 0.639
4.5 0.676 0.676 0.675 3 * 0.657 0.697 0.675
5.0 0.754 0.754 0.756 3 * 0.739 0.767 0.756
5.5 0.801 0.801 0.804 3 * 0.784 0.815 0.804
6.0 0.850 0.850 0.852 3 * 0.839 0.858 0.852
6.5 0.884 0.884 0.887 3 * 0.875 0.890 0.887
7.0 0.920 0.920 0.922 3 * 0.913 0.925 0.922
7.5 0.930 0.930 0.933 3 * 0.923 0.934 0.933
8.0 0.951 0.951 0.954 3 * 0.946 0.954 0.954
8.5 0.963 0.963 0.964 3 * 0.959 0.964 0.964
9.0 0.971 0.971 0.973 3 * 0.967 0.973 0.973
9.5 0.980 0.980 0.981 3 * 0.978 0.981 0.981
10.0 0.986 0.986 0.987 3 * 0.984 0.987 0.987
0.5 0.001 0.001 0.001 3 * 0.000 0.001 0.001
1.0 0.020 0.019 0.017 3 * 0.020 0.018 0.017
1.5 0.130 0.124 0.104 3 * 0.139 0.116 0.104
2.0 0.211 0.206 0.187 3 * 0.207 0.203 0.187
2.5 0.372 0.380 0.316 3 * 0.423 0.366 0.316
3.0 0.539 0.555 0.467 3 * 0.580 0.553 0.467
3.5 0.637 0.657 0.559 3 * 0.670 0.664 0.559
4.0 0.724 0.747 0.636 3 * 0.760 0.755 0.636
4.5 0.669 0.669 0.669 3 * 0.644 0.693 0.669
5.0 0.769 0.769 0.770 3 * 0.755 0.781 0.770
5.5 0.802 0.802 0.805 3 * 0.785 0.817 0.805
6.0 0.847 0.847 0.849 3 * 0.836 0.856 0.849
6.5 0.891 0.891 0.893 3 * 0.883 0.897 0.893
7.0 0.921 0.921 0.923 3 * 0.914 0.925 0.923
7.5 0.934 0.934 0.938 3 * 0.927 0.939 0.938
8.0 0.953 0.953 0.956 3 * 0.948 0.956 0.956
8.5 0.962 0.962 0.964 3 * 0.959 0.963 0.964
9.0 0.971 0.971 0.973 3 * 0.967 0.973 0.973
9.5 0.981 0.981 0.982 3 * 0.979 0.982 0.982
10.0 0.983 0.983 0.984 3 * 0.981 0.984 0.984
0.5 0.000 0.000 0.001 3 * 0.000 0.000 0.001
1.0 0.012 0.013 0.012 3 * 0.008 0.013 0.012
1.5 0.111 0.109 0.103 3 * 0.095 0.106 0.103
2.0 0.233 0.224 0.182 3 * 0.252 0.209 0.182
2.5 0.389 0.399 0.330 3 * 0.441 0.385 0.330
3.0 0.547 0.564 0.473 3 * 0.592 0.561 0.473
3.5 0.640 0.660 0.561 3 * 0.675 0.666 0.561
4.0 0.745 0.769 0.652 3 * 0.785 0.776 0.652
4.5 0.744 0.757 0.705 3 * 0.756 0.772 0.705
5.0 0.747 0.747 0.747 3 * 0.733 0.762 0.747
5.5 0.800 0.800 0.803 3 * 0.783 0.813 0.803
6.0 0.859 0.859 0.862 3 * 0.849 0.866 0.862
6.5 0.890 0.890 0.893 3 * 0.882 0.896 0.893
7.0 0.910 0.910 0.912 3 * 0.902 0.915 0.912
7.5 0.933 0.933 0.935 3 * 0.928 0.937 0.935
8.0 0.954 0.954 0.957 3 * 0.949 0.957 0.957
8.5 0.961 0.961 0.962 3 * 0.958 0.962 0.962
9.0 0.971 0.971 0.973 3 * 0.968 0.973 0.973
9.5 0.975 0.975 0.977 3 * 0.971 0.977 0.977
10.0 0.979 0.979 0.980 3 * 0.975 0.980 0.980
0.5 0.001 0.001 0.001 3 * 0.000 0.001 0.001
1.0 0.006 0.007 0.005 3 * 0.007 0.006 0.005
1.5 0.119 0.110 0.103 3 * 0.119 0.106 0.103
2.0 0.215 0.211 0.186 3 * 0.202 0.206 0.186
2.5 0.407 0.418 0.344 3 * 0.460 0.405 0.344
3.0 0.547 0.563 0.475 3 * 0.587 0.562 0.475
3.5 0.646 0.667 0.566 3 * 0.682 0.672 0.566
4.0 0.742 0.765 0.648 3 * 0.784 0.771 0.648
4.5 0.683 0.683 0.680 3 * 0.666 0.702 0.680
5.0 0.745 0.745 0.746 3 * 0.727 0.761 0.746
5.5 0.807 0.807 0.810 3 * 0.792 0.819 0.810
6.0 0.852 0.852 0.855 3 * 0.840 0.861 0.855
6.5 0.888 0.888 0.890 3 * 0.880 0.893 0.890
7.0 0.919 0.919 0.921 3 * 0.912 0.923 0.921
7.5 0.923 0.923 0.927 3 * 0.915 0.928 0.927
8.0 0.952 0.952 0.954 3 * 0.947 0.955 0.954
8.5 0.958 0.958 0.960 3 * 0.953 0.961 0.960
9.0 0.971 0.971 0.972 3 * 0.968 0.972 0.972
9.5 0.977 0.977 0.978 3 * 0.974 0.978 0.978
10.0 0.981 0.981 0.982 3 * 0.978 0.982 0.982
0.5 0.001 0.001 0.001 3 * 0.000 0.000 0.001
1.0 0.010 0.013 0.013 3 * 0.006 0.009 0.013
1.5 0.121 0.115 0.105 3 * 0.118 0.112 0.105
2.0 0.224 0.210 0.191 3 * 0.232 0.203 0.191
2.5 0.410 0.422 0.349 3 * 0.459 0.412 0.349
3.0 0.549 0.566 0.476 3 * 0.592 0.563 0.476
3.5 0.654 0.675 0.572 3 * 0.691 0.680 0.572
4.0 0.731 0.754 0.641 3 * 0.768 0.762 0.641
4.5 0.677 0.677 0.675 3 * 0.659 0.697 0.675
5.0 0.745 0.745 0.748 3 * 0.727 0.762 0.748
5.5 0.794 0.794 0.798 3 * 0.777 0.808 0.798
6.0 0.847 0.847 0.849 3 * 0.836 0.857 0.849
6.5 0.883 0.883 0.886 3 * 0.874 0.889 0.886
7.0 0.917 0.917 0.920 3 * 0.910 0.922 0.920
7.5 0.937 0.937 0.940 3 * 0.929 0.942 0.940
8.0 0.956 0.956 0.957 3 * 0.952 0.958 0.957
8.5 0.960 0.960 0.962 3 * 0.956 0.963 0.962
9.0 0.969 0.969 0.971 3 * 0.965 0.971 0.971
9.5 0.978 0.978 0.980 3 * 0.975 0.979 0.980
10.0 0.980 0.980 0.982 3 * 0.978 0.981 0.982
0.5 0.001 0.001 0.001 3 * 0.000 0.001 0.001
1.0 0.009 0.008 0.008 3 * 0.009 0.007 0.008
1.5 0.128 0.124 0.102 3 * 0.132 0.120 0.102
2.0 0.267 0.264 0.214 3 * 0.296 0.249 0.214
2.5 0.399 0.410 0.340 3 * 0.447 0.400 0.340
3.0 0.520 0.536 0.450 3 * 0.563 0.532 0.450
3.5 0.654 0.675 0.574 3 * 0.688 0.682 0.574
4.0 0.738 0.761 0.647 3 * 0.774 0.769 0.647
4.5 0.676 0.676 0.676 3 * 0.652 0.701 0.676
5.0 0.730 0.730 0.732 3 * 0.708 0.749 0.732
5.5 0.806 0.806 0.809 3 * 0.792 0.817 0.809
6.0 0.837 0.837 0.838 3 * 0.826 0.846 0.838
6.5 0.892 0.892 0.894 3 * 0.885 0.897 0.894
7.0 0.913 0.913 0.915 3 * 0.907 0.918 0.915
7.5 0.932 0.932 0.935 3 * 0.926 0.935 0.935
8.0 0.949 0.949 0.951 3 * 0.943 0.952 0.951
8.5 0.963 0.963 0.965 3 * 0.958 0.965 0.965
9.0 0.971 0.971 0.972 3 * 0.969 0.972 0.972
9.5 0.976 0.976 0.977 3 * 0.974 0.977 0.977
10.0 0.984 0.984 0.985 3 * 0.981 0.985 0.985
0.5 0.000 0.000 0.001 3 * 0.000 0.000 0.001
1.0 0.011 0.013 0.011 3 * 0.007 0.012 0.011
1.5 0.125 0.119 0.107 3 * 0.120 0.115 0.107
2.0 0.222 0.214 0.190 3 * 0.223 0.210 0.190
2.5 0.402 0.413 0.340 3 * 0.452 0.401 0.340
3.0 0.545 0.561 0.474 3 * 0.584 0.561 0.474
3.5 0.654 0.675 0.570 3 * 0.694 0.678 0.570
4.0 0.607 0.609 0.603 3 * 0.584 0.634 0.603
4.5 0.728 0.740 0.689 3 * 0.738 0.755 0.689
5.0 0.741 0.741 0.742 3 * 0.725 0.756 0.742
5.5 0.808 0.808 0.809 3 * 0.793 0.821 0.809
6.0 0.842 0.842 0.846 3 * 0.826 0.854 0.846
6.5 0.875 0.875 0.879 3 * 0.864 0.883 0.879
7.0 0.902 0.902 0.903 3 * 0.896 0.906 0.903
7.5 0.938 0.938 0.940 3 * 0.931 0.941 0.940
8.0 0.947 0.947 0.950 3 * 0.942 0.949 0.950
8.5 0.961 0.961 0.963 3 * 0.957 0.963 0.963
9.0 0.972 0.972 0.974 3 * 0.968 0.974 0.974
9.5 0.980 0.980 0.981 3 * 0.977 0.981 0.981
10.0 0.984 0.984 0.986 3 * 0.981 0.985 0.986
0.5 0.001 0.001 0.001 3 * 0.001 0.001 0.001
1.0 0.009 0.009 0.008 3 * 0.007 0.009 0.008
1.5 0.107 0.113 0.101 3 * 0.081 0.109 0.101
2.0 0.195 0.191 0.180 3 * 0.183 0.173 0.180
2.5 0.397 0.408 0.338 3 * 0.445 0.397 0.338
3.0 0.539 0.555 0.470 3 * 0.575 0.556 0.470
3.5 0.641 0.661 0.561 3 * 0.675 0.667 0.561
4.0 0.593 0.596 0.585 3 * 0.576 0.619 0.585
4.5 0.644 0.640 0.664 3 * 0.528 0.689 0.664
5.0 0.751 0.751 0.752 3 * 0.735 0.767 0.752
5.5 0.802 0.802 0.805 3 * 0.787 0.815 0.805
6.0 0.856 0.856 0.858 3 * 0.844 0.865 0.858
6.5 0.888 0.888 0.891 3 * 0.878 0.895 0.891
7.0 0.910 0.910 0.913 3 * 0.901 0.916 0.913
7.5 0.939 0.939 0.941 3 * 0.933 0.942 0.941
8.0 0.950 0.950 0.953 3 * 0.943 0.953 0.953
8.5 0.958 0.958 0.960 3 * 0.953 0.961 0.960
9.0 0.970 0.970 0.972 3 * 0.967 0.973 0.972
9.5 0.978 0.978 0.980 3 * 0.975 0.979 0.980
10.0 0.986 0.986 0.987 3 * 0.984 0.986 0.987
0.5 0.001 0.001 0.001 3 * 0.000 0.001 0.001
1.0 0.013 0.013 0.011 3 * 0.011 0.013 0.011
1.5 0.129 0.123 0.103 3 * 0.137 0.118 0.103
2.0 0.246 0.249 0.193 3 * 0.279 0.216 0.193
2.5 0.407 0.418 0.344 3 * 0.461 0.405 0.344
3.0 0.536 0.551 0.465 3 * 0.575 0.550 0.465
3.5 0.645 0.665 0.566 3 * 0.681 0.670 0.566
4.0 0.672 0.683 0.636 3 * 0.686 0.696 0.636
4.5 0.675 0.675 0.671 3 * 0.654 0.699 0.671
5.0 0.744 0.744 0.744 3 * 0.727 0.761 0.744
5.5 0.798 0.798 0.800 3 * 0.784 0.809 0.800
6.0 0.858 0.858 0.862 3 * 0.847 0.866 0.862
6.5 0.889 0.889 0.893 3 * 0.879 0.896 0.893
7.0 0.913 0.913 0.915 3 * 0.905 0.918 0.915
7.5 0.940 0.940 0.944 3 * 0.932 0.945 0.944
8.0 0.953 0.953 0.955 3 * 0.949 0.956 0.955
8.5 0.965 0.965 0.966 3 * 0.961 0.967 0.966
9.0 0.973 0.973 0.975 3 * 0.969 0.975 0.975
9.5 0.974 0.974 0.976 3 * 0.971 0.976 0.976
10.0 0.982 0.982 0.984 3 * 0.980 0.984 0.984
0.5 0.001 0.001 0.001 3 * 0.001 0.001 0.001
1.0 0.008 0.010 0.009 3 * 0.004 0.010 0.009
1.5 0.106 0.109 0.100 3 * 0.083 0.106 0.100
2.0 0.257 0.262 0.203 3 * 0.294 0.230 0.203
2.5 0.402 0.413 0.339 3 * 0.455 0.399 0.339
3.0 0.546 0.562 0.475 3 * 0.584 0.563 0.475
3.5 0.653 0.673 0.569 3 * 0.692 0.676 0.569
4.0 0.735 0.759 0.645 3 * 0.773 0.767 0.645
4.5 0.669 0.669 0.668 3 * 0.649 0.691 0.668
5.0 0.747 0.747 0.747 3 * 0.729 0.765 0.747
5.5 0.812 0.812 0.816 3 * 0.796 0.825 0.816
6.0 0.840 0.840 0.844 3 * 0.825 0.851 0.844
6.5 0.889 0.889 0.892 3 * 0.882 0.894 0.892
7.0 0.926 0.926 0.927 3 * 0.922 0.929 0.927
7.5 0.933 0.933 0.935 3 * 0.926 0.937 0.935
8.0 0.956 0.956 0.959 3 * 0.951 0.959 0.959
8.5 0.961 0.961 0.963 3 * 0.958 0.963 0.963
9.0 0.972 0.972 0.973 3 * 0.969 0.973 0.973
9.5 0.977 0.977 0.978 3 * 0.974 0.978 0.978
10.0 0.983 0.983 0.984 3 * 0.981 0.984 0.984
0.5 0.001 0.001 0.001 3 * 0.000 0.001 0.001
1.0 0.015 0.016 0.014 3 * 0.012 0.015 0.014
1.5 0.106 0.113 0.106 3 * 0.080 0.101 0.106
2.0 0.215 0.210 0.181 3 * 0.209 0.204 0.181
2.5 0.403 0.414 0.341 3 * 0.456 0.401 0.341
3.0 0.541 0.557 0.471 3 * 0.581 0.557 0.471
3.5 0.666 0.686 0.582 3 * 0.703 0.691 0.582
4.0 0.756 0.780 0.663 3 * 0.795 0.788 0.663
4.5 0.791 0.816 0.692 3 * 0.832 0.824 0.692
5.0 0.750 0.750 0.753 3 * 0.729 0.767 0.753
5.5 0.807 0.807 0.810 3 * 0.794 0.818 0.810
6.0 0.850 0.850 0.853 3 * 0.840 0.857 0.853
6.5 0.883 0.883 0.887 3 * 0.872 0.890 0.887
7.0 0.919 0.919 0.921 3 * 0.912 0.923 0.921
7.5 0.936 0.936 0.939 3 * 0.930 0.940 0.939
8.0 0.948 0.948 0.950 3 * 0.942 0.951 0.950
8.5 0.970 0.970 0.971 3 * 0.967 0.971 0.971
9.0 0.971 0.971 0.972 3 * 0.967 0.973 0.972
9.5 0.976 0.976 0.977 3 * 0.974 0.978 0.977
10.0 0.986 0.986 0.987 3 * 0.983 0.987 0.987
0.5 0.001 0.001 0.001 3 * 0.000 0.000 0.001
1.0 0.011 0.012 0.011 3 * 0.009 0.010 0.011
1.5 0.094 0.109 0.103 3 * 0.049 0.101 0.103
2.0 0.152 0.185 0.176 3 * 0.075 0.172 0.176
2.5 0.411 0.422 0.350 3 * 0.460 0.411 0.350
3.0 0.558 0.575 0.485 3 * 0.599 0.575 0.485
3.5 0.637 0.657 0.558 3 * 0.669 0.664 0.558
4.0 0.730 0.753 0.640 3 * 0.766 0.761 0.640
4.5 0.687 0.687 0.684 3 * 0.672 0.705 0.684
5.0 0.751 0.751 0.753 3 * 0.735 0.766 0.753
5.5 0.809 0.809 0.813 3 * 0.792 0.821 0.813
6.0 0.850 0.850 0.852 3 * 0.840 0.859 0.852
6.5 0.891 0.891 0.893 3 * 0.883 0.896 0.893
7.0 0.914 0.914 0.917 3 * 0.906 0.920 0.917
7.5 0.936 0.936 0.938 3 * 0.930 0.939 0.938
8.0 0.957 0.957 0.959 3 * 0.953 0.959 0.959
8.5 0.958 0.958 0.961 3 * 0.953 0.961 0.961
9.0 0.971 0.971 0.973 3 * 0.967 0.973 0.973
9.5 0.976 0.976 0.978 3 * 0.973 0.978 0.978
10.0 0.982 0.982 0.984 3 * 0.979 0.983 0.984
0.5 0.000 0.001 0.001 3 * 0.000 0.000 0.001
1.0 0.004 0.004 0.004 3 * 0.004 0.004 0.004
1.5 0.109 0.109 0.099 3 * 0.095 0.106 0.099
2.0 0.229 0.222 0.199 3 * 0.240 0.217 0.199
2.5 0.404 0.415 0.346 3 * 0.452 0.404 0.346
3.0 0.544 0.561 0.474 3 * 0.581 0.562 0.474
3.5 0.678 0.699 0.591 3 * 0.719 0.702 0.591
4.0 0.723 0.746 0.634 3 * 0.761 0.753 0.634
4.5 0.739 0.751 0.696 3 * 0.757 0.763 0.696
5.0 0.747 0.747 0.748 3 * 0.730 0.763 0.748
5.5 0.804 0.804 0.805 3 * 0.792 0.814 0.805
6.0 0.850 0.850 0.854 3 * 0.836 0.861 0.854
6.5 0.890 0.890 0.892 3 * 0.881 0.896 0.892
7.0 0.915 0.915 0.917 3 * 0.909 0.920 0.917
7.5 0.925 0.925 0.928 3 * 0.919 0.929 0.928
8.0 0.949 0.949 0.952 3 * 0.943 0.952 0.952
8.5 0.963 0.963 0.965 3 * 0.959 0.966 0.965
9.0 0.976 0.976 0.977 3 * 0.974 0.977 0.977
9.5 0.978 0.978 0.980 3 * 0.975 0.980 0.980
10.0 0.983 0.983 0.984 3 * 0.980 0.984 0.984
0.5 0.001 0.001 0.001 3 * 0.001 0.001 0.001
1.0 0.012 0.014 0.012 3 * 0.009 0.013 0.012
1.5 0.131 0.126 0.101 3 * 0.144 0.118 0.101
2.0 0.227 0.221 0.189 3 * 0.239 0.216 0.189
2.5 0.401 0.412 0.339 3 * 0.453 0.399 0.339
3.0 0.541 0.557 0.468 3 * 0.584 0.555 0.468
3.5 0.638 0.657 0.556 3 * 0.676 0.661 0.556
4.0 0.728 0.751 0.637 3 * 0.768 0.758 0.637
4.5 0.672 0.672 0.671 3 * 0.647 0.697 0.671
5.0 0.740 0.740 0.742 3 * 0.720 0.757 0.742
5.5 0.800 0.800 0.802 3 * 0.785 0.813 0.802
6.0 0.844 0.844 0.847 3 * 0.831 0.853 0.847
6.5 0.882 0.882 0.884 3 * 0.873 0.888 0.884
7.0 0.920 0.920 0.922 3 * 0.913 0.924 0.922
7.5 0.934 0.934 0.937 3 * 0.929 0.937 0.937
8.0 0.953 0.953 0.954 3 * 0.949 0.955 0.954
8.5 0.966 0.966 0.967 3 * 0.963 0.968 0.967
9.0 0.976 0.976 0.978 3 * 0.974 0.978 0.978
9.5 0.975 0.975 0.977 3 * 0.971 0.977 0.977
10.0 0.983 0.983 0.984 3 * 0.981 0.984 0.984
0.5 0.001 0.001 0.001 3 * 0.001 0.001 0.001
1.0 0.009 0.010 0.009 3 * 0.007 0.010 0.009
1.5 0.114 0.109 0.091 3 * 0.117 0.105 0.091
2.0 0.264 0.268 0.216 3 * 0.301 0.239 0.216
2.5 0.404 0.415 0.344 3 * 0.450 0.405 0.344
3.0 0.545 0.562 0.474 3 * 0.584 0.561 0.474
3.5 0.641 0.661 0.559 3 * 0.679 0.665 0.559
4.0 0.718 0.741 0.631 3 * 0.753 0.749 0.631
4.5 0.676 0.676 0.675 3 * 0.655 0.697 0.675
5.0 0.734 0.734 0.738 3 * 0.712 0.754 0.738
5.5 0.800 0.800 0.804 3 * 0.782 0.814 0.804
6.0 0.856 0.856 0.860 3 * 0.844 0.864 0.860
6.5 0.891 0.891 0.893 3 * 0.884 0.897 0.893
7.0 0.913 0.913 0.916 3 * 0.907 0.917 0.916
7.5 0.935 0.935 0.938 3 * 0.927 0.940 0.938
8.0 0.946 0.946 0.949 3 * 0.941 0.949 0.949
8.5 0.957 0.957 0.960 3 * 0.951 0.961 0.960
9.0 0.971 0.971 0.973 3 * 0.968 0.973 0.973
9.5 0.979 0.979 0.980 3 * 0.977 0.980 0.980
10.0 0.981 0.981 0.983 3 * 0.978 0.982 0.983
0.5 0.001 0.001 0.001 3 * 0.000 0.001 0.001
1.0 0.020 0.020 0.019 3 * 0.017 0.018 0.019
1.5 0.140 0.134 0.115 3 * 0.142 0.130 0.115
2.0 0.241 0.235 0.206 3 * 0.263 0.215 0.206
2.5 0.413 0.424 0.349 3 * 0.466 0.411 0.349
3.0 0.532 0.548 0.462 3 * 0.571 0.547 0.462
3.5 0.650 0.670 0.568 3 * 0.687 0.675 0.568
4.0 0.747 0.770 0.653 3 * 0.787 0.777 0.653
4.5 0.663 0.663 0.663 3 * 0.638 0.687 0.663
5.0 0.744 0.744 0.744 3 * 0.728 0.760 0.744
5.5 0.809 0.809 0.811 3 * 0.795 0.822 0.811
6.0 0.857 0.857 0.862 3 * 0.843 0.865 0.862
6.5 0.881 0.881 0.885 3 * 0.870 0.889 0.885
7.0 0.911 0.911 0.914 3 * 0.902 0.916 0.914
7.5 0.941 0.941 0.944 3 * 0.935 0.944 0.944
8.0 0.956 0.956 0.958 3 * 0.952 0.958 0.958
8.5 0.966 0.966 0.967 3 * 0.963 0.968 0.967
9.0 0.968 0.968 0.970 3 * 0.965 0.970 0.970
9.5 0.976 0.976 0.978 3 * 0.973 0.978 0.978
10.0 0.979 0.979 0.981 3 * 0.977 0.980 0.981
0.5 0.000 0.000 0.000 3 * 0.000 0.000 0.000
1.0 0.016 0.016 0.014 3 * 0.015 0.016 0.014
1.5 0.112 0.116 0.103 3 * 0.089 0.112 0.103
2.0 0.219 0.214 0.185 3 * 0.215 0.208 0.185
2.5 0.402 0.414 0.340 3 * 0.454 0.401 0.340
3.0 0.535 0.551 0.464 3 * 0.576 0.550 0.464
3.5 0.650 0.670 0.569 3 * 0.684 0.676 0.569
4.0 0.548 0.551 0.605 3 * 0.469 0.561 0.605
4.5 0.667 0.667 0.667 3 * 0.641 0.693 0.667
5.0 0.748 0.748 0.748 3 * 0.732 0.763 0.748
5.5 0.803 0.803 0.806 3 * 0.788 0.816 0.806
6.0 0.856 0.856 0.859 3 * 0.846 0.865 0.859
6.5 0.886 0.886 0.888 3 * 0.878 0.890 0.888
7.0 0.913 0.913 0.916 3 * 0.906 0.918 0.916
7.5 0.938 0.938 0.940 3 * 0.932 0.941 0.940
8.0 0.947 0.947 0.949 3 * 0.943 0.951 0.949
8.5 0.963 0.963 0.965 3 * 0.958 0.965 0.965
9.0 0.968 0.968 0.970 3 * 0.964 0.970 0.970
9.5 0.976 0.976 0.977 3 * 0.973 0.977 0.977
10.0 0.982 0.982 0.983 3 * 0.979 0.983 0.983
0.5 0.000 0.000 0.001 3 * 0.000 0.000 0.001
1.0 0.005 0.005 0.004 3 * 0.005 0.005 0.004
1.5 0.127 0.125 0.105 3 * 0.121 0.121 0.105
2.0 0.244 0.242 0.196 3 * 0.271 0.225 0.196
2.5 0.413 0.424 0.347 3 * 0.471 0.409 0.347
3.0 0.555 0.572 0.482 3 * 0.595 0.571 0.482
3.5 0.650 0.670 0.571 3 * 0.686 0.675 0.571
4.0 0.739 0.763 0.647 3 * 0.779 0.770 0.647
4.5 0.677 0.677 0.675 3 * 0.658 0.700 0.675
5.0 0.751 0.751 0.752 3 * 0.734 0.766 0.752
5.5 0.808 0.808 0.810 3 * 0.795 0.819 0.810
6.0 0.844 0.844 0.848 3 * 0.830 0.855 0.848
6.5 0.885 0.885 0.889 3 * 0.875 0.891 0.889
7.0 0.917 0.917 0.920 3 * 0.907 0.922 0.920
7.5 0.927 0.927 0.931 3 * 0.919 0.932 0.931
8.0 0.949 0.949 0.950 3 * 0.944 0.951 0.950
8.5 0.968 0.968 0.970 3 * 0.964 0.970 0.970
9.0 0.971 0.971 0.972 3 * 0.968 0.973 0.972
9.5 0.977 0.977 0.979 3 * 0.974 0.979 0.979
10.0 0.984 0.984 0.986 3 * 0.981 0.986 0.986
0.5 0.000 0.000 0.000 3 * 0.000 0.000 0.000
1.0 0.021 0.020 0.018 3 * 0.022 0.019 0.018
1.5 0.123 0.117 0.096 3 * 0.132 0.110 0.096
2.0 0.228 0.219 0.184 3 * 0.237 0.213 0.184
2.5 0.401 0.412 0.339 3 * 0.455 0.399 0.339
3.0 0.542 0.558 0.470 3 * 0.582 0.557 0.470
3.5 0.641 0.662 0.560 3 * 0.679 0.666 0.560
4.0 0.754 0.778 0.658 3 * 0.798 0.784 0.658
4.5 0.649 0.645 0.670 3 * 0.533 0.694 0.670
5.0 0.752 0.752 0.754 3 * 0.733 0.768 0.754
5.5 0.801 0.801 0.805 3 * 0.784 0.815 0.805
6.0 0.854 0.854 0.858 3 * 0.841 0.863 0.858
6.5 0.885 0.885 0.888 3 * 0.877 0.891 0.888
7.0 0.912 0.912 0.913 3 * 0.905 0.917 0.913
7.5 0.939 0.939 0.942 3 * 0.933 0.943 0.942
8.0 0.954 0.954 0.956 3 * 0.949 0.957 0.956
8.5 0.964 0.964 0.965 3 * 0.960 0.966 0.965
9.0 0.968 0.968 0.969 3 * 0.964 0.970 0.969
9.5 0.978 0.978 0.980 3 * 0.977 0.979 0.980
10.0 0.984 0.984 0.985 3 * 0.981 0.985 0.985
0.5 0.001 0.001 0.001 3 * 0.001 0.001 0.001
1.0 0.010 0.010 0.009 3 * 0.011 0.009 0.009
1.5 0.123 0.116 0.105 3 * 0.120 0.113 0.105
2.0 0.241 0.235 0.190 3 * 0.264 0.213 0.190
2.5 0.395 0.406 0.331 3 * 0.452 0.390 0.331
3.0 0.536 0.552 0.464 3 * 0.577 0.550 0.464
3.5 0.661 0.682 0.577 3 * 0.699 0.687 0.577
4.0 0.721 0.744 0.633 3 * 0.757 0.753 0.633
4.5 0.675 0.675 0.676 3 * 0.651 0.698 0.676
5.0 0.765 0.765 0.766 3 * 0.753 0.778 0.766
5.5 0.806 0.806 0.808 3 * 0.795 0.816 0.808
6.0 0.861 0.861 0.863 3 * 0.852 0.868 0.863
6.5 0.885 0.885 0.887 3 * 0.876 0.893 0.887
7.0 0.911 0.911 0.913 3 * 0.905 0.915 0.913
7.5 0.939 0.939 0.941 3 * 0.934 0.943 0.941
8.0 0.954 0.954 0.955 3 * 0.949 0.957 0.955
8.5 0.962 0.962 0.963 3 * 0.960 0.964 0.963
9.0 0.973 0.973 0.975 3 * 0.970 0.975 0.975
9.5 0.975 0.975 0.976 3 * 0.973 0.976 0.976
10.0 0.986 0.986 0.987 3 * 0.984 0.987 0.987
0.5 0.001 0.001 0.001 3 * 0.000 0.001 0.001
1.0 0.005 0.006 0.006 3 * 0.005 0.004 0.006
1.5 0.138 0.139 0.108 3 * 0.156 0.120 0.108
2.0 0.234 0.224 0.185 3 * 0.249 0.215 0.185
2.5 0.413 0.424 0.352 3 * 0.458 0.415 0.352
3.0 0.539 0.555 0.465 3 * 0.581 0.552 0.465
3.5 0.641 0.661 0.562 3 * 0.679 0.665 0.562
4.0 0.737 0.760 0.647 3 * 0.773 0.768 0.647
4.5 0.681 0.681 0.678 3 * 0.659 0.704 0.678
5.0 0.754 0.754 0.754 3 * 0.740 0.767 0.754
5.5 0.797 0.797 0.799 3 * 0.782 0.810 0.799
6.0 0.851 0.851 0.854 3 * 0.840 0.860 0.854
6.5 0.888 0.888 0.891 3 * 0.879 0.895 0.891
7.0 0.916 0.916 0.919 3 * 0.909 0.921 0.919
7.5 0.928 0.928 0.931 3 * 0.921 0.933 0.931
8.0 0.944 0.944 0.947 3 * 0.938 0.948 0.947
8.5 0.958 0.958 0.961 3 * 0.953 0.961 0.961
9.0 0.965 0.965 0.967 3 * 0.963 0.967 0.967
9.5 0.978 0.978 0.980 3 * 0.975 0.980 0.980
10.0 0.981 0.981 0.982 3 * 0.978 0.982 0.982
0.5 0.001 0.001 0.001 3 * 0.000 0.001 0.001
1.0 0.018 0.018 0.016 3 * 0.017 0.017 0.016
1.5 0.128 0.127 0.108 3 * 0.123 0.124 0.108
2.0 0.242 0.233 0.194 3 * 0.260 0.223 0.194
2.5 0.380 0.390 0.321 3 * 0.431 0.376 0.321
3.0 0.538 0.554 0.466 3 * 0.580 0.553 0.466
3.5 0.641 0.662 0.562 3 * 0.677 0.667 0.562
4.0 0.732 0.755 0.641 3 * 0.770 0.762 0.641
4.5 0.673 0.673 0.674 3 * 0.651 0.694 0.674
5.0 0.747 0.747 0.748 3 * 0.731 0.763 0.748
5.5 0.801 0.801 0.805 3 * 0.781 0.816 0.805
6.0 0.850 0.850 0.854 3 * 0.836 0.860 0.854
6.5 0.888 0.888 0.889 3 * 0.881 0.894 0.889
7.0 0.906 0.906 0.909 3 * 0.899 0.910 0.909
7.5 0.937 0.937 0.939 3 * 0.932 0.941 0.939
8.0 0.947 0.947 0.949 3 * 0.941 0.950 0.949
8.5 0.966 0.966 0.968 3 * 0.963 0.968 0.968
9.0 0.971 0.971 0.972 3 * 0.967 0.973 0.972
9.5 0.977 0.977 0.978 3 * 0.974 0.978 0.978
10.0 0.981 0.981 0.983 3 * 0.978 0.982 0.983
0.5 0.001 0.001 0.001 3 * 0.001 0.001 0.001
1.0 0.008 0.008 0.007 3 * 0.009 0.007 0.007
1.5 0.142 0.138 0.110 3 * 0.157 0.125 0.110
2.0 0.249 0.253 0.192 3 * 0.284 0.219 0.192
2.5 0.410 0.421 0.346 3 * 0.463 0.408 0.346
3.0 0.533 0.549 0.461 3 * 0.576 0.545 0.461
3.5 0.641 0.660 0.558 3 * 0.680 0.664 0.558
4.0 0.658 0.669 0.622 3 * 0.669 0.682 0.622
4.5 0.649 0.643 0.668 3 * 0.531 0.693 0.668
5.0 0.751 0.751 0.754 3 * 0.731 0.768 0.754
5.5 0.793 0.793 0.796 3 * 0.774 0.807 0.796
6.0 0.844 0.844 0.846 3 * 0.832 0.853 0.846
6.5 0.890 0.890 0.892 3 * 0.880 0.898 0.892
7.0 0.908 0.908 0.911 3 * 0.899 0.913 0.911
7.5 0.932 0.932 0.935 3 * 0.925 0.936 0.935
8.0 0.949 0.949 0.951 3 * 0.944 0.952 0.951
8.5 0.964 0.964 0.966 3 * 0.960 0.965 0.966
9.0 0.952 0.966 0.898 3 * 0.978 0.980 0.898
9.5 0.979 0.979 0.980 3 * 0.976 0.980 0.980
10.0 0.985 0.985 0.986 3 * 0.984 0.986 0.986
0.5 0.001 0.001 0.001 3 * 0.001 0.001 0.001
1.0 0.016 0.016 0.015 3 * 0.015 0.014 0.015
1.5 0.118 0.113 0.096 3 * 0.120 0.109 0.096
2.0 0.229 0.229 0.197 3 * 0.235 0.227 0.197
2.5 0.413 0.425 0.349 3 * 0.466 0.412 0.349
3.0 0.547 0.563 0.474 3 * 0.588 0.561 0.474
3.5 0.648 0.668 0.565 3 * 0.688 0.671 0.565
4.0 0.714 0.736 0.626 3 * 0.751 0.743 0.626
4.5 0.718 0.729 0.685 3 * 0.723 0.746 0.685
5.0 0.759 0.759 0.761 3 * 0.743 0.772 0.761
5.5 0.809 0.809 0.812 3 * 0.793 0.821 0.812
6.0 0.852 0.852 0.856 3 * 0.840 0.861 0.856
6.5 0.893 0.893 0.893 3 * 0.887 0.898 0.893
7.0 0.905 0.905 0.908 3 * 0.896 0.911 0.908
7.5 0.933 0.933 0.935 3 * 0.926 0.937 0.935
8.0 0.949 0.949 0.951 3 * 0.945 0.952 0.951
8.5 0.962 0.962 0.964 3 * 0.957 0.965 0.964
9.0 0.968 0.968 0.970 3 * 0.964 0.970 0.970
9.5 0.978 0.978 0.979 3 * 0.976 0.979 0.979
10.0 0.984 0.984 0.985 3 * 0.981 0.985 0.985
0.5 0.001 0.001 0.001 3 * 0.001 0.001 0.001
1.0 0.019 0.018 0.015 3 * 0.020 0.017 0.015
1.5 0.124 0.122 0.112 3 * 0.109 0.118 0.112
2.0 0.205 0.205 0.196 3 * 0.194 0.205 0.196
2.5 0.388 0.399 0.324 3 * 0.446 0.382 0.324
3.0 0.532 0.548 0.461 3 * 0.572 0.546 0.461
3.5 0.639 0.659 0.559 3 * 0.676 0.664 0.559
4.0 0.746 0.769 0.652 3 * 0.787 0.776 0.652
4.5 0.670 0.670 0.670 3 * 0.646 0.695 0.670
5.0 0.738 0.738 0.740 3 * 0.719 0.755 0.740
5.5 0.805 0.805 0.806 3 * 0.791 0.817 0.806
6.0 0.856 0.856 0.861 3 * 0.845 0.864 0.861
6.5 0.879 0.879 0.883 3 * 0.868 0.887 0.883
7.0 0.927 0.927 0.928 3 * 0.921 0.930 0.928
7.5 0.936 0.936 0.939 3 * 0.930 0.939 0.939
8.0 0.952 0.952 0.953 3 * 0.948 0.954 0.953
8.5 0.960 0.960 0.962 3 * 0.956 0.962 0.962
9.0 0.968 0.968 0.970 3 * 0.965 0.970 0.970
9.5 0.981 0.981 0.983 3 * 0.979 0.983 0.983
10.0 0.986 0.986 0.988 3 * 0.984 0.987 0.988
0.5 0.001 0.001 0.001 3 * 0.000 0.001 0.001
1.0 0.012 0.013 0.010 3 * 0.014 0.010 0.010
1.5 0.131 0.129 0.101 3 * 0.145 0.117 0.101
2.0 0.224 0.215 0.185 3 * 0.242 0.199 0.185
2.5 0.401 0.412 0.341 3 * 0.450 0.400 0.341
3.0 0.543 0.559 0.471 3 * 0.583 0.558 0.471
3.5 0.652 0.673 0.570 3 * 0.687 0.679 0.570
4.0 0.750 0.773 0.655 3 * 0.792 0.780 0.655
4.5 0.681 0.681 0.680 3 * 0.660 0.702 0.680
5.0 0.731 0.731 0.731 3 * 0.712 0.749 0.731
5.5 0.801 0.801 0.804 3 * 0.787 0.813 0.804
6.0 0.853 0.853 0.856 3 * 0.839 0.862 0.856
6.5 0.888 0.888 0.891 3 * 0.876 0.895 0.891
7.0 0.918 0.918 0.921 3 * 0.910 0.922 0.921
7.5 0.931 0.931 0.934 3 * 0.923 0.936 0.934
8.0 0.954 0.954 0.956 3 * 0.949 0.956 0.956
8.5 0.968 0.968 0.970 3 * 0.964 0.969 0.970
9.0 0.970 0.970 0.972 3 * 0.967 0.972 0.972
9.5 0.979 0.979 0.980 3 * 0.977 0.980 0.980
10.0 0.982 0.982 0.984 3 * 0.980 0.983 0.984
0.5 0.001 0.001 0.001 3 * 0.000 0.001 0.001
1.0 0.026 0.026 0.023 3 * 0.026 0.026 0.023
1.5 0.138 0.133 0.109 3 * 0.150 0.122 0.109
2.0 0.202 0.201 0.190 3 * 0.178 0.196 0.190
2.5 0.403 0.414 0.338 3 * 0.461 0.398 0.338
3.0 0.536 0.552 0.465 3 * 0.577 0.550 0.465
3.5 0.656 0.676 0.570 3 * 0.699 0.677 0.570
4.0 0.751 0.774 0.654 3 * 0.797 0.779 0.654
4.5 0.651 0.649 0.673 3 * 0.536 0.697 0.673
5.0 0.736 0.736 0.737 3 * 0.716 0.756 0.737
5.5 0.796 0.796 0.798 3 * 0.783 0.808 0.798
6.0 0.854 0.854 0.856 3 * 0.843 0.862 0.856
6.5 0.889 0.889 0.892 3 * 0.878 0.896 0.892
7.0 0.914 0.914 0.916 3 * 0.908 0.919 0.916
7.5 0.931 0.931 0.934 3 * 0.924 0.935 0.934
8.0 0.946 0.946 0.950 3 * 0.940 0.950 0.950
8.5 0.962 0.962 0.965 3 * 0.958 0.964 0.965
9.0 0.970 0.970 0.973 3 * 0.966 0.973 0.973
9.5 0.976 0.976 0.978 3 * 0.974 0.977 0.978
10.0 0.985 0.985 0.986 3 * 0.982 0.986 0.986
0.5 0.001 0.001 0.001 3 * 0.000 0.001 0.001
1.0 0.015 0.016 0.012 3 * 0.018 0.013 0.012
1.5 0.121 0.116 0.100 3 * 0.131 0.104 0.100
2.0 0.208 0.205 0.196 3 * 0.191 0.200 0.196
2.5 0.408 0.419 0.347 3 * 0.457 0.408 0.347
3.0 0.532 0.548 0.461 3 * 0.573 0.545 0.461
3.5 0.644 0.664 0.563 3 * 0.681 0.669 0.563
4.0 0.743 0.766 0.651 3 * 0.781 0.774 0.651
4.5 0.649 0.644 0.669 3 * 0.536 0.692 0.669
5.0 0.755 0.755 0.757 3 * 0.736 0.771 0.757
5.5 0.798 0.798 0.800 3 * 0.782 0.812 0.800
6.0 0.848 0.848 0.851 3 * 0.835 0.857 0.851
6.5 0.882 0.882 0.886 3 * 0.869 0.891 0.886
7.0 0.924 0.924 0.925 3 * 0.919 0.928 0.925
7.5 0.932 0.932 0.935 3 * 0.926 0.937 0.935
8.0 0.949 0.949 0.951 3 * 0.943 0.953 0.951
8.5 0.962 0.962 0.964 3 * 0.957 0.964 0.964
9.0 0.976 0.976 0.977 3 * 0.972 0.978 0.977
9.5 0.977 0.977 0.978 3 * 0.975 0.978 0.978
10.0 0.984 0.984 0.985 3 * 0.983 0.985 0.985
0.5 0.001 0.001 0.001 3 * 0.001 0.001 0.001
1.0 0.010 0.010 0.008 3 * 0.010 0.009 0.008
1.5 0.131 0.128 0.101 3 * 0.146 0.116 0.101
2.0 0.223 0.209 0.181 3 * 0.233 0.201 0.181
2.5 0.398 0.409 0.339 3 * 0.444 0.399 0.339
3.0 0.540 0.556 0.470 3 * 0.577 0.557 0.470
3.5 0.631 0.651 0.552 3 * 0.668 0.656 0.552
4.0 0.735 0.758 0.644 3 * 0.772 0.766 0.644
4.5 0.656 0.656 0.657 3 * 0.629 0.682 0.657
5.0 0.727 0.727 0.732 3 * 0.697 0.752 0.732
5.5 0.817 0.817 0.817 3 * 0.805 0.827 0.817
6.0 0.851 0.851 0.854 3 * 0.840 0.860 0.854
6.5 0.893 0.893 0.896 3 * 0.883 0.900 0.896
7.0 0.917 0.917 0.920 3 * 0.910 0.922 0.920
7.5 0.932 0.932 0.935 3 * 0.924 0.937 0.935
8.0 0.948 0.948 0.951 3 * 0.940 0.952 0.951
8.5 0.961 0.961 0.963 3 * 0.956 0.963 0.963
9.0 0.971 0.971 0.972 3 * 0.968 0.972 0.972
9.5 0.979 0.979 0.980 3 * 0.977 0.980 0.980
10.0 0.986 0.986 0.987 3 * 0.984 0.987 0.987
0.5 0.001 0.001 0.001 3 * 0.000 0.001 0.001
1.0 0.005 0.005 0.005 3 * 0.006 0.005 0.005
1.5 0.126 0.119 0.102 3 * 0.130 0.115 0.102
2.0 0.246 0.248 0.201 3 * 0.278 0.223 0.201
2.5 0.396 0.406 0.338 3 * 0.441 0.396 0.338
3.0 0.544 0.560 0.475 3 * 0.580 0.562 0.475
3.5 0.656 0.676 0.572 3 * 0.696 0.680 0.572
4.0 0.723 0.747 0.638 3 * 0.755 0.756 0.638
4.5 0.731 0.744 0.690 3 * 0.746 0.758 0.690
5.0 0.743 0.743 0.746 3 * 0.724 0.760 0.746
5.5 0.800 0.800 0.803 3 * 0.784 0.814 0.803
6.0 0.855 0.855 0.857 3 * 0.843 0.864 0.857
6.5 0.887 0.887 0.890 3 * 0.879 0.893 0.890
7.0 0.920 0.920 0.922 3 * 0.914 0.924 0.922
7.5 0.933 0.933 0.934 3 * 0.929 0.936 0.934
8.0 0.950 0.950 0.952 3 * 0.944 0.953 0.952
8.5 0.964 0.964 0.966 3 * 0.960 0.967 0.966
9.0 0.970 0.970 0.971 3 * 0.966 0.972 0.971
9.5 0.977 0.977 0.979 3 * 0.974 0.979 0.979
10.0 0.983 0.983 0.984 3 * 0.980 0.984 0.984
0.5 0.001 0.001 0.001 3 * 0.000 0.001 0.001
1.0 0.019 0.019 0.017 3 * 0.019 0.018 0.017
1.5 0.143 0.138 0.111 3 * 0.154 0.128 0.111
2.0 0.226 0.213 0.188 3 * 0.239 0.197 0.188
2.5 0.408 0.419 0.346 3 * 0.457 0.407 0.346
3.0 0.537 0.553 0.467 3 * 0.574 0.553 0.467
3.5 0.641 0.661 0.561 3 * 0.677 0.667 0.561
4.0 0.728 0.751 0.639 3 * 0.763 0.760 0.639
4.5 0.684 0.684 0.685 3 * 0.663 0.706 0.685
5.0 0.765 0.765 0.766 3 * 0.749 0.781 0.766
5.5 0.801 0.801 0.802 3 * 0.789 0.812 0.802
6.0 0.845 0.845 0.849 3 * 0.830 0.855 0.849
6.5 0.889 0.889 0.892 3 * 0.881 0.895 0.892
7.0 0.918 0.918 0.920 3 * 0.912 0.923 0.920
7.5 0.936 0.936 0.938 3 * 0.931 0.940 0.938
8.0 0.952 0.952 0.953 3 * 0.949 0.954 0.953
8.5 0.961 0.961 0.963 3 * 0.958 0.963 0.963
9.0 0.972 0.972 0.973 3 * 0.970 0.974 0.973
9.5 0.976 0.976 0.977 3 * 0.974 0.977 0.977
10.0 0.984 0.984 0.985 3 * 0.981 0.985 0.985
0.5 0.001 0.001 0.001 3 * 0.000 0.001 0.001
1.0 0.007 0.007 0.006 3 * 0.008 0.006 0.006
1.5 0.130 0.125 0.104 3 * 0.140 0.116 0.104
2.0 0.184 0.189 0.178 3 * 0.147 0.181 0.178
2.5 0.402 0.413 0.340 3 * 0.453 0.401 0.340
3.0 0.540 0.556 0.469 3 * 0.578 0.556 0.469
3.5 0.654 0.675 0.573 3 * 0.687 0.682 0.573
4.0 0.734 0.757 0.644 3 * 0.769 0.766 0.644
4.5 0.647 0.644 0.667 3 * 0.533 0.694 0.667
5.0 0.744 0.744 0.746 3 * 0.725 0.763 0.746
5.5 0.807 0.807 0.810 3 * 0.792 0.820 0.810
6.0 0.850 0.850 0.853 3 * 0.839 0.859 0.853
6.5 0.898 0.898 0.902 3 * 0.888 0.904 0.902
7.0 0.919 0.919 0.923 3 * 0.911 0.924 0.923
7.5 0.932 0.932 0.935 3 * 0.926 0.936 0.935
8.0 0.946 0.946 0.948 3 * 0.940 0.949 0.948
8.5 0.962 0.962 0.964 3 * 0.957 0.965 0.964
9.0 0.967 0.967 0.970 3 * 0.962 0.970 0.970
9.5 0.977 0.977 0.979 3 * 0.974 0.978 0.979
10.0 0.983 0.983 0.985 3 * 0.981 0.985 0.985
0.5 0.001 0.001 0.001 3 * 0.000 0.001 0.001
1.0 0.026 0.028 0.024 3 * 0.019 0.027 0.024
1.5 0.113 0.113 0.104 3 * 0.096 0.110 0.104
2.0 0.211 0.213 0.184 3 * 0.200 0.209 0.184
2.5 0.408 0.419 0.346 3 * 0.461 0.406 0.346
3.0 0.535 0.551 0.464 3 * 0.578 0.549 0.464
3.5 0.648 0.669 0.566 3 * 0.686 0.673 0.566
4.0 0.736 0.759 0.645 3 * 0.774 0.766 0.645
4.5 0.646 0.644 0.669 3 * 0.529 0.691 0.669
5.0 0.734 0.734 0.736 3 * 0.712 0.755 0.736
5.5 0.809 0.809 0.813 3 * 0.793 0.822 0.813
6.0 0.860 0.860 0.862 3 * 0.851 0.866 0.862
6.5 0.884 0.884 0.886 3 * 0.875 0.890 0.886
7.0 0.909 0.909 0.912 3 * 0.901 0.914 0.912
7.5 0.935 0.935 0.937 3 * 0.930 0.937 0.937
8.0 0.951 0.951 0.953 3 * 0.946 0.955 0.953
8.5 0.965 0.965 0.966 3 * 0.962 0.966 0.966
9.0 0.970 0.970 0.971 3 * 0.967 0.972 0.971
9.5 0.984 0.984 0.985 3 * 0.981 0.985 0.985
10.0 0.984 0.984 0.985 3 * 0.983 0.985 0.985
0.5 0.001 0.001 0.001 3 * 0.000 0.000 0.001
1.0 0.016 0.018 0.012 3 * 0.020 0.014 0.012
1.5 0.122 0.117 0.098 3 * 0.131 0.110 0.098
2.0 0.251 0.256 0.201 3 * 0.287 0.230 0.201
2.5 0.421 0.433 0.360 3 * 0.467 0.425 0.360
3.0 0.544 0.561 0.472 3 * 0.585 0.559 0.472
3.5 0.646 0.667 0.566 3 * 0.679 0.674 0.566
4.0 0.733 0.757 0.643 3 * 0.772 0.764 0.643
4.5 0.674 0.674 0.673 3 * 0.653 0.695 0.673
5.0 0.743 0.743 0.744 3 * 0.726 0.760 0.744
5.5 0.804 0.804 0.807 3 * 0.789 0.817 0.807
6.0 0.848 0.848 0.850 3 * 0.836 0.857 0.850
6.5 0.881 0.881 0.886 3 * 0.870 0.889 0.886
7.0 0.915 0.915 0.917 3 * 0.908 0.919 0.917
7.5 0.941 0.941 0.943 3 * 0.935 0.944 0.943
8.0 0.949 0.949 0.951 3 * 0.944 0.951 0.951
8.5 0.965 0.965 0.966 3 * 0.962 0.966 0.966
9.0 0.970 0.970 0.971 3 * 0.966 0.971 0.971
9.5 0.978 0.978 0.980 3 * 0.975 0.979 0.980
10.0 0.985 0.985 0.986 3 * 0.984 0.986 0.986
0.5 0.001 0.001 0.001 3 * 0.001 0.001 0.001
1.0 0.009 0.010 0.010 3 * 0.007 0.009 0.010
1.5 0.126 0.121 0.096 3 * 0.138 0.112 0.096
2.0 0.212 0.201 0.188 3 * 0.221 0.179 0.188
2.5 0.421 0.433 0.362 3 * 0.464 0.426 0.362
3.0 0.541 0.557 0.469 3 * 0.581 0.555 0.469
3.5 0.644 0.664 0.564 3 * 0.679 0.669 0.564
4.0 0.729 0.752 0.639 3 * 0.766 0.759 0.639
4.5 0.676 0.676 0.674 3 * 0.654 0.698 0.674
5.0 0.749 0.749 0.750 3 * 0.732 0.765 0.750
5.5 0.798 0.798 0.801 3 * 0.781 0.812 0.801
6.0 0.855 0.855 0.857 3 * 0.845 0.864 0.857
6.5 0.890 0.890 0.894 3 * 0.880 0.897 0.894
7.0 0.902 0.902 0.904 3 * 0.894 0.908 0.904
7.5 0.939 0.939 0.941 3 * 0.936 0.941 0.941
8.0 0.944 0.958 0.890 3 * 0.970 0.971 0.890
8.5 0.958 0.958 0.960 3 * 0.953 0.961 0.960
9.0 0.975 0.975 0.976 3 * 0.972 0.976 0.976
9.5 0.979 0.979 0.980 3 * 0.977 0.980 0.980
10.0 0.983 0.983 0.984 3 * 0.980 0.983 0.984
0.5 0.001 0.001 0.001 3 * 0.000 0.001 0.001
1.0 0.013 0.013 0.012 3 * 0.012 0.013 0.012
1.5 0.119 0.113 0.095 3 * 0.128 0.107 0.095
2.0 0.225 0.218 0.181 3 * 0.243 0.206 0.181
2.5 0.405 0.417 0.345 3 * 0.454 0.406 0.345
3.0 0.538 0.554 0.466 3 * 0.579 0.552 0.466
3.5 0.642 0.662 0.561 3 * 0.678 0.667 0.561
4.0 0.730 0.753 0.640 3 * 0.769 0.760 0.640
4.5 0.678 0.678 0.679 3 * 0.657 0.699 0.679
5.0 0.757 0.757 0.758 3 * 0.739 0.774 0.758
5.5 0.811 0.811 0.814 3 * 0.796 0.823 0.814
6.0 0.849 0.849 0.852 3 * 0.837 0.858 0.852
6.5 0.898 0.912 0.848 3 * 0.921 0.925 0.848
7.0 0.913 0.913 0.915 3 * 0.906 0.917 0.915
7.5 0.933 0.933 0.936 3 * 0.926 0.937 0.936
8.0 0.957 0.957 0.958 3 * 0.952 0.959 0.958
8.5 0.961 0.961 0.963 3 * 0.956 0.963 0.963
9.0 0.967 0.967 0.969 3 * 0.963 0.969 0.969
9.5 0.978 0.978 0.979 3 * 0.975 0.979 0.979
10.0 0.982 0.982 0.983 3 * 0.980 0.983 0.983
0.5 0.001 0.001 0.001 3 * 0.000 0.001 0.001
1.0 0.009 0.012 0.010 3 * 0.004 0.011 0.010
1.5 0.132 0.126 0.107 3 * 0.134 0.122 0.107
2.0 0.262 0.270 0.201 3 * 0.303 0.233 0.201
2.5 0.400 0.411 0.338 3 * 0.451 0.398 0.338
3.0 0.535 0.551 0.464 3 * 0.573 0.550 0.464
3.5 0.650 0.670 0.570 3 * 0.683 0.678 0.570
4.0 0.736 0.759 0.644 3 * 0.777 0.765 0.644
4.5 0.674 0.674 0.674 3 * 0.653 0.695 0.674
5.0 0.796 0.808 0.753 3 * 0.814 0.822 0.753
5.5 0.822 0.822 0.824 3 * 0.809 0.833 0.824
6.0 0.853 0.853 0.856 3 * 0.841 0.862 0.856
6.5 0.887 0.887 0.889 3 * 0.877 0.894 0.889
7.0 0.912 0.912 0.916 3 * 0.903 0.919 0.916
7.5 0.934 0.934 0.937 3 * 0.927 0.938 0.937
8.0 0.952 0.952 0.954 3 * 0.947 0.954 0.954
8.5 0.960 0.960 0.962 3 * 0.956 0.962 0.962
9.0 0.973 0.973 0.974 3 * 0.970 0.975 0.974
9.5 0.977 0.977 0.979 3 * 0.974 0.979 0.979
10.0 0.982 0.982 0.983 3 * 0.979 0.983 0.983
0.5 0.001 0.001 0.001 3 * 0.000 0.000 0.001
1.0 0.014 0.014 0.013 3 * 0.012 0.014 0.013
1.5 0.135 0.129 0.105 3 * 0.145 0.122 0.105
2.0 0.244 0.237 0.212 3 * 0.259 0.231 0.212
2.5 0.406 0.417 0.347 3 * 0.449 0.408 0.347
3.0 0.538 0.554 0.467 3 * 0.577 0.554 0.467
3.5 0.650 0.671 0.570 3 * 0.682 0.678 0.570
4.0 0.612 0.613 0.604 3 * 0.600 0.632 0.604
4.5 0.671 0.671 0.668 3 * 0.653 0.692 0.668
5.0 0.752 0.752 0.756 3 * 0.731 0.769 0.756
5.5 0.800 0.800 0.802 3 * 0.786 0.812 0.802
6.0 0.840 0.840 0.843 3 * 0.826 0.850 0.843
6.5 0.891 0.891 0.894 3 * 0.881 0.897 0.894
7.0 0.909 0.909 0.912 3 * 0.901 0.914 0.912
7.5 0.936 0.936 0.939 3 * 0.929 0.941 0.939
8.0 0.950 0.950 0.953 3 * 0.945 0.953 0.953
8.5 0.960 0.960 0.962 3 * 0.954 0.963 0.962
9.0 0.973 0.973 0.976 3 * 0.969 0.975 0.976
9.5 0.978 0.978 0.980 3 * 0.976 0.980 0.980
10.0 0.984 0.984 0.986 3 * 0.982 0.985 0.986
0.5 0.001 0.002 0.002 3 * 0.001 0.001 0.002
1.0 0.012 0.013 0.011 3 * 0.014 0.011 0.011
1.5 0.132 0.137 0.099 3 * 0.153 0.114 0.099
2.0 0.260 0.269 0.200 3 * 0.301 0.229 0.200
2.5 0.402 0.413 0.341 3 * 0.452 0.401 0.341
3.0 0.544 0.561 0.470 3 * 0.588 0.558 0.470
3.5 0.641 0.661 0.561 3 * 0.676 0.667 0.561
4.0 0.744 0.768 0.652 3 * 0.783 0.776 0.652
4.5 0.677 0.677 0.676 3 * 0.654 0.702 0.676
5.0 0.750 0.750 0.752 3 * 0.733 0.766 0.752
5.5 0.810 0.810 0.812 3 * 0.799 0.820 0.812
6.0 0.854 0.854 0.857 3 * 0.843 0.863 0.857
6.5 0.893 0.893 0.895 3 * 0.884 0.900 0.895
7.0 0.917 0.917 0.920 3 * 0.909 0.923 0.920
7.5 0.934 0.934 0.936 3 * 0.929 0.937 0.936
8.0 0.951 0.951 0.953 3 * 0.947 0.954 0.953
8.5 0.960 0.960 0.962 3 * 0.956 0.962 0.962
9.0 0.972 0.972 0.973 3 * 0.969 0.973 0.973
9.5 0.976 0.976 0.978 3 * 0.973 0.977 0.978
10.0 0.983 0.983 0.984 3 * 0.980 0.984 0.984
0.5 0.001 0.001 0.001 3 * 0.001 0.001 0.001
1.0 0.019 0.018 0.016 3 * 0.018 0.018 0.016
1.5 0.140 0.140 0.109 3 * 0.157 0.122 0.109
2.0 0.194 0.210 0.201 3 * 0.146 0.189 0.201
2.5 0.413 0.424 0.353 3 * 0.458 0.415 0.353
3.0 0.537 0.554 0.467 3 * 0.575 0.554 0.467
3.5 0.651 0.672 0.569 3 * 0.690 0.676 0.569
4.0 0.735 0.758 0.644 3 * 0.773 0.765 0.644
4.5 0.680 0.680 0.678 3 * 0.659 0.704 0.678
5.0 0.740 0.740 0.743 3 * 0.722 0.756 0.743
5.5 0.808 0.808 0.809 3 * 0.798 0.818 0.809
6.0 0.850 0.850 0.852 3 * 0.838 0.859 0.852
6.5 0.890 0.890 0.892 3 * 0.881 0.896 0.892
7.0 0.920 0.920 0.923 3 * 0.912 0.924 0.923
7.5 0.930 0.930 0.932 3 * 0.923 0.934 0.932
8.0 0.951 0.951 0.953 3 * 0.947 0.953 0.953
8.5 0.966 0.966 0.967 3 * 0.964 0.967 0.967
9.0 0.964 0.964 0.966 3 * 0.960 0.967 0.966
9.5 0.978 0.978 0.980 3 * 0.974 0.979 0.980
10.0 0.984 0.984 0.985 3 * 0.981 0.985 0.985
0.5 0.000 0.000 0.001 3 * 0.000 0.000 0.001
1.0 0.013 0.013 0.010 3 * 0.014 0.012 0.010
1.5 0.131 0.127 0.106 3 * 0.143 0.113 0.106
2.0 0.226 0.214 0.184 3 * 0.236 0.207 0.184
2.5 0.401 0.412 0.342 3 * 0.450 0.401 0.342
3.0 0.533 0.549 0.462 3 * 0.573 0.547 0.462
3.5 0.648 0.668 0.567 3 * 0.685 0.672 0.567
4.0 0.737 0.760 0.645 3 * 0.777 0.766 0.645
4.5 0.672 0.672 0.669 3 * 0.654 0.693 0.669
5.0 0.738 0.738 0.741 3 * 0.715 0.757 0.741
5.5 0.797 0.797 0.801 3 * 0.781 0.810 0.801
6.0 0.857 0.857 0.858 3 * 0.847 0.866 0.858
6.5 0.895 0.908 0.846 3 * 0.916 0.923 0.846
7.0 0.915 0.915 0.917 3 * 0.907 0.920 0.917
7.5 0.937 0.937 0.939 3 * 0.932 0.941 0.939
8.0 0.952 0.952 0.955 3 * 0.946 0.955 0.955
8.5 0.958 0.958 0.961 3 * 0.952 0.960 0.961
9.0 0.969 0.969 0.970 3 * 0.965 0.970 0.970
9.5 0.979 0.979 0.980 3 * 0.975 0.981 0.980
10.0 0.982 0.982 0.983 3 * 0.980 0.983 0.983
0.5 0.001 0.001 0.001 3 * 0.001 0.001 0.001
1.0 0.023 0.023 0.022 3 * 0.019 0.021 0.022
1.5 0.121 0.114 0.098 3 * 0.128 0.109 0.098
2.0 0.236 0.238 0.195 3 * 0.267 0.212 0.195
2.5 0.423 0.435 0.359 3 * 0.475 0.423 0.359
3.0 0.533 0.549 0.462 3 * 0.572 0.548 0.462
3.5 0.648 0.668 0.567 3 * 0.686 0.673 0.567
4.0 0.743 0.767 0.653 3 * 0.780 0.775 0.653
4.5 0.677 0.677 0.677 3 * 0.658 0.698 0.677
5.0 0.737 0.737 0.740 3 * 0.715 0.756 0.740
5.5 0.803 0.803 0.806 3 * 0.789 0.815 0.806
6.0 0.846 0.846 0.850 3 * 0.832 0.856 0.850
6.5 0.888 0.888 0.890 3 * 0.880 0.894 0.890
7.0 0.913 0.913 0.916 3 * 0.905 0.917 0.916
7.5 0.932 0.932 0.935 3 * 0.924 0.936 0.935
8.0 0.950 0.950 0.952 3 * 0.945 0.953 0.952
8.5 0.964 0.964 0.966 3 * 0.960 0.966 0.966
9.0 0.972 0.972 0.974 3 * 0.968 0.974 0.974
9.5 0.973 0.973 0.974 3 * 0.970 0.974 0.974
10.0 0.982 0.982 0.982 3 * 0.980 0.983 0.982
0.5 0.001 0.001 0.001 3 * 0.000 0.001 0.001
1.0 0.006 0.007 0.006 3 * 0.004 0.006 0.006
1.5 0.121 0.121 0.104 3 * 0.110 0.117 0.104
2.0 0.262 0.257 0.213 3 * 0.287 0.247 0.213
2.5 0.394 0.405 0.333 3 * 0.447 0.391 0.333
3.0 0.539 0.555 0.466 3 * 0.582 0.552 0.466
3.5 0.672 0.693 0.587 3 * 0.711 0.697 0.587
4.0 0.739 0.763 0.649 3 * 0.776 0.771 0.649
4.5 0.727 0.739 0.689 3 * 0.739 0.754 0.689
5.0 0.726 0.726 0.726 3 * 0.705 0.746 0.726
5.5 0.810 0.810 0.811 3 * 0.799 0.820 0.811
6.0 0.851 0.851 0.853 3 * 0.840 0.859 0.853
6.5 0.894 0.894 0.896 3 * 0.885 0.899 0.896
7.0 0.916 0.916 0.920 3 * 0.908 0.921 0.920
7.5 0.930 0.930 0.932 3 * 0.925 0.934 0.932
8.0 0.947 0.947 0.950 3 * 0.942 0.950 0.950
8.5 0.959 0.959 0.960 3 * 0.956 0.960 0.960
9.0 0.971 0.971 0.972 3 * 0.968 0.972 0.972
9.5 0.971 0.971 0.973 3 * 0.968 0.973 0.973
10.0 0.984 0.984 0.985 3 * 0.983 0.985 0.985
0.5 0.001 0.001 0.001 3 * 0.001 0.001 0.001
1.0 0.014 0.016 0.011 3 * 0.017 0.013 0.011
1.5 0.124 0.125 0.105 3 * 0.115 0.121 0.105
2.0 0.227 0.219 0.177 3 * 0.246 0.205 0.177
2.5 0.419 0.431 0.359 3 * 0.463 0.423 0.359
3.0 0.552 0.569 0.481 3 * 0.591 0.569 0.481
3.5 0.648 0.668 0.568 3 * 0.680 0.675 0.568
4.0 0.738 0.761 0.649 3 * 0.771 0.771 0.649
4.5 0.682 0.682 0.682 3 * 0.661 0.705 0.682
5.0 0.756 0.756 0.758 3 * 0.736 0.775 0.758
5.5 0.800 0.800 0.802 3 * 0.786 0.812 0.802
6.0 0.851 0.851 0.855 3 * 0.838 0.860 0.855
6.5 0.880 0.880 0.883 3 * 0.870 0.887 0.883
7.0 0.913 0.913 0.915 3 * 0.907 0.918 0.915
7.5 0.934 0.934 0.936 3 * 0.928 0.938 0.936
8.0 0.949 0.949 0.951 3 * 0.943 0.952 0.951
8.5 0.955 0.955 0.957 3 * 0.951 0.957 0.957
9.0 0.974 0.974 0.976 3 * 0.971 0.976 0.976
9.5 0.979 0.979 0.980 3 * 0.976 0.980 0.980
10.0 0.983 0.983 0.984 3 * 0.981 0.984 0.984
0.5 0.001 0.001 0.001 3 * 0.001 0.001 0.001
1.0 0.015 0.014 0.014 3 * 0.016 0.014 0.014
1.5 0.118 0.111 0.099 3 * 0.126 0.104 0.099
2.0 0.235 0.228 0.188 3 * 0.257 0.216 0.188
2.5 0.389 0.399 0.330 3 * 0.440 0.386 0.330
3.0 0.545 0.562 0.474 3 * 0.584 0.561 0.474
3.5 0.637 0.656 0.555 3 * 0.675 0.660 0.555
4.0 0.726 0.749 0.637 3 * 0.762 0.757 0.637
4.5 0.655 0.651 0.677 3 * 0.540 0.699 0.677
5.0 0.744 0.744 0.745 3 * 0.724 0.764 0.745
5.5 0.812 0.812 0.815 3 * 0.799 0.823 0.815
6.0 0.849 0.849 0.851 3 * 0.839 0.858 0.851
6.5 0.884 0.884 0.887 3 * 0.873 0.892 0.887
7.0 0.913 0.913 0.916 3 * 0.904 0.919 0.916
7.5 0.937 0.937 0.939 3 * 0.932 0.940 0.939
8.0 0.955 0.955 0.956 3 * 0.952 0.958 0.956
8.5 0.964 0.964 0.966 3 * 0.959 0.967 0.966
9.0 0.969 0.969 0.971 3 * 0.965 0.971 0.971
9.5 0.982 0.982 0.983 3 * 0.980 0.983 0.983
10.0 0.984 0.984 0.985 3 * 0.982 0.985 0.985
0.5 0.001 0.001 0.001 3 * 0.000 0.001 0.001
1.0 0.016 0.016 0.013 3 * 0.018 0.014 0.013
1.5 0.121 0.114 0.104 3 * 0.128 0.104 0.104
2.0 0.220 0.210 0.194 3 * 0.217 0.206 0.194
2.5 0.400 0.412 0.337 3 * 0.456 0.397 0.337
3.0 0.531 0.547 0.459 3 * 0.573 0.544 0.459
3.5 0.657 0.678 0.574 3 * 0.696 0.682 0.574
4.0 0.738 0.761 0.645 3 * 0.780 0.767 0.645
4.5 0.668 0.668 0.668 3 * 0.643 0.694 0.668
5.0 0.744 0.744 0.745 3 * 0.727 0.760 0.745
5.5 0.807 0.807 0.810 3 * 0.791 0.819 0.810
6.0 0.848 0.848 0.850 3 * 0.837 0.856 0.850
6.5 0.892 0.892 0.895 3 * 0.882 0.898 0.895
7.0 0.915 0.915 0.917 3 * 0.910 0.919 0.917
7.5 0.930 0.930 0.931 3 * 0.924 0.934 0.931
8.0 0.953 0.953 0.956 3 * 0.947 0.956 0.956
8.5 0.963 0.963 0.965 3 * 0.958 0.965 0.965
9.0 0.969 0.969 0.971 3 * 0.966 0.971 0.971
9.5 0.976 0.976 0.977 3 * 0.973 0.977 0.977
10.0 0.984 0.984 0.985 3 * 0.981 0.985 0.985
0.5 0.001 0.001 0.001 3 * 0.000 0.001 0.001
1.0 0.010 0.012 0.011 3 * 0.007 0.012 0.011
1.5 0.110 0.114 0.103 3 * 0.087 0.111 0.103
2.0 0.199 0.191 0.181 3 * 0.193 0.183 0.181
2.5 0.419 0.431 0.357 3 * 0.467 0.421 0.357
3.0 0.529 0.545 0.461 3 * 0.566 0.545 0.461
3.5 0.643 0.664 0.563 3 * 0.678 0.669 0.563
4.0 0.734 0.757 0.645 3 * 0.771 0.765 0.645
4.5 0.677 0.677 0.678 3 * 0.652 0.701 0.678
5.0 0.750 0.750 0.750 3 * 0.735 0.764 0.750
5.5 0.802 0.802 0.804 3 * 0.787 0.815 0.804
6.0 0.849 0.849 0.850 3 * 0.838 0.858 0.850
6.5 0.888 0.888 0.890 3 * 0.879 0.895 0.890
7.0 0.915 0.915 0.917 3 * 0.909 0.919 0.917
7.5 0.939 0.939 0.941 3 * 0.934 0.943 0.941
8.0 0.953 0.953 0.955 3 * 0.949 0.955 0.955
8.5 0.959 0.959 0.961 3 * 0.953 0.961 0.961
9.0 0.973 0.973 0.975 3 * 0.970 0.975 0.975
9.5 0.979 0.979 0.981 3 * 0.976 0.980 0.981
10.0 0.986 0.986 0.987 3 * 0.985 0.987 0.987
0.5 0.001 0.001 0.001 3 * 0.001 0.001 0.001
1.0 0.011 0.016 0.016 3 * 0.005 0.010 0.016
1.5 0.117 0.112 0.100 3 * 0.112 0.109 0.100
2.0 0.230 0.221 0.199 3 * 0.245 0.212 0.199
2.5 0.423 0.435 0.360 3 * 0.470 0.425 0.360
3.0 0.535 0.551 0.466 3 * 0.572 0.551 0.466
3.5 0.652 0.673 0.571 3 * 0.688 0.679 0.571
4.0 0.737 0.760 0.644 3 * 0.778 0.766 0.644
4.5 0.650 0.644 0.671 3 * 0.533 0.692 0.671
5.0 0.744 0.744 0.746 3 * 0.730 0.758 0.746
5.5 0.816 0.816 0.818 3 * 0.803 0.827 0.818
6.0 0.846 0.846 0.850 3 * 0.835 0.854 0.850
6.5 0.892 0.892 0.894 3 * 0.885 0.899 0.894
7.0 0.921 0.921 0.924 3 * 0.914 0.926 0.924
7.5 0.933 0.933 0.935 3 * 0.928 0.936 0.935
8.0 0.951 0.951 0.954 3 * 0.946 0.954 0.954
8.5 0.962 0.962 0.963 3 * 0.960 0.964 0.963
9.0 0.971 0.971 0.972 3 * 0.968 0.972 0.972
9.5 0.981 0.981 0.982 3 * 0.978 0.982 0.982
10.0 0.984 0.984 0.986 3 * 0.982 0.985 0.986
