0.5 0.000 0.000 0.000 1 * 1
1.0 0.000 0.000 0.000 1 * 1
1.5 0.245 0.219 0.201 1 * 3
2.0 0.445 0.397 0.365 1 * 3
2.5 0.444 0.430 0.390 2 * 3 5
3.0 0.591 0.576 0.547 2 * 3 5
3.5 0.667 0.654 0.628 2 * 3 5
4.0 0.731 0.754 0.639 3 * 3 5 7
4.5 0.671 0.609 0.671 1 * 7
5.0 0.740 0.701 0.731 2 * 5 7
5.5 0.810 0.810 0.812 3 * 3 5 7
6.0 0.858 0.858 0.859 3 * 3 5 7
6.5 0.883 0.883 0.887 3 * 3 5 7
7.0 0.921 0.921 0.922 3 * 3 5 7
7.5 0.931 0.931 0.934 3 * 3 5 7
8.0 0.946 0.946 0.948 3 * 3 5 7
8.5 0.962 0.962 0.964 3 * 3 5 7
9.0 0.969 0.969 0.970 3 * 3 5 7
9.5 0.976 0.976 0.978 3 * 3 5 7
10.0 0.985 0.985 0.986 3 * 3 5 7
0.5 0.000 0.000 0.000 1 * 1
1.0 0.000 0.000 0.000 1 * 1
1.5 0.240 0.214 0.197 1 * 3
2.0 0.462 0.412 0.379 1 * 3
2.5 0.449 0.432 0.398 2 * 3 5
3.0 0.566 0.552 0.525 2 * 3 5
3.5 0.675 0.662 0.638 2 * 3 5
4.0 0.732 0.755 0.642 3 * 3 5 7
4.5 0.676 0.613 0.676 1 * 7
5.0 0.756 0.716 0.749 2 * 5 7
5.5 0.806 0.806 0.809 3 * 3 5 7
6.0 0.849 0.849 0.853 3 * 3 5 7
6.5 0.891 0.891 0.894 3 * 3 5 7
7.0 0.916 0.916 0.918 3 * 3 5 7
7.5 0.942 0.942 0.944 3 * 3 5 7
8.0 0.947 0.947 0.950 3 * 3 5 7
8.5 0.958 0.958 0.960 3 * 3 5 7
9.0 0.967 0.967 0.968 3 * 3 5 7
9.5 0.979 0.979 0.981 3 * 3 5 7
10.0 0.981 0.981 0.982 3 * 3 5 7
0.5 0.000 0.000 0.000 1 * 1
1.0 0.030 0.026 0.024 1 * 2
1.5 0.268 0.239 0.220 1 * 3
2.0 0.440 0.392 0.360 1 * 3
2.5 0.478 0.456 0.436 1 * 4
3.0 0.574 0.559 0.528 2 * 3 5
3.5 0.678 0.665 0.639 2 * 3 5
4.0 0.731 0.754 0.641 3 * 3 5 7
4.5 0.665 0.605 0.665 1 * 7
5.0 0.754 0.713 0.747 2 * 5 7
5.5 0.793 0.793 0.797 3 * 3 5 7
6.0 0.844 0.844 0.848 3 * 3 5 7
6.5 0.885 0.885 0.889 3 * 3 5 7
7.0 0.921 0.921 0.925 3 * 3 5 7
7.5 0.940 0.940 0.943 3 * 3 5 7
8.0 0.955 0.955 0.957 3 * 3 5 7
8.5 0.965 0.965 0.967 3 * 3 5 7
9.0 0.971 0.971 0.973 3 * 3 5 7
9.5 0.979 0.979 0.980 3 * 3 5 7
10.0 0.984 0.984 0.985 3 * 3 5 7
0.5 0.000 0.000 0.000 1 * 1
1.0 0.033 0.029 0.026 1 * 2
1.5 0.250 0.223 0.205 1 * 3
2.0 0.447 0.399 0.366 1 * 3
2.5 0.445 0.428 0.395 2 * 3 5
3.0 0.579 0.564 0.534 2 * 3 5
3.5 0.690 0.677 0.652 2 * 3 5
4.0 0.740 0.764 0.649 3 * 3 5 7
4.5 0.664 0.603 0.664 1 * 7
5.0 0.761 0.720 0.754 2 * 5 7
5.5 0.814 0.814 0.815 3 * 3 5 7
6.0 0.853 0.853 0.857 3 * 3 5 7
6.5 0.884 0.884 0.886 3 * 3 5 7
7.0 0.925 0.925 0.927 3 * 3 5 7
7.5 0.935 0.935 0.938 3 * 3 5 7
8.0 0.948 0.948 0.951 3 * 3 5 7
8.5 0.962 0.962 0.964 3 * 3 5 7
9.0 0.973 0.973 0.974 3 * 3 5 7
9.5 0.975 0.975 0.976 3 * 3 5 7
10.0 0.981 0.981 0.983 3 * 3 5 7
0.5 0.000 0.000 0.000 1 * 1
1.0 0.038 0.033 0.030 1 * 2
1.5 0.251 0.224 0.205 1 * 3
2.0 0.453 0.404 0.371 1 * 3
2.5 0.430 0.421 0.373 2 * 3 5
3.0 0.586 0.572 0.546 2 * 3 5
3.5 0.682 0.669 0.644 2 * 3 5
4.0 0.732 0.755 0.642 3 * 3 5 7
4.5 0.681 0.618 0.681 1 * 7
5.0 0.751 0.711 0.743 2 * 5 7
5.5 0.805 0.805 0.808 3 * 3 5 7
6.0 0.848 0.848 0.851 3 * 3 5 7
6.5 0.884 0.884 0.886 3 * 3 5 7
7.0 0.915 0.915 0.917 3 * 3 5 7
7.5 0.940 0.940 0.941 3 * 3 5 7
8.0 0.947 0.947 0.950 3 * 3 5 7
8.5 0.964 0.964 0.966 3 * 3 5 7
9.0 0.970 0.970 0.972 3 * 3 5 7
9.5 0.974 0.974 0.976 3 * 3 5 7
10.0 0.984 0.984 0.985 3 * 3 5 7
0.5 0.000 0.000 0.000 1 * 1
1.0 0.000 0.000 0.000 1 * 1
1.5 0.226 0.202 0.185 1 * 3
2.0 0.444 0.396 0.364 1 * 3
2.5 0.395 0.385 0.380 1 * 5
3.0 0.585 0.570 0.541 2 * 3 5
3.5 0.679 0.667 0.643 2 * 3 5
4.0 0.724 0.706 0.670 2 * 3 6
4.5 0.672 0.612 0.672 1 * 7
5.0 0.742 0.732 0.751 2 * 3 7
5.5 0.810 0.810 0.812 3 * 3 5 7
6.0 0.854 0.854 0.855 3 * 3 5 7
6.5 0.881 0.881 0.884 3 * 3 5 7
7.0 0.916 0.916 0.918 3 * 3 5 7
7.5 0.932 0.932 0.933 3 * 3 5 7
8.0 0.951 0.951 0.953 3 * 3 5 7
8.5 0.958 0.958 0.960 3 * 3 5 7
9.0 0.973 0.973 0.973 3 * 3 5 7
9.5 0.980 0.980 0.981 3 * 3 5 7
10.0 0.982 0.982 0.984 3 * 3 5 7
0.5 0.000 0.000 0.000 1 * 1
1.0 0.000 0.000 0.000 1 * 1
1.5 0.257 0.229 0.211 1 * 3
2.0 0.455 0.406 0.372 1 * 3
2.5 0.420 0.406 0.404 1 * 5
3.0 0.569 0.555 0.526 2 * 3 5
3.5 0.648 0.629 0.593 2 * 3 6
4.0 0.713 0.735 0.625 3 * 3 5 7
4.5 0.670 0.610 0.670 1 * 7
5.0 0.778 0.766 0.752 2 * 3 7
5.5 0.794 0.794 0.797 3 * 3 5 7
6.0 0.840 0.840 0.843 3 * 3 5 7
6.5 0.885 0.885 0.887 3 * 3 5 7
7.0 0.911 0.911 0.915 3 * 3 5 7
7.5 0.940 0.940 0.942 3 * 3 5 7
8.0 0.957 0.957 0.959 3 * 3 5 7
8.5 0.959 0.959 0.961 3 * 3 5 7
9.0 0.970 0.970 0.972 3 * 3 5 7
9.5 0.975 0.975 0.976 3 * 3 5 7
10.0 0.985 0.985 0.986 3 * 3 5 7
0.5 0.000 0.000 0.000 1 * 1
1.0 0.000 0.000 0.000 1 * 1
1.5 0.246 0.219 0.202 1 * 3
2.0 0.456 0.407 0.374 1 * 3
2.5 0.445 0.428 0.393 2 * 3 5
3.0 0.569 0.554 0.525 2 * 3 5
3.5 0.676 0.663 0.636 2 * 3 5
4.0 0.725 0.748 0.638 3 * 3 5 7
4.5 0.671 0.611 0.671 1 * 7
5.0 0.738 0.697 0.729 2 * 5 7
5.5 0.806 0.806 0.810 3 * 3 5 7
6.0 0.847 0.847 0.850 3 * 3 5 7
6.5 0.889 0.889 0.892 3 * 3 5 7
7.0 0.913 0.927 0.864 3 * 3 5 7
7.5 0.935 0.935 0.937 3 * 3 5 7
8.0 0.954 0.954 0.956 3 * 3 5 7
8.5 0.965 0.965 0.967 3 * 3 5 7
9.0 0.969 0.969 0.970 3 * 3 5 7
9.5 0.979 0.979 0.980 3 * 3 5 7
10.0 0.981 0.981 0.982 3 * 3 5 7
0.5 0.000 0.000 0.000 1 * 1
1.0 0.000 0.000 0.000 1 * 1
1.5 0.274 0.245 0.225 1 * 3
2.0 0.449 0.400 0.368 1 * 3
2.5 0.447 0.431 0.398 2 * 3 5
3.0 0.583 0.568 0.539 2 * 3 5
3.5 0.680 0.667 0.641 2 * 3 5
4.0 0.650 0.612 0.650 1 * 6
4.5 0.670 0.609 0.670 1 * 7
5.0 0.741 0.700 0.734 2 * 5 7
5.5 0.802 0.802 0.803 3 * 3 5 7
6.0 0.853 0.853 0.856 3 * 3 5 7
6.5 0.890 0.890 0.893 3 * 3 5 7
7.0 0.900 0.937 0.816 3 * 3 6 8
7.5 0.927 0.927 0.930 3 * 3 5 7
8.0 0.948 0.948 0.950 3 * 3 5 7
8.5 0.964 0.964 0.965 3 * 3 5 7
9.0 0.971 0.971 0.973 3 * 3 5 7
9.5 0.978 0.978 0.979 3 * 3 5 7
10.0 0.980 0.980 0.981 3 * 3 5 7
0.5 0.000 0.000 0.000 1 * 1
1.0 0.000 0.000 0.000 1 * 1
1.5 0.247 0.220 0.202 1 * 3
2.0 0.442 0.395 0.362 1 * 3
2.5 0.452 0.436 0.405 2 * 3 5
3.0 0.582 0.568 0.541 2 * 3 5
3.5 0.653 0.636 0.602 2 * 3 6
4.0 0.716 0.738 0.627 3 * 3 5 7
4.5 0.721 0.710 0.693 2 * 3 7
5.0 0.752 0.712 0.745 2 * 5 7
5.5 0.803 0.803 0.806 3 * 3 5 7
6.0 0.846 0.846 0.850 3 * 3 5 7
6.5 0.888 0.888 0.889 3 * 3 5 7
7.0 0.910 0.910 0.913 3 * 3 5 7
7.5 0.937 0.937 0.940 3 * 3 5 7
8.0 0.951 0.951 0.953 3 * 3 5 7
8.5 0.959 0.959 0.961 3 * 3 5 7
9.0 0.971 0.971 0.973 3 * 3 5 7
9.5 0.976 0.976 0.978 3 * 3 5 7
10.0 0.983 0.983 0.984 3 * 3 5 7
0.5 0.000 0.000 0.000 1 * 1
1.0 0.000 0.000 0.000 1 * 1
1.5 0.266 0.238 0.218 1 * 3
2.0 0.443 0.395 0.363 1 * 3
2.5 0.446 0.429 0.396 2 * 3 5
3.0 0.568 0.554 0.525 2 * 3 5
3.5 0.676 0.663 0.638 2 * 3 5
4.0 0.731 0.754 0.641 3 * 3 5 7
4.5 0.682 0.620 0.682 1 * 7
5.0 0.736 0.669 0.736 1 * 7
5.5 0.816 0.816 0.819 3 * 3 5 7
6.0 0.843 0.843 0.846 3 * 3 5 7
6.5 0.894 0.894 0.897 3 * 3 5 7
7.0 0.916 0.916 0.919 3 * 3 5 7
7.5 0.938 0.938 0.941 3 * 3 5 7
8.0 0.945 0.945 0.947 3 * 3 5 7
8.5 0.965 0.965 0.968 3 * 3 5 7
9.0 0.972 0.972 0.973 3 * 3 5 7
9.5 0.978 0.978 0.980 3 * 3 5 7
10.0 0.984 0.984 0.985 3 * 3 5 7
0.5 0.000 0.000 0.000 1 * 1
1.0 0.020 0.017 0.015 1 * 2
1.5 0.249 0.223 0.204 1 * 3
2.0 0.463 0.413 0.379 1 * 3
2.5 0.392 0.382 0.378 1 * 5
3.0 0.583 0.568 0.538 2 * 3 5
3.5 0.683 0.670 0.644 2 * 3 5
4.0 0.735 0.716 0.678 2 * 3 6
4.5 0.675 0.614 0.675 1 * 7
5.0 0.750 0.750 0.752 3 * 3 5 7
5.5 0.810 0.810 0.812 3 * 3 5 7
6.0 0.842 0.842 0.844 3 * 3 5 7
6.5 0.884 0.884 0.887 3 * 3 5 7
7.0 0.912 0.912 0.914 3 * 3 5 7
7.5 0.939 0.939 0.941 3 * 3 5 7
8.0 0.949 0.949 0.951 3 * 3 5 7
8.5 0.962 0.962 0.964 3 * 3 5 7
9.0 0.971 0.971 0.973 3 * 3 5 7
9.5 0.978 0.978 0.979 3 * 3 5 7
10.0 0.982 0.982 0.983 3 * 3 5 7
0.5 0.000 0.000 0.000 1 * 1
1.0 0.036 0.032 0.029 1 * 2
1.5 0.239 0.213 0.195 1 * 3
2.0 0.455 0.406 0.373 1 * 3
2.5 0.452 0.435 0.401 2 * 3 5
3.0 0.585 0.570 0.541 2 * 3 5
3.5 0.650 0.633 0.599 2 * 3 6
4.0 0.746 0.770 0.653 3 * 3 5 7
4.5 0.677 0.614 0.677 1 * 7
5.0 0.753 0.711 0.746 2 * 5 7
5.5 0.810 0.810 0.813 3 * 3 5 7
6.0 0.844 0.844 0.847 3 * 3 5 7
6.5 0.899 0.899 0.902 3 * 3 5 7
7.0 0.914 0.914 0.917 3 * 3 5 7
7.5 0.939 0.939 0.941 3 * 3 5 7
8.0 0.946 0.946 0.949 3 * 3 5 7
8.5 0.964 0.964 0.966 3 * 3 5 7
9.0 0.971 0.971 0.973 3 * 3 5 7
9.5 0.981 0.981 0.982 3 * 3 5 7
10.0 0.980 0.980 0.982 3 * 3 5 7
0.5 0.000 0.000 0.000 1 * 1
1.0 0.000 0.000 0.000 1 * 1
1.5 0.244 0.217 0.200 1 * 3
2.0 0.442 0.394 0.362 1 * 3
2.5 0.477 0.454 0.434 1 * 4
3.0 0.580 0.567 0.542 2 * 3 5
3.5 0.676 0.663 0.637 2 * 3 5
4.0 0.736 0.759 0.645 3 * 3 5 7
4.5 0.737 0.750 0.696 3 * 3 5 7
5.0 0.773 0.761 0.744 2 * 3 7
5.5 0.813 0.813 0.817 3 * 3 5 7
6.0 0.841 0.841 0.845 3 * 3 5 7
6.5 0.888 0.888 0.892 3 * 3 5 7
7.0 0.915 0.915 0.919 3 * 3 5 7
7.5 0.939 0.939 0.941 3 * 3 5 7
8.0 0.949 0.949 0.951 3 * 3 5 7
8.5 0.965 0.965 0.967 3 * 3 5 7
9.0 0.968 0.968 0.969 3 * 3 5 7
9.5 0.979 0.979 0.980 3 * 3 5 7
10.0 0.982 0.982 0.983 3 * 3 5 7
0.5 0.000 0.000 0.000 1 * 1
1.0 0.000 0.000 0.000 1 * 1
1.5 0.254 0.227 0.209 1 * 3
2.0 0.456 0.407 0.374 1 * 3
2.5 0.446 0.430 0.393 2 * 3 5
3.0 0.581 0.566 0.535 2 * 3 5
3.5 0.649 0.631 0.593 2 * 3 6
4.0 0.627 0.589 0.627 1 * 7
4.5 0.662 0.600 0.662 1 * 7
5.0 0.746 0.706 0.739 2 * 5 7
5.5 0.794 0.794 0.797 3 * 3 5 7
6.0 0.848 0.848 0.850 3 * 3 5 7
6.5 0.897 0.897 0.900 3 * 3 5 7
7.0 0.919 0.919 0.921 3 * 3 5 7
7.5 0.934 0.934 0.937 3 * 3 5 7
8.0 0.952 0.952 0.955 3 * 3 5 7
8.5 0.960 0.960 0.962 3 * 3 5 7
9.0 0.972 0.972 0.974 3 * 3 5 7
9.5 0.978 0.978 0.980 3 * 3 5 7
10.0 0.983 0.983 0.984 3 * 3 5 7
0.5 0.000 0.000 0.000 1 * 1
1.0 0.000 0.000 0.000 1 * 1
1.5 0.230 0.205 0.189 1 * 3
2.0 0.441 0.394 0.361 1 * 3
2.5 0.466 0.450 0.418 2 * 3 5
3.0 0.566 0.550 0.520 2 * 3 5
3.5 0.681 0.668 0.641 2 * 3 5
4.0 0.690 0.717 0.626 3 * 3 6 8
4.5 0.669 0.606 0.669 1 * 7
5.0 0.749 0.709 0.741 2 * 5 7
5.5 0.811 0.811 0.814 3 * 3 5 7
6.0 0.843 0.843 0.847 3 * 3 5 7
6.5 0.878 0.878 0.882 3 * 3 5 7
7.0 0.912 0.912 0.915 3 * 3 5 7
7.5 0.939 0.939 0.942 3 * 3 5 7
8.0 0.938 0.938 0.942 3 * 3 5 7
8.5 0.964 0.964 0.965 3 * 3 5 7
9.0 0.972 0.972 0.973 3 * 3 5 7
9.5 0.979 0.979 0.980 3 * 3 5 7
10.0 0.984 0.984 0.985 3 * 3 5 7
0.5 0.000 0.000 0.000 1 * 1
1.0 0.011 0.010 0.009 1 * 2
1.5 0.256 0.229 0.210 1 * 3
2.0 0.435 0.388 0.356 1 * 3
2.5 0.442 0.428 0.387 2 * 3 5
3.0 0.573 0.559 0.531 2 * 3 5
3.5 0.679 0.667 0.642 2 * 3 5
4.0 0.739 0.763 0.648 3 * 3 5 7
4.5 0.677 0.616 0.677 1 * 7
5.0 0.760 0.720 0.751 2 * 5 7
5.5 0.805 0.805 0.806 3 * 3 5 7
6.0 0.843 0.843 0.848 3 * 3 5 7
6.5 0.888 0.888 0.891 3 * 3 5 7
7.0 0.914 0.914 0.918 3 * 3 5 7
7.5 0.939 0.939 0.940 3 * 3 5 7
8.0 0.953 0.953 0.955 3 * 3 5 7
8.5 0.965 0.965 0.966 3 * 3 5 7
9.0 0.969 0.969 0.971 3 * 3 5 7
9.5 0.978 0.978 0.979 3 * 3 5 7
10.0 0.982 0.982 0.984 3 * 3 5 7
0.5 0.000 0.000 0.000 1 * 1
1.0 0.024 0.021 0.019 1 * 2
1.5 0.264 0.236 0.217 1 * 3
2.0 0.466 0.416 0.382 1 * 3
2.5 0.451 0.435 0.402 2 * 3 5
3.0 0.553 0.535 0.499 2 * 3 6
3.5 0.649 0.670 0.567 3 * 3 5 7
4.0 0.735 0.758 0.645 3 * 3 5 7
4.5 0.672 0.610 0.672 1 * 7
5.0 0.751 0.710 0.745 2 * 5 7
5.5 0.804 0.760 0.798 2 * 5 7
6.0 0.855 0.855 0.857 3 * 3 5 7
6.5 0.882 0.882 0.885 3 * 3 5 7
7.0 0.912 0.912 0.915 3 * 3 5 7
7.5 0.929 0.929 0.931 3 * 3 5 7
8.0 0.951 0.951 0.953 3 * 3 5 7
8.5 0.962 0.962 0.965 3 * 3 5 7
9.0 0.968 0.968 0.970 3 * 3 5 7
9.5 0.977 0.977 0.979 3 * 3 5 7
10.0 0.981 0.981 0.982 3 * 3 5 7
0.5 0.000 0.000 0.000 1 * 1
1.0 0.000 0.000 0.000 1 * 1
1.5 0.245 0.218 0.201 1 * 3
2.0 0.335 0.303 0.280 1 * 4
2.5 0.400 0.392 0.385 1 * 5
3.0 0.579 0.565 0.539 2 * 3 5
3.5 0.656 0.640 0.607 2 * 3 6
4.0 0.736 0.718 0.681 2 * 3 6
4.5 0.657 0.599 0.657 1 * 7
5.0 0.756 0.715 0.749 2 * 5 7
5.5 0.800 0.800 0.802 3 * 3 5 7
6.0 0.856 0.856 0.859 3 * 3 5 7
6.5 0.890 0.890 0.892 3 * 3 5 7
7.0 0.913 0.913 0.915 3 * 3 5 7
7.5 0.937 0.937 0.940 3 * 3 5 7
8.0 0.955 0.955 0.957 3 * 3 5 7
8.5 0.963 0.963 0.965 3 * 3 5 7
9.0 0.969 0.969 0.971 3 * 3 5 7
9.5 0.976 0.976 0.977 3 * 3 5 7
10.0 0.985 0.985 0.986 3 * 3 5 7
0.5 0.000 0.000 0.000 1 * 1
1.0 0.000 0.000 0.000 1 * 1
1.5 0.257 0.230 0.211 1 * 3
2.0 0.430 0.384 0.352 1 * 3
2.5 0.419 0.403 0.403 1 * 5
3.0 0.587 0.573 0.545 2 * 3 5
3.5 0.678 0.665 0.640 2 * 3 5
4.0 0.649 0.611 0.646 1 * 6
4.5 0.679 0.616 0.679 1 * 7
5.0 0.753 0.714 0.746 2 * 5 7
5.5 0.816 0.816 0.819 3 * 3 5 7
6.0 0.856 0.856 0.858 3 * 3 5 7
6.5 0.883 0.883 0.885 3 * 3 5 7
7.0 0.910 0.910 0.912 3 * 3 5 7
7.5 0.934 0.934 0.938 3 * 3 5 7
8.0 0.955 0.955 0.958 3 * 3 5 7
8.5 0.961 0.961 0.963 3 * 3 5 7
9.0 0.968 0.968 0.970 3 * 3 5 7
9.5 0.977 0.977 0.978 3 * 3 5 7
10.0 0.983 0.983 0.984 3 * 3 5 7
0.5 0.000 0.000 0.000 1 * 1
1.0 0.030 0.026 0.024 1 * 2
1.5 0.240 0.214 0.197 1 * 3
2.0 0.440 0.393 0.361 1 * 3
2.5 0.481 0.455 0.433 1 * 4
3.0 0.579 0.564 0.534 2 * 3 5
3.5 0.681 0.668 0.642 2 * 3 5
4.0 0.712 0.694 0.658 2 * 3 6
4.5 0.713 0.724 0.677 3 * 3 5 7
5.0 0.756 0.715 0.749 2 * 5 7
5.5 0.808 0.808 0.811 3 * 3 5 7
6.0 0.845 0.845 0.848 3 * 3 5 7
6.5 0.885 0.921 0.803 3 * 3 6 8
7.0 0.920 0.920 0.923 3 * 3 5 7
7.5 0.940 0.940 0.942 3 * 3 5 7
8.0 0.955 0.955 0.956 3 * 3 5 7
8.5 0.963 0.963 0.965 3 * 3 5 7
9.0 0.971 0.971 0.972 3 * 3 5 7
9.5 0.980 0.980 0.982 3 * 3 5 7
10.0 0.985 0.985 0.986 3 * 3 5 7
0.5 0.000 0.000 0.000 1 * 1
1.0 0.000 0.000 0.000 1 * 1
1.5 0.253 0.225 0.207 1 * 3
2.0 0.445 0.397 0.365 1 * 3
2.5 0.440 0.425 0.387 2 * 3 5
3.0 0.573 0.559 0.532 2 * 3 5
3.5 0.652 0.634 0.598 2 * 3 6
4.0 0.729 0.710 0.672 2 * 3 6
4.5 0.676 0.616 0.676 1 * 7
5.0 0.738 0.673 0.738 1 * 7
5.5 0.808 0.808 0.809 3 * 3 5 7
6.0 0.841 0.841 0.845 3 * 3 5 7
6.5 0.881 0.881 0.885 3 * 3 5 7
7.0 0.910 0.910 0.912 3 * 3 5 7
7.5 0.938 0.938 0.941 3 * 3 5 7
8.0 0.952 0.952 0.954 3 * 3 5 7
8.5 0.962 0.962 0.964 3 * 3 5 7
9.0 0.970 0.970 0.972 3 * 3 5 7
9.5 0.979 0.979 0.980 3 * 3 5 7
10.0 0.982 0.982 0.984 3 * 3 5 7
0.5 0.000 0.000 0.000 1 * 1
1.0 0.032 0.028 0.025 1 * 2
1.5 0.243 0.217 0.199 1 * 3
2.0 0.438 0.390 0.358 1 * 3
2.5 0.427 0.416 0.371 2 * 3 5
3.0 0.580 0.565 0.537 2 * 3 5
3.5 0.684 0.672 0.648 2 * 3 5
4.0 0.737 0.761 0.646 3 * 3 5 7
4.5 0.683 0.621 0.683 1 * 7
5.0 0.755 0.714 0.747 2 * 5 7
5.5 0.810 0.810 0.813 3 * 3 5 7
6.0 0.854 0.854 0.858 3 * 3 5 7
6.5 0.884 0.884 0.888 3 * 3 5 7
7.0 0.917 0.917 0.918 3 * 3 5 7
7.5 0.937 0.937 0.940 3 * 3 5 7
8.0 0.948 0.948 0.950 3 * 3 5 7
8.5 0.958 0.958 0.961 3 * 3 5 7
9.0 0.974 0.974 0.976 3 * 3 5 7
9.5 0.979 0.979 0.980 3 * 3 5 7
10.0 0.984 0.984 0.985 3 * 3 5 7
0.5 0.000 0.000 0.000 1 * 1
1.0 0.000 0.000 0.000 1 * 1
1.5 0.280 0.250 0.229 1 * 3
2.0 0.450 0.402 0.369 1 * 3
2.5 0.445 0.431 0.391 2 * 3 5
3.0 0.574 0.561 0.534 2 * 3 5
3.5 0.674 0.660 0.633 2 * 3 5
4.0 0.742 0.765 0.648 3 * 3 5 7
4.5 0.679 0.617 0.679 1 * 7
5.0 0.737 0.673 0.737 1 * 7
5.5 0.834 0.848 0.789 3 * 3 5 7
6.0 0.840 0.840 0.842 3 * 3 5 7
6.5 0.897 0.897 0.900 3 * 3 5 7
7.0 0.915 0.915 0.918 3 * 3 5 7
7.5 0.933 0.933 0.935 3 * 3 5 7
8.0 0.950 0.950 0.952 3 * 3 5 7
8.5 0.960 0.960 0.962 3 * 3 5 7
9.0 0.974 0.974 0.976 3 * 3 5 7
9.5 0.978 0.978 0.979 3 * 3 5 7
10.0 0.981 0.981 0.983 3 * 3 5 7
0.5 0.000 0.000 0.000 1 * 2
1.0 0.002 0.002 0.002 1 * 2
1.5 0.254 0.226 0.208 1 * 3
2.0 0.440 0.392 0.360 1 * 3
2.5 0.438 0.425 0.383 2 * 3 5
3.0 0.570 0.555 0.526 2 * 3 5
3.5 0.671 0.657 0.630 2 * 3 5
4.0 0.731 0.713 0.676 2 * 3 6
4.5 0.657 0.597 0.657 1 * 7
5.0 0.754 0.714 0.745 2 * 5 7
5.5 0.807 0.807 0.808 3 * 3 5 7
6.0 0.852 0.852 0.857 3 * 3 5 7
6.5 0.891 0.891 0.894 3 * 3 5 7
7.0 0.913 0.913 0.916 3 * 3 5 7
7.5 0.932 0.932 0.934 3 * 3 5 7
8.0 0.951 0.951 0.953 3 * 3 5 7
8.5 0.967 0.967 0.968 3 * 3 5 7
9.0 0.972 0.972 0.973 3 * 3 5 7
9.5 0.976 0.976 0.978 3 * 3 5 7
10.0 0.982 0.982 0.984 3 * 3 5 7
0.5 0.000 0.000 0.000 1 * 1
1.0 0.030 0.026 0.024 1 * 2
1.5 0.238 0.213 0.196 1 * 3
2.0 0.431 0.385 0.354 1 * 3
2.5 0.474 0.455 0.436 1 * 4
3.0 0.575 0.560 0.531 2 * 3 5
3.5 0.693 0.681 0.656 2 * 3 5
4.0 0.736 0.717 0.679 2 * 3 6
4.5 0.690 0.628 0.690 1 * 7
5.0 0.743 0.703 0.735 2 * 5 7
5.5 0.808 0.808 0.811 3 * 3 5 7
6.0 0.854 0.854 0.857 3 * 3 5 7
6.5 0.884 0.884 0.887 3 * 3 5 7
7.0 0.904 0.904 0.908 3 * 3 5 7
7.5 0.935 0.935 0.937 3 * 3 5 7
8.0 0.945 0.945 0.947 3 * 3 5 7
8.5 0.964 0.964 0.966 3 * 3 5 7
9.0 0.966 0.966 0.967 3 * 3 5 7
9.5 0.978 0.978 0.980 3 * 3 5 7
10.0 0.981 0.981 0.983 3 * 3 5 7
0.5 0.000 0.000 0.000 1 * 1
1.0 0.000 0.000 0.000 1 * 1
1.5 0.250 0.223 0.205 1 * 3
2.0 0.451 0.403 0.370 1 * 3
2.5 0.397 0.385 0.382 1 * 5
3.0 0.577 0.563 0.536 2 * 3 5
3.5 0.686 0.674 0.650 2 * 3 5
4.0 0.728 0.751 0.639 3 * 3 5 7
4.5 0.674 0.613 0.674 1 * 7
5.0 0.798 0.811 0.753 3 * 3 5 7
5.5 0.811 0.811 0.813 3 * 3 5 7
6.0 0.848 0.848 0.852 3 * 3 5 7
6.5 0.896 0.896 0.899 3 * 3 5 7
7.0 0.907 0.907 0.911 3 * 3 5 7
7.5 0.934 0.934 0.936 3 * 3 5 7
8.0 0.947 0.947 0.949 3 * 3 5 7
8.5 0.957 0.957 0.960 3 * 3 5 7
9.0 0.969 0.969 0.970 3 * 3 5 7
9.5 0.976 0.976 0.978 3 * 3 5 7
10.0 0.982 0.982 0.984 3 * 3 5 7
0.5 0.000 0.000 0.000 1 * 1
1.0 0.000 0.000 0.000 1 * 1
1.5 0.238 0.212 0.195 1 * 3
2.0 0.449 0.401 0.368 1 * 3
2.5 0.462 0.442 0.423 1 * 4
3.0 0.579 0.565 0.536 2 * 3 5
3.5 0.676 0.663 0.637 2 * 3 5
4.0 0.722 0.745 0.633 3 * 3 5 7
4.5 0.665 0.604 0.665 1 * 7
5.0 0.762 0.720 0.755 2 * 5 7
5.5 0.811 0.811 0.815 3 * 3 5 7
6.0 0.846 0.846 0.848 3 * 3 5 7
6.5 0.883 0.883 0.886 3 * 3 5 7
7.0 0.921 0.921 0.923 3 * 3 5 7
7.5 0.933 0.933 0.936 3 * 3 5 7
8.0 0.951 0.951 0.953 3 * 3 5 7
8.5 0.962 0.962 0.965 3 * 3 5 7
9.0 0.970 0.970 0.972 3 * 3 5 7
9.5 0.976 0.976 0.978 3 * 3 5 7
10.0 0.983 0.983 0.984 3 * 3 5 7
0.5 0.000 0.000 0.000 1 * 1
1.0 0.000 0.000 0.000 1 * 1
1.5 0.250 0.223 0.205 1 * 3
2.0 0.451 0.403 0.370 1 * 3
2.5 0.473 0.450 0.430 1 * 4
3.0 0.573 0.560 0.533 2 * 3 5
3.5 0.682 0.670 0.646 2 * 3 5
4.0 0.604 0.550 0.604 1 * 7
4.5 0.682 0.620 0.682 1 * 7
5.0 0.748 0.707 0.740 2 * 5 7
5.5 0.809 0.809 0.810 3 * 3 5 7
6.0 0.854 0.854 0.858 3 * 3 5 7
6.5 0.878 0.878 0.881 3 * 3 5 7
7.0 0.918 0.918 0.920 3 * 3 5 7
7.5 0.934 0.934 0.936 3 * 3 5 7
8.0 0.955 0.955 0.957 3 * 3 5 7
8.5 0.966 0.966 0.969 3 * 3 5 7
9.0 0.969 0.969 0.971 3 * 3 5 7
9.5 0.980 0.980 0.981 3 * 3 5 7
10.0 0.985 0.985 0.986 3 * 3 5 7
0.5 0.000 0.000 0.000 1 * 1
1.0 0.000 0.000 0.000 1 * 1
1.5 0.258 0.231 0.212 1 * 3
2.0 0.442 0.395 0.362 1 * 3
2.5 0.451 0.436 0.397 2 * 3 5
3.0 0.590 0.575 0.546 2 * 3 5
3.5 0.677 0.665 0.641 2 * 3 5
4.0 0.721 0.744 0.634 3 * 3 5 7
4.5 0.667 0.608 0.667 1 * 7
5.0 0.745 0.705 0.736 2 * 5 7
5.5 0.803 0.803 0.805 3 * 3 5 7
6.0 0.848 0.848 0.851 3 * 3 5 7
6.5 0.890 0.890 0.891 3 * 3 5 7
7.0 0.923 0.923 0.925 3 * 3 5 7
7.5 0.933 0.933 0.936 3 * 3 5 7
8.0 0.944 0.944 0.946 3 * 3 5 7
8.5 0.965 0.965 0.966 3 * 3 5 7
9.0 0.969 0.969 0.971 3 * 3 5 7
9.5 0.978 0.978 0.979 3 * 3 5 7
10.0 0.984 0.984 0.985 3 * 3 5 7
0.5 0.000 0.000 0.000 1 * 1
1.0 0.000 0.000 0.000 1 * 1
1.5 0.262 0.233 0.214 1 * 3
2.0 0.438 0.390 0.358 1 * 3
2.5 0.476 0.454 0.434 1 * 4
3.0 0.574 0.559 0.531 2 * 3 5
3.5 0.688 0.675 0.649 2 * 3 5
4.0 0.606 0.552 0.606 1 * 7
4.5 0.672 0.611 0.672 1 * 7
5.0 0.753 0.712 0.745 2 * 5 7
5.5 0.797 0.797 0.801 3 * 3 5 7
6.0 0.847 0.847 0.850 3 * 3 5 7
6.5 0.895 0.895 0.898 3 * 3 5 7
7.0 0.911 0.911 0.914 3 * 3 5 7
7.5 0.933 0.933 0.936 3 * 3 5 7
8.0 0.949 0.949 0.951 3 * 3 5 7
8.5 0.957 0.957 0.959 3 * 3 5 7
9.0 0.971 0.971 0.971 3 * 3 5 7
9.5 0.980 0.980 0.981 3 * 3 5 7
10.0 0.985 0.985 0.986 3 * 3 5 7
0.5 0.000 0.000 0.000 1 * 1
1.0 0.000 0.000 0.000 1 * 1
1.5 0.245 0.218 0.201 1 * 3
2.0 0.347 0.314 0.291 1 * 4
2.5 0.467 0.446 0.426 1 * 4
3.0 0.575 0.559 0.527 2 * 3 5
3.5 0.677 0.664 0.638 2 * 3 5
4.0 0.731 0.754 0.642 3 * 3 5 7
4.5 0.679 0.619 0.679 1 * 7
5.0 0.753 0.712 0.744 2 * 5 7
5.5 0.805 0.805 0.808 3 * 3 5 7
6.0 0.852 0.852 0.853 3 * 3 5 7
6.5 0.880 0.880 0.883 3 * 3 5 7
7.0 0.908 0.908 0.911 3 * 3 5 7
7.5 0.925 0.925 0.929 3 * 3 5 7
8.0 0.952 0.952 0.954 3 * 3 5 7
8.5 0.957 0.957 0.959 3 * 3 5 7
9.0 0.974 0.974 0.976 3 * 3 5 7
9.5 0.981 0.981 0.983 3 * 3 5 7
10.0 0.982 0.982 0.983 3 * 3 5 7
0.5 0.000 0.000 0.000 1 * 1
1.0 0.046 0.040 0.036 1 * 2
1.5 0.227 0.203 0.186 1 * 3
2.0 0.449 0.401 0.368 1 * 3
2.5 0.440 0.423 0.389 2 * 3 5
3.0 0.582 0.567 0.537 2 * 3 5
3.5 0.673 0.660 0.635 2 * 3 5
4.0 0.721 0.744 0.634 3 * 3 5 7
4.5 0.692 0.653 0.682 2 * 5 7
5.0 0.740 0.700 0.732 2 * 5 7
5.5 0.792 0.792 0.794 3 * 3 5 7
6.0 0.849 0.849 0.852 3 * 3 5 7
6.5 0.881 0.881 0.884 3 * 3 5 7
7.0 0.918 0.918 0.921 3 * 3 5 7
7.5 0.932 0.932 0.936 3 * 3 5 7
8.0 0.949 0.949 0.952 3 * 3 5 7
8.5 0.956 0.956 0.958 3 * 3 5 7
9.0 0.974 0.974 0.975 3 * 3 5 7
9.5 0.976 0.976 0.977 3 * 3 5 7
10.0 0.983 0.983 0.984 3 * 3 5 7
0.5 0.000 0.000 0.000 1 * 1
1.0 0.000 0.000 0.000 1 * 1
1.5 0.252 0.225 0.208 1 * 3
2.0 0.440 0.392 0.360 1 * 3
2.5 0.449 0.433 0.400 2 * 3 5
3.0 0.574 0.559 0.529 2 * 3 5
3.5 0.694 0.680 0.653 2 * 3 5
4.0 0.727 0.709 0.674 2 * 3 6
4.5 0.678 0.617 0.678 1 * 7
5.0 0.754 0.712 0.747 2 * 5 7
5.5 0.809 0.809 0.812 3 * 3 5 7
6.0 0.871 0.883 0.824 3 * 3 5 7
6.5 0.878 0.878 0.882 3 * 3 5 7
7.0 0.913 0.913 0.915 3 * 3 5 7
7.5 0.935 0.935 0.937 3 * 3 5 7
8.0 0.948 0.948 0.950 3 * 3 5 7
8.5 0.967 0.967 0.969 3 * 3 5 7
9.0 0.966 0.966 0.967 3 * 3 5 7
9.5 0.975 0.975 0.976 3 * 3 5 7
10.0 0.984 0.984 0.985 3 * 3 5 7
0.5 0.000 0.000 0.000 1 * 1
1.0 0.031 0.027 0.025 1 * 2
1.5 0.255 0.227 0.209 1 * 3
2.0 0.448 0.400 0.367 1 * 3
2.5 0.404 0.393 0.389 1 * 5
3.0 0.583 0.570 0.544 2 * 3 5
3.5 0.651 0.633 0.597 2 * 3 6
4.0 0.750 0.774 0.656 3 * 3 5 7
4.5 0.669 0.609 0.669 1 * 7
5.0 0.758 0.717 0.751 2 * 5 7
5.5 0.795 0.795 0.799 3 * 3 5 7
6.0 0.857 0.857 0.858 3 * 3 5 7
6.5 0.885 0.885 0.886 3 * 3 5 7
7.0 0.917 0.917 0.919 3 * 3 5 7
7.5 0.934 0.934 0.937 3 * 3 5 7
8.0 0.950 0.950 0.953 3 * 3 5 7
8.5 0.963 0.963 0.965 3 * 3 5 7
9.0 0.971 0.971 0.973 3 * 3 5 7
9.5 0.978 0.978 0.979 3 * 3 5 7
10.0 0.982 0.982 0.983 3 * 3 5 7
0.5 0.000 0.000 0.000 1 * 1
1.0 0.000 0.000 0.000 1 * 1
1.5 0.244 0.217 0.200 1 * 3
2.0 0.432 0.386 0.354 1 * 3
2.5 0.468 0.447 0.427 1 * 4
3.0 0.578 0.563 0.534 2 * 3 5
3.5 0.679 0.666 0.640 2 * 3 5
4.0 0.616 0.579 0.616 1 * 7
4.5 0.719 0.701 0.687 2 * 5 7
5.0 0.754 0.712 0.746 2 * 5 7
5.5 0.802 0.802 0.806 3 * 3 5 7
6.0 0.859 0.859 0.862 3 * 3 5 7
6.5 0.882 0.882 0.885 3 * 3 5 7
7.0 0.917 0.917 0.919 3 * 3 5 7
7.5 0.937 0.937 0.938 3 * 3 5 7
8.0 0.951 0.951 0.954 3 * 3 5 7
8.5 0.962 0.962 0.963 3 * 3 5 7
9.0 0.972 0.972 0.974 3 * 3 5 7
9.5 0.977 0.977 0.978 3 * 3 5 7
10.0 0.983 0.983 0.983 3 * 3 5 7
0.5 0.000 0.000 0.000 1 * 1
1.0 0.000 0.000 0.000 1 * 1
1.5 0.232 0.208 0.191 1 * 3
2.0 0.433 0.387 0.355 1 * 3
2.5 0.472 0.453 0.434 1 * 4
3.0 0.583 0.569 0.540 2 * 3 5
3.5 0.686 0.674 0.650 2 * 3 5
4.0 0.657 0.618 0.657 1 * 6
4.5 0.685 0.622 0.685 1 * 7
5.0 0.756 0.715 0.749 2 * 5 7
5.5 0.812 0.812 0.815 3 * 3 5 7
6.0 0.855 0.855 0.858 3 * 3 5 7
6.5 0.893 0.893 0.895 3 * 3 5 7
7.0 0.921 0.921 0.924 3 * 3 5 7
7.5 0.939 0.939 0.941 3 * 3 5 7
8.0 0.955 0.955 0.956 3 * 3 5 7
8.5 0.962 0.962 0.963 3 * 3 5 7
9.0 0.971 0.971 0.973 3 * 3 5 7
9.5 0.977 0.977 0.978 3 * 3 5 7
10.0 0.983 0.983 0.985 3 * 3 5 7
0.5 0.000 0.000 0.000 1 * 1
1.0 0.000 0.000 0.000 1 * 1
1.5 0.249 0.222 0.204 1 * 3
2.0 0.457 0.408 0.374 1 * 3
2.5 0.466 0.442 0.422 1 * 4
3.0 0.574 0.559 0.528 2 * 3 5
3.5 0.685 0.671 0.643 2 * 3 5
4.0 0.653 0.644 0.630 2 * 3 7
4.5 0.652 0.592 0.652 1 * 7
5.0 0.748 0.708 0.740 2 * 5 7
5.5 0.810 0.810 0.812 3 * 3 5 7
6.0 0.848 0.848 0.850 3 * 3 5 7
6.5 0.888 0.888 0.891 3 * 3 5 7
7.0 0.910 0.910 0.913 3 * 3 5 7
7.5 0.932 0.932 0.935 3 * 3 5 7
8.0 0.953 0.953 0.955 3 * 3 5 7
8.5 0.958 0.958 0.959 3 * 3 5 7
9.0 0.972 0.972 0.974 3 * 3 5 7
9.5 0.974 0.974 0.976 3 * 3 5 7
10.0 0.982 0.982 0.983 3 * 3 5 7
0.5 0.000 0.000 0.000 1 * 1
1.0 0.000 0.000 0.000 1 * 1
1.5 0.252 0.225 0.207 1 * 3
2.0 0.422 0.377 0.347 1 * 3
2.5 0.398 0.387 0.383 1 * 5
3.0 0.588 0.573 0.544 2 * 3 5
3.5 0.667 0.655 0.630 2 * 3 5
4.0 0.728 0.709 0.673 2 * 3 6
4.5 0.686 0.649 0.674 2 * 5 7
5.0 0.730 0.662 0.730 1 * 7
5.5 0.813 0.813 0.815 3 * 3 5 7
6.0 0.853 0.853 0.854 3 * 3 5 7
6.5 0.889 0.889 0.892 3 * 3 5 7
7.0 0.918 0.918 0.921 3 * 3 5 7
7.5 0.933 0.933 0.936 3 * 3 5 7
8.0 0.940 0.954 0.888 3 * 3 5 7
8.5 0.964 0.964 0.965 3 * 3 5 7
9.0 0.971 0.971 0.971 3 * 3 5 7
9.5 0.977 0.977 0.978 3 * 3 5 7
10.0 0.983 0.983 0.984 3 * 3 5 7
0.5 0.000 0.000 0.000 1 * 1
1.0 0.000 0.000 0.000 1 * 2
1.5 0.247 0.220 0.202 1 * 3
2.0 0.453 0.405 0.371 1 * 3
2.5 0.453 0.436 0.400 2 * 3 5
3.0 0.583 0.569 0.540 2 * 3 5
3.5 0.693 0.679 0.651 2 * 3 5
4.0 0.735 0.759 0.645 3 * 3 5 7
4.5 0.737 0.766 0.671 3 * 3 6 8
5.0 0.758 0.717 0.751 2 * 5 7
5.5 0.811 0.811 0.813 3 * 3 5 7
6.0 0.848 0.848 0.851 3 * 3 5 7
6.5 0.888 0.888 0.890 3 * 3 5 7
7.0 0.912 0.912 0.915 3 * 3 5 7
7.5 0.941 0.941 0.944 3 * 3 5 7
8.0 0.950 0.950 0.952 3 * 3 5 7
8.5 0.966 0.966 0.966 3 * 3 5 7
9.0 0.970 0.970 0.972 3 * 3 5 7
9.5 0.977 0.977 0.979 3 * 3 5 7
10.0 0.984 0.984 0.985 3 * 3 5 7
0.5 0.000 0.000 0.000 1 * 1
1.0 0.000 0.000 0.000 1 * 1
1.5 0.263 0.234 0.215 1 * 3
2.0 0.442 0.394 0.362 1 * 3
2.5 0.442 0.429 0.386 2 * 3 5
3.0 0.572 0.560 0.534 2 * 3 5
3.5 0.675 0.662 0.636 2 * 3 5
4.0 0.725 0.707 0.669 2 * 3 6
4.5 0.670 0.610 0.670 1 * 7
5.0 0.752 0.711 0.744 2 * 5 7
5.5 0.811 0.768 0.807 2 * 5 7
6.0 0.850 0.850 0.852 3 * 3 5 7
6.5 0.887 0.887 0.890 3 * 3 5 7
7.0 0.916 0.916 0.919 3 * 3 5 7
7.5 0.936 0.936 0.938 3 * 3 5 7
8.0 0.954 0.954 0.956 3 * 3 5 7
8.5 0.964 0.964 0.966 3 * 3 5 7
9.0 0.975 0.975 0.977 3 * 3 5 7
9.5 0.979 0.979 0.981 3 * 3 5 7
10.0 0.983 0.983 0.984 3 * 3 5 7
0.5 0.000 0.000 0.000 1 * 1
1.0 0.000 0.000 0.000 1 * 1
1.5 0.268 0.239 0.219 1 * 3
2.0 0.449 0.400 0.367 1 * 3
2.5 0.450 0.433 0.400 2 * 3 5
3.0 0.580 0.565 0.534 2 * 3 5
3.5 0.677 0.664 0.638 2 * 3 5
4.0 0.731 0.755 0.641 3 * 3 5 7
4.5 0.693 0.629 0.693 1 * 7
5.0 0.757 0.717 0.750 2 * 5 7
5.5 0.802 0.792 0.810 2 * 3 7
6.0 0.852 0.852 0.854 3 * 3 5 7
6.5 0.881 0.881 0.884 3 * 3 5 7
7.0 0.912 0.912 0.915 3 * 3 5 7
7.5 0.938 0.938 0.940 3 * 3 5 7
8.0 0.943 0.943 0.945 3 * 3 5 7
8.5 0.958 0.958 0.960 3 * 3 5 7
9.0 0.973 0.973 0.974 3 * 3 5 7
9.5 0.978 0.978 0.979 3 * 3 5 7
10.0 0.981 0.981 0.982 3 * 3 5 7
0.5 0.000 0.000 0.000 1 * 1
1.0 0.000 0.000 0.000 1 * 1
1.5 0.245 0.219 0.201 1 * 3
2.0 0.432 0.386 0.354 1 * 3
2.5 0.476 0.455 0.435 1 * 4
3.0 0.578 0.564 0.535 2 * 3 5
3.5 0.682 0.669 0.643 2 * 3 5
4.0 0.721 0.703 0.668 2 * 3 6
4.5 0.665 0.605 0.665 1 * 7
5.0 0.764 0.764 0.765 3 * 3 5 7
5.5 0.805 0.805 0.807 3 * 3 5 7
6.0 0.848 0.848 0.850 3 * 3 5 7
6.5 0.886 0.886 0.889 3 * 3 5 7
7.0 0.912 0.912 0.915 3 * 3 5 7
7.5 0.937 0.937 0.939 3 * 3 5 7
8.0 0.956 0.956 0.958 3 * 3 5 7
8.5 0.961 0.961 0.963 3 * 3 5 7
9.0 0.972 0.972 0.974 3 * 3 5 7
9.5 0.978 0.978 0.980 3 * 3 5 7
10.0 0.981 0.981 0.983 3 * 3 5 7
0.5 0.000 0.000 0.000 1 * 1
1.0 0.000 0.000 0.000 1 * 1
1.5 0.252 0.225 0.207 1 * 3
2.0 0.447 0.399 0.366 1 * 3
2.5 0.474 0.451 0.430 1 * 4
3.0 0.586 0.571 0.540 2 * 3 5
3.5 0.675 0.662 0.637 2 * 3 5
4.0 0.727 0.708 0.671 2 * 3 6
4.5 0.666 0.608 0.666 1 * 7
5.0 0.750 0.710 0.740 2 * 5 7
5.5 0.815 0.815 0.817 3 * 3 5 7
6.0 0.848 0.848 0.851 3 * 3 5 7
6.5 0.885 0.885 0.887 3 * 3 5 7
7.0 0.918 0.918 0.921 3 * 3 5 7
7.5 0.935 0.935 0.937 3 * 3 5 7
8.0 0.950 0.950 0.952 3 * 3 5 7
8.5 0.962 0.962 0.964 3 * 3 5 7
9.0 0.968 0.968 0.970 3 * 3 5 7
9.5 0.977 0.977 0.978 3 * 3 5 7
10.0 0.984 0.984 0.985 3 * 3 5 7
0.5 0.000 0.000 0.000 1 * 1
1.0 0.014 0.012 0.011 1 * 2
1.5 0.225 0.201 0.184 1 * 3
2.0 0.456 0.407 0.373 1 * 3
2.5 0.450 0.435 0.397 2 * 3 5
3.0 0.569 0.554 0.526 2 * 3 5
3.5 0.684 0.671 0.646 2 * 3 5
4.0 0.738 0.761 0.647 3 * 3 5 7
4.5 0.683 0.621 0.683 1 * 7
5.0 0.796 0.828 0.721 3 * 3 6 8
5.5 0.797 0.797 0.798 3 * 3 5 7
6.0 0.857 0.857 0.860 3 * 3 5 7
6.5 0.880 0.880 0.883 3 * 3 5 7
7.0 0.919 0.919 0.921 3 * 3 5 7
7.5 0.933 0.933 0.937 3 * 3 5 7
8.0 0.950 0.950 0.953 3 * 3 5 7
8.5 0.961 0.961 0.962 3 * 3 5 7
9.0 0.970 0.970 0.971 3 * 3 5 7
9.5 0.981 0.981 0.981 3 * 3 5 7
10.0 0.987 0.987 0.987 3 * 3 5 7
0.5 0.000 0.000 0.000 1 * 1
1.0 0.000 0.000 0.000 1 * 2
1.5 0.239 0.214 0.196 1 * 3
2.0 0.455 0.406 0.373 1 * 3
2.5 0.469 0.444 0.422 1 * 4
3.0 0.582 0.567 0.537 2 * 3 5
3.5 0.682 0.669 0.644 2 * 3 5
4.0 0.745 0.768 0.652 3 * 3 5 7
4.5 0.709 0.700 0.686 2 * 3 7
5.0 0.757 0.715 0.750 2 * 5 7
5.5 0.809 0.809 0.812 3 * 3 5 7
6.0 0.849 0.849 0.852 3 * 3 5 7
6.5 0.888 0.888 0.890 3 * 3 5 7
7.0 0.914 0.914 0.916 3 * 3 5 7
7.5 0.934 0.934 0.936 3 * 3 5 7
8.0 0.949 0.949 0.952 3 * 3 5 7
8.5 0.965 0.965 0.967 3 * 3 5 7
9.0 0.973 0.973 0.975 3 * 3 5 7
9.5 0.978 0.978 0.980 3 * 3 5 7
10.0 0.985 0.985 0.986 3 * 3 5 7
0.5 0.000 0.000 0.000 1 * 1
1.0 0.022 0.019 0.017 1 * 2
1.5 0.242 0.216 0.198 1 * 3
2.0 0.452 0.403 0.370 1 * 3
2.5 0.401 0.388 0.386 1 * 5
3.0 0.577 0.564 0.537 2 * 3 5
3.5 0.684 0.671 0.646 2 * 3 5
4.0 0.597 0.544 0.597 1 * 7
4.5 0.668 0.606 0.668 1 * 7
5.0 0.755 0.715 0.747 2 * 5 7
5.5 0.793 0.793 0.796 3 * 3 5 7
6.0 0.851 0.851 0.855 3 * 3 5 7
6.5 0.887 0.887 0.889 3 * 3 5 7
7.0 0.922 0.922 0.925 3 * 3 5 7
7.5 0.936 0.936 0.938 3 * 3 5 7
8.0 0.948 0.948 0.951 3 * 3 5 7
8.5 0.966 0.966 0.968 3 * 3 5 7
9.0 0.973 0.973 0.975 3 * 3 5 7
9.5 0.983 0.983 0.984 3 * 3 5 7
10.0 0.984 0.984 0.985 3 * 3 5 7
0.5 0.000 0.000 0.000 1 * 1
1.0 0.000 0.000 0.000 1 * 1
1.5 0.252 0.225 0.206 1 * 3
2.0 0.437 0.390 0.358 1 * 3
2.5 0.465 0.445 0.426 1 * 4
3.0 0.584 0.570 0.541 2 * 3 5
3.5 0.678 0.665 0.638 2 * 3 5
4.0 0.730 0.753 0.639 3 * 3 5 7
4.5 0.718 0.707 0.691 2 * 3 7
5.0 0.755 0.715 0.747 2 * 5 7
5.5 0.804 0.804 0.807 3 * 3 5 7
6.0 0.849 0.849 0.850 3 * 3 5 7
6.5 0.882 0.882 0.886 3 * 3 5 7
7.0 0.911 0.911 0.914 3 * 3 5 7
7.5 0.930 0.930 0.932 3 * 3 5 7
8.0 0.946 0.946 0.947 3 * 3 5 7
8.5 0.959 0.959 0.960 3 * 3 5 7
9.0 0.971 0.971 0.972 3 * 3 5 7
9.5 0.977 0.977 0.978 3 * 3 5 7
10.0 0.986 0.986 0.987 3 * 3 5 7
0.5 0.000 0.000 0.000 1 * 1
1.0 0.000 0.000 0.000 1 * 1
1.5 0.261 0.233 0.214 1 * 3
2.0 0.440 0.392 0.360 1 * 3
2.5 0.441 0.426 0.388 2 * 3 5
3.0 0.576 0.561 0.532 2 * 3 5
3.5 0.637 0.620 0.585 2 * 3 6
4.0 0.734 0.715 0.676 2 * 3 6
4.5 0.695 0.632 0.695 1 * 7
5.0 0.745 0.704 0.737 2 * 5 7
5.5 0.811 0.811 0.813 3 * 3 5 7
6.0 0.850 0.850 0.853 3 * 3 5 7
6.5 0.884 0.884 0.886 3 * 3 5 7
7.0 0.918 0.918 0.920 3 * 3 5 7
7.5 0.941 0.941 0.944 3 * 3 5 7
8.0 0.953 0.953 0.956 3 * 3 5 7
8.5 0.957 0.957 0.960 3 * 3 5 7
9.0 0.972 0.972 0.974 3 * 3 5 7
9.5 0.976 0.976 0.978 3 * 3 5 7
10.0 0.982 0.982 0.983 3 * 3 5 7
0.5 0.000 0.000 0.000 1 * 1
1.0 0.014 0.013 0.011 1 * 2
1.5 0.265 0.237 0.218 1 * 3
2.0 0.347 0.314 0.292 1 * 4
2.5 0.445 0.429 0.393 2 * 3 5
3.0 0.580 0.566 0.538 2 * 3 5
3.5 0.648 0.631 0.595 2 * 3 6
4.0 0.736 0.760 0.647 3 * 3 5 7
4.5 0.672 0.610 0.672 1 * 7
5.0 0.742 0.702 0.734 2 * 5 7
5.5 0.833 0.846 0.786 3 * 3 5 7
6.0 0.861 0.861 0.864 3 * 3 5 7
6.5 0.884 0.884 0.887 3 * 3 5 7
7.0 0.912 0.912 0.915 3 * 3 5 7
7.5 0.932 0.932 0.935 3 * 3 5 7
8.0 0.942 0.942 0.945 3 * 3 5 7
8.5 0.961 0.961 0.963 3 * 3 5 7
9.0 0.972 0.972 0.974 3 * 3 5 7
9.5 0.975 0.975 0.977 3 * 3 5 7
10.0 0.986 0.986 0.987 3 * 3 5 7
