0.5 0.000 0.000 0.000 1 * 1
1.0 0.000 0.000 0.000 1 * 1
1.5 0.564 0.254 0.051 1 * 3
2.0 0.463 0.245 0.067 1 * 4
2.5 0.428 0.212 0.139 1 * 7
3.0 0.809 0.621 0.246 2 * 3 9
3.5 0.798 0.622 0.271 2 * 3 11
4.0 0.804 0.804 0.587 3 * 3 9 19
4.5 0.922 0.922 0.870 3 * 3 9 26
5.0 0.960 0.960 0.943 3 * 3 9 27
5.5 0.976 0.976 0.963 3 * 3 9 27
6.0 0.985 0.985 0.978 3 * 3 9 27
6.5 0.992 0.992 0.987 3 * 3 9 27
7.0 0.994 0.994 0.991 3 * 3 9 27
7.5 0.996 0.996 0.994 3 * 3 9 27
8.0 0.998 0.998 0.996 3 * 3 9 27
8.5 0.998 0.998 0.998 3 * 3 9 27
9.0 0.999 0.999 0.998 3 * 3 9 27
9.5 0.999 0.999 0.999 3 * 3 9 27
10.0 1.000 1.000 0.999 3 * 3 9 27
0.5 0.000 0.000 0.000 1 * 1
1.0 0.000 0.000 0.000 1 * 1
1.5 0.533 0.239 0.046 1 * 3
2.0 0.728 0.326 0.061 1 * 3
2.5 0.577 0.431 0.139 2 * 3 7
3.0 0.803 0.617 0.245 2 * 3 9
3.5 0.824 0.683 0.313 3 * 3 9 11
4.0 0.792 0.792 0.551 3 * 3 9 18
4.5 0.922 0.922 0.869 3 * 3 9 26
5.0 0.959 0.959 0.941 3 * 3 9 27
5.5 0.978 0.978 0.966 3 * 3 9 27
6.0 0.985 0.985 0.977 3 * 3 9 27
6.5 0.991 0.991 0.986 3 * 3 9 27
7.0 0.995 0.995 0.992 3 * 3 9 27
7.5 0.996 0.996 0.994 3 * 3 9 27
8.0 0.997 0.997 0.996 3 * 3 9 27
8.5 0.998 0.998 0.997 3 * 3 9 27
9.0 0.999 0.999 0.999 3 * 3 9 27
9.5 1.000 1.000 0.999 3 * 3 9 27
10.0 1.000 1.000 1.000 3 * 3 9 27
0.5 0.000 0.000 0.000 1 * 1
1.0 0.000 0.000 0.000 1 * 1
1.5 0.542 0.244 0.046 1 * 3
2.0 0.724 0.323 0.059 1 * 3
2.5 0.579 0.430 0.131 2 * 3 6
3.0 0.798 0.612 0.241 2 * 3 9
3.5 0.801 0.687 0.339 3 * 3 9 12
4.0 0.785 0.785 0.543 3 * 3 9 18
4.5 0.905 0.905 0.826 3 * 3 9 25
5.0 0.961 0.961 0.942 3 * 3 9 27
5.5 0.975 0.975 0.964 3 * 3 9 27
6.0 0.984 0.984 0.975 3 * 3 9 27
6.5 0.991 0.991 0.986 3 * 3 9 27
7.0 0.994 0.994 0.992 3 * 3 9 27
7.5 0.997 0.997 0.995 3 * 3 9 27
8.0 0.998 0.998 0.996 3 * 3 9 27
8.5 0.999 0.999 0.998 3 * 3 9 27
9.0 0.999 0.999 0.999 3 * 3 9 27
9.5 1.000 1.000 0.999 3 * 3 9 27
10.0 1.000 1.000 0.999 3 * 3 9 27
0.5 0.000 0.000 0.000 1 * 1
1.0 0.000 0.000 0.000 1 * 1
1.5 0.555 0.248 0.046 1 * 3
2.0 0.467 0.242 0.064 1 * 4
2.5 0.573 0.429 0.143 2 * 3 7
3.0 0.811 0.623 0.249 2 * 3 9
3.5 0.800 0.683 0.327 3 * 3 9 12
4.0 0.796 0.796 0.584 3 * 3 9 19
4.5 0.919 0.919 0.865 3 * 3 9 26
5.0 0.962 0.962 0.943 3 * 3 9 27
5.5 0.976 0.976 0.965 3 * 3 9 27
6.0 0.985 0.985 0.977 3 * 3 9 27
6.5 0.991 0.991 0.987 3 * 3 9 27
7.0 0.994 0.994 0.990 3 * 3 9 27
7.5 0.980 0.980 0.944 3 * 3 9 27
8.0 0.998 0.998 0.996 3 * 3 9 27
8.5 0.999 0.999 0.997 3 * 3 9 27
9.0 0.999 0.999 0.999 3 * 3 9 27
9.5 0.999 0.999 0.999 3 * 3 9 27
10.0 1.000 1.000 0.999 3 * 3 9 27
0.5 0.000 0.000 0.000 1 * 1
1.0 0.000 0.000 0.000 1 * 1
1.5 0.557 0.250 0.047 1 * 3
2.0 0.719 0.322 0.059 1 * 3
2.5 0.598 0.450 0.154 2 * 3 7
3.0 0.802 0.615 0.241 2 * 3 9
3.5 0.798 0.681 0.330 3 * 3 9 12
4.0 0.782 0.782 0.543 3 * 3 9 18
4.5 0.921 0.921 0.865 3 * 3 9 26
5.0 0.960 0.960 0.942 3 * 3 9 27
5.5 0.975 0.975 0.963 3 * 3 9 27
6.0 0.985 0.985 0.977 3 * 3 9 27
6.5 0.991 0.991 0.986 3 * 3 9 27
7.0 0.994 0.994 0.991 3 * 3 9 27
7.5 0.996 0.996 0.994 3 * 3 9 27
8.0 0.998 0.998 0.996 3 * 3 9 27
8.5 0.999 0.999 0.998 3 * 3 9 27
9.0 0.999 0.999 0.998 3 * 3 9 27
9.5 0.999 0.999 0.999 3 * 3 9 27
10.0 1.000 1.000 0.999 3 * 3 9 27
0.5 0.000 0.000 0.000 1 * 1
1.0 0.000 0.000 0.000 1 * 1
1.5 0.538 0.243 0.048 1 * 3
2.0 0.447 0.236 0.066 1 * 4
2.5 0.570 0.423 0.130 2 * 3 6
3.0 0.801 0.614 0.240 2 * 3 9
3.5 0.799 0.686 0.332 3 * 3 9 12
4.0 0.799 0.799 0.579 3 * 3 9 19
4.5 0.916 0.916 0.861 3 * 3 9 26
5.0 0.961 0.961 0.944 3 * 3 9 27
5.5 0.973 0.973 0.960 3 * 3 9 27
6.0 0.985 0.985 0.978 3 * 3 9 27
6.5 0.992 0.992 0.987 3 * 3 9 27
7.0 0.994 0.994 0.991 3 * 3 9 27
7.5 0.996 0.996 0.993 3 * 3 9 27
8.0 0.998 0.998 0.997 3 * 3 9 27
8.5 0.999 0.999 0.998 3 * 3 9 27
9.0 0.999 0.999 0.999 3 * 3 9 27
9.5 0.999 0.999 0.999 3 * 3 9 27
10.0 1.000 1.000 0.999 3 * 3 9 27
0.5 0.000 0.000 0.000 1 * 1
1.0 0.077 0.036 0.009 1 * 2
1.5 0.534 0.241 0.046 1 * 3
2.0 0.472 0.245 0.065 1 * 4
2.5 0.633 0.480 0.172 2 * 3 8
3.0 0.789 0.605 0.236 2 * 3 9
3.5 0.781 0.684 0.354 3 * 3 9 13
4.0 0.785 0.785 0.543 3 * 3 9 18
4.5 0.921 0.921 0.869 3 * 3 9 26
5.0 0.964 0.964 0.944 3 * 3 9 27
5.5 0.977 0.977 0.964 3 * 3 9 27
6.0 0.986 0.986 0.978 3 * 3 9 27
6.5 0.992 0.992 0.987 3 * 3 9 27
7.0 0.994 0.994 0.991 3 * 3 9 27
7.5 0.996 0.996 0.994 3 * 3 9 27
8.0 0.997 0.997 0.996 3 * 3 9 27
8.5 0.999 0.999 0.998 3 * 3 9 27
9.0 0.999 0.999 0.998 3 * 3 9 27
9.5 0.999 0.999 0.999 3 * 3 9 27
10.0 1.000 1.000 0.999 3 * 3 9 27
0.5 0.000 0.000 0.000 1 * 1
1.0 0.000 0.000 0.000 1 * 1
1.5 0.535 0.239 0.045 1 * 3
2.0 0.470 0.239 0.060 1 * 4
2.5 0.629 0.478 0.176 2 * 3 8
3.0 0.798 0.613 0.242 2 * 3 9
3.5 0.783 0.687 0.345 3 * 3 9 13
4.0 0.794 0.794 0.575 3 * 3 9 19
4.5 0.931 0.931 0.897 3 * 3 9 27
5.0 0.959 0.959 0.940 3 * 3 9 27
5.5 0.979 0.979 0.968 3 * 3 9 27
6.0 0.987 0.987 0.980 3 * 3 9 27
6.5 0.991 0.991 0.986 3 * 3 9 27
7.0 0.995 0.995 0.991 3 * 3 9 27
7.5 0.997 0.997 0.995 3 * 3 9 27
8.0 0.997 0.997 0.996 3 * 3 9 27
8.5 0.999 0.999 0.998 3 * 3 9 27
9.0 0.999 0.999 0.998 3 * 3 9 27
9.5 0.999 0.999 0.999 3 * 3 9 27
10.0 1.000 1.000 1.000 3 * 3 9 27
0.5 0.000 0.000 0.000 1 * 1
1.0 0.123 0.057 0.012 1 * 2
1.5 0.310 0.157 0.041 1 * 4
2.0 0.479 0.243 0.063 1 * 4
2.5 0.614 0.466 0.169 2 * 3 8
3.0 0.806 0.618 0.243 2 * 3 9
3.5 0.800 0.684 0.327 3 * 3 9 12
4.0 0.791 0.791 0.573 3 * 3 9 19
4.5 0.920 0.920 0.865 3 * 3 9 26
5.0 0.958 0.958 0.938 3 * 3 9 27
5.5 0.976 0.976 0.965 3 * 3 9 27
6.0 0.985 0.985 0.977 3 * 3 9 27
6.5 0.991 0.991 0.987 3 * 3 9 27
7.0 0.994 0.994 0.990 3 * 3 9 27
7.5 0.997 0.997 0.995 3 * 3 9 27
8.0 0.998 0.998 0.996 3 * 3 9 27
8.5 0.998 0.998 0.997 3 * 3 9 27
9.0 1.000 1.000 0.999 3 * 3 9 27
9.5 0.999 0.999 0.999 3 * 3 9 27
10.0 1.000 1.000 0.999 3 * 3 9 27
0.5 0.000 0.000 0.000 1 * 1
1.0 0.000 0.000 0.000 1 * 1
1.5 0.531 0.239 0.046 1 * 3
2.0 0.457 0.236 0.063 1 * 4
2.5 0.643 0.488 0.178 2 * 3 8
3.0 0.791 0.606 0.235 2 * 3 9
3.5 0.801 0.679 0.322 3 * 3 9 12
4.0 0.797 0.797 0.576 3 * 3 9 19
4.5 0.922 0.922 0.869 3 * 3 9 26
5.0 0.960 0.960 0.940 3 * 3 9 27
5.5 0.977 0.977 0.966 3 * 3 9 27
6.0 0.985 0.985 0.977 3 * 3 9 27
6.5 0.990 0.990 0.984 3 * 3 9 27
7.0 0.994 0.994 0.990 3 * 3 9 27
7.5 0.997 0.997 0.995 3 * 3 9 27
8.0 0.998 0.998 0.996 3 * 3 9 27
8.5 0.998 0.998 0.997 3 * 3 9 27
9.0 0.999 0.999 0.999 3 * 3 9 27
9.5 1.000 1.000 0.999 3 * 3 9 27
10.0 0.999 0.999 0.999 3 * 3 9 27
0.5 0.000 0.000 0.000 1 * 1
1.0 0.142 0.066 0.015 1 * 2
1.5 0.554 0.249 0.049 1 * 3
2.0 0.722 0.323 0.059 1 * 3
2.5 0.425 0.217 0.142 1 * 7
3.0 0.807 0.620 0.244 2 * 3 9
3.5 0.785 0.693 0.355 3 * 3 9 13
4.0 0.788 0.788 0.549 3 * 3 9 18
4.5 0.906 0.906 0.830 3 * 3 9 25
5.0 0.959 0.959 0.940 3 * 3 9 27
5.5 0.976 0.976 0.964 3 * 3 9 27
6.0 0.985 0.985 0.978 3 * 3 9 27
6.5 0.991 0.991 0.986 3 * 3 9 27
7.0 0.994 0.994 0.991 3 * 3 9 27
7.5 0.996 0.996 0.994 3 * 3 9 27
8.0 0.998 0.998 0.996 3 * 3 9 27
8.5 0.999 0.999 0.997 3 * 3 9 27
9.0 0.999 0.999 0.999 3 * 3 9 27
9.5 1.000 1.000 0.999 3 * 3 9 27
10.0 1.000 1.000 0.999 3 * 3 9 27
0.5 0.000 0.000 0.000 1 * 1
1.0 0.000 0.000 0.000 1 * 1
1.5 0.551 0.248 0.048 1 * 3
2.0 0.460 0.232 0.058 1 * 4
2.5 0.589 0.442 0.146 2 * 3 7
3.0 0.761 0.586 0.236 2 * 3 10
3.5 0.802 0.685 0.322 3 * 3 9 12
4.0 0.791 0.791 0.567 3 * 3 9 19
4.5 0.905 0.905 0.827 3 * 3 9 25
5.0 0.958 0.958 0.939 3 * 3 9 27
5.5 0.977 0.977 0.966 3 * 3 9 27
6.0 0.985 0.985 0.978 3 * 3 9 27
6.5 0.991 0.991 0.985 3 * 3 9 27
7.0 0.995 0.995 0.992 3 * 3 9 27
7.5 0.996 0.996 0.994 3 * 3 9 27
8.0 0.998 0.998 0.996 3 * 3 9 27
8.5 0.998 0.998 0.997 3 * 3 9 27
9.0 0.999 0.999 0.998 3 * 3 9 27
9.5 0.999 0.999 0.999 3 * 3 9 27
10.0 1.000 1.000 0.999 3 * 3 9 27
0.5 0.000 0.000 0.000 1 * 1
1.0 0.132 0.060 0.013 1 * 2
1.5 0.533 0.239 0.045 1 * 3
2.0 0.461 0.233 0.059 1 * 4
2.5 0.586 0.442 0.153 2 * 3 7
3.0 0.796 0.610 0.239 2 * 3 9
3.5 0.796 0.677 0.324 3 * 3 9 12
4.0 0.816 0.816 0.633 3 * 3 9 21
4.5 0.925 0.925 0.870 3 * 3 9 26
5.0 0.961 0.961 0.941 3 * 3 9 27
5.5 0.976 0.976 0.964 3 * 3 9 27
6.0 0.985 0.985 0.978 3 * 3 9 27
6.5 0.992 0.992 0.987 3 * 3 9 27
7.0 0.995 0.995 0.992 3 * 3 9 27
7.5 0.996 0.996 0.993 3 * 3 9 27
8.0 0.998 0.998 0.997 3 * 3 9 27
8.5 0.998 0.998 0.997 3 * 3 9 27
9.0 0.999 0.999 0.999 3 * 3 9 27
9.5 0.999 0.999 0.999 3 * 3 9 27
10.0 1.000 1.000 0.999 3 * 3 9 27
0.5 0.000 0.000 0.000 1 * 1
1.0 0.000 0.000 0.000 1 * 1
1.5 0.536 0.241 0.047 1 * 3
2.0 0.732 0.326 0.060 1 * 3
2.5 0.569 0.421 0.125 2 * 3 6
3.0 0.766 0.592 0.244 2 * 3 10
3.5 0.793 0.665 0.310 3 * 3 9 12
4.0 0.787 0.787 0.549 3 * 3 9 18
4.5 0.924 0.924 0.872 3 * 3 9 26
5.0 0.958 0.958 0.937 3 * 3 9 27
5.5 0.977 0.977 0.966 3 * 3 9 27
6.0 0.986 0.986 0.979 3 * 3 9 27
6.5 0.990 0.990 0.984 3 * 3 9 27
7.0 0.994 0.994 0.991 3 * 3 9 27
7.5 0.997 0.997 0.995 3 * 3 9 27
8.0 0.998 0.998 0.996 3 * 3 9 27
8.5 0.998 0.998 0.997 3 * 3 9 27
9.0 0.999 0.999 0.998 3 * 3 9 27
9.5 0.999 0.999 0.999 3 * 3 9 27
10.0 1.000 1.000 1.000 3 * 3 9 27
0.5 0.000 0.000 0.000 1 * 1
1.0 0.000 0.000 0.000 1 * 1
1.5 0.529 0.239 0.045 1 * 3
2.0 0.451 0.246 0.070 1 * 4
2.5 0.610 0.461 0.163 2 * 3 8
3.0 0.810 0.621 0.243 2 * 3 9
3.5 0.800 0.687 0.334 3 * 3 9 12
4.0 0.782 0.782 0.538 3 * 3 9 18
4.5 0.919 0.919 0.867 3 * 3 9 26
5.0 0.960 0.960 0.941 3 * 3 9 27
5.5 0.976 0.976 0.964 3 * 3 9 27
6.0 0.985 0.985 0.977 3 * 3 9 27
6.5 0.992 0.992 0.987 3 * 3 9 27
7.0 0.995 0.995 0.992 3 * 3 9 27
7.5 0.996 0.996 0.993 3 * 3 9 27
8.0 0.998 0.998 0.996 3 * 3 9 27
8.5 0.999 0.999 0.998 3 * 3 9 27
9.0 0.999 0.999 0.999 3 * 3 9 27
9.5 0.999 0.999 0.999 3 * 3 9 27
10.0 0.999 0.999 0.999 3 * 3 9 27
0.5 0.000 0.000 0.000 1 * 1
1.0 0.000 0.000 0.000 1 * 1
1.5 0.554 0.249 0.047 1 * 3
2.0 0.718 0.321 0.059 1 * 3
2.5 0.645 0.488 0.175 2 * 3 9
3.0 0.799 0.614 0.244 2 * 3 9
3.5 0.789 0.629 0.310 2 * 3 12
4.0 0.800 0.800 0.579 3 * 3 9 19
4.5 0.931 0.931 0.898 3 * 3 9 27
5.0 0.964 0.964 0.944 3 * 3 9 27
5.5 0.976 0.976 0.964 3 * 3 9 27
6.0 0.985 0.985 0.978 3 * 3 9 27
6.5 0.989 0.989 0.983 3 * 3 9 27
7.0 0.995 0.995 0.992 3 * 3 9 27
7.5 0.997 0.997 0.995 3 * 3 9 27
8.0 0.998 0.998 0.996 3 * 3 9 27
8.5 0.999 0.999 0.997 3 * 3 9 27
9.0 0.999 0.999 0.998 3 * 3 9 27
9.5 0.999 0.999 0.998 3 * 3 9 27
10.0 0.999 0.999 0.999 3 * 3 9 27
0.5 0.000 0.000 0.000 1 * 1
1.0 0.000 0.000 0.000 1 * 1
1.5 0.523 0.235 0.044 1 * 3
2.0 0.723 0.323 0.059 1 * 3
2.5 0.596 0.446 0.146 2 * 3 7
3.0 0.791 0.607 0.239 2 * 3 9
3.5 0.803 0.680 0.330 3 * 3 9 12
4.0 0.796 0.796 0.571 3 * 3 9 19
4.5 0.935 0.935 0.903 3 * 3 9 27
5.0 0.961 0.961 0.941 3 * 3 9 27
5.5 0.977 0.977 0.965 3 * 3 9 27
6.0 0.985 0.985 0.977 3 * 3 9 27
6.5 0.992 0.992 0.986 3 * 3 9 27
7.0 0.994 0.994 0.991 3 * 3 9 27
7.5 0.997 0.997 0.994 3 * 3 9 27
8.0 0.998 0.998 0.997 3 * 3 9 27
8.5 0.998 0.998 0.997 3 * 3 9 27
9.0 0.999 0.999 0.999 3 * 3 9 27
9.5 0.999 0.999 0.999 3 * 3 9 27
10.0 1.000 1.000 0.999 3 * 3 9 27
0.5 0.000 0.000 0.000 1 * 1
1.0 0.000 0.000 0.000 1 * 1
1.5 0.536 0.243 0.048 1 * 3
2.0 0.481 0.247 0.063 1 * 4
2.5 0.624 0.471 0.166 2 * 3 8
3.0 0.807 0.620 0.244 2 * 3 9
3.5 0.803 0.680 0.320 3 * 3 9 12
4.0 0.796 0.796 0.574 3 * 3 9 19
4.5 0.920 0.920 0.862 3 * 3 9 26
5.0 0.961 0.961 0.943 3 * 3 9 27
5.5 0.976 0.976 0.964 3 * 3 9 27
6.0 0.986 0.986 0.978 3 * 3 9 27
6.5 0.991 0.991 0.986 3 * 3 9 27
7.0 0.995 0.995 0.992 3 * 3 9 27
7.5 0.996 0.996 0.994 3 * 3 9 27
8.0 0.998 0.998 0.996 3 * 3 9 27
8.5 0.998 0.998 0.997 3 * 3 9 27
9.0 0.999 0.999 0.998 3 * 3 9 27
9.5 0.999 0.999 0.999 3 * 3 9 27
10.0 1.000 1.000 0.999 3 * 3 9 27
0.5 0.000 0.000 0.000 1 * 1
1.0 0.140 0.065 0.015 1 * 2
1.5 0.544 0.246 0.048 1 * 3
2.0 0.710 0.318 0.059 1 * 3
2.5 0.591 0.444 0.151 2 * 3 7
3.0 0.806 0.619 0.247 2 * 3 9
3.5 0.773 0.618 0.309 2 * 3 12
4.0 0.798 0.798 0.582 3 * 3 9 19
4.5 0.935 0.935 0.903 3 * 3 9 27
5.0 0.959 0.959 0.940 3 * 3 9 27
5.5 0.977 0.977 0.966 3 * 3 9 27
6.0 0.984 0.984 0.975 3 * 3 9 27
6.5 0.990 0.990 0.985 3 * 3 9 27
7.0 0.994 0.994 0.990 3 * 3 9 27
7.5 0.996 0.996 0.994 3 * 3 9 27
8.0 0.997 0.997 0.995 3 * 3 9 27
8.5 0.999 0.999 0.998 3 * 3 9 27
9.0 0.999 0.999 0.999 3 * 3 9 27
9.5 0.999 0.999 0.999 3 * 3 9 27
10.0 0.999 0.999 0.999 3 * 3 9 27
0.5 0.000 0.000 0.000 1 * 1
1.0 0.000 0.000 0.000 1 * 1
1.5 0.547 0.246 0.048 1 * 3
2.0 0.451 0.241 0.067 1 * 4
2.5 0.603 0.452 0.152 2 * 3 7
3.0 0.798 0.613 0.245 2 * 3 9
3.5 0.797 0.684 0.335 3 * 3 9 12
4.0 0.798 0.798 0.571 3 * 3 9 19
4.5 0.923 0.923 0.872 3 * 3 9 26
5.0 0.928 0.947 0.898 4 * 3 9 25 27
5.5 0.976 0.976 0.963 3 * 3 9 27
6.0 0.985 0.985 0.977 3 * 3 9 27
6.5 0.992 0.992 0.986 3 * 3 9 27
7.0 0.994 0.994 0.991 3 * 3 9 27
7.5 0.996 0.996 0.994 3 * 3 9 27
8.0 0.998 0.998 0.996 3 * 3 9 27
8.5 0.999 0.999 0.998 3 * 3 9 27
9.0 0.999 0.999 0.999 3 * 3 9 27
9.5 0.999 0.999 0.999 3 * 3 9 27
10.0 1.000 1.000 0.999 3 * 3 9 27
0.5 0.000 0.000 0.000 1 * 1
1.0 0.000 0.000 0.000 1 * 1
1.5 0.534 0.240 0.046 1 * 3
2.0 0.712 0.318 0.059 1 * 3
2.5 0.627 0.476 0.173 2 * 3 8
3.0 0.799 0.612 0.237 2 * 3 9
3.5 0.804 0.688 0.331 3 * 3 9 12
4.0 0.782 0.782 0.546 3 * 3 9 18
4.5 0.917 0.917 0.861 3 * 3 9 26
5.0 0.960 0.960 0.939 3 * 3 9 27
5.5 0.974 0.974 0.962 3 * 3 9 27
6.0 0.984 0.984 0.975 3 * 3 9 27
6.5 0.991 0.991 0.986 3 * 3 9 27
7.0 0.993 0.993 0.989 3 * 3 9 27
7.5 0.997 0.997 0.995 3 * 3 9 27
8.0 0.997 0.997 0.996 3 * 3 9 27
8.5 0.999 0.999 0.998 3 * 3 9 27
9.0 0.999 0.999 0.998 3 * 3 9 27
9.5 0.999 0.999 0.999 3 * 3 9 27
10.0 1.000 1.000 1.000 3 * 3 9 27
0.5 0.000 0.000 0.000 1 * 1
1.0 0.000 0.000 0.000 1 * 1
1.5 0.548 0.245 0.046 1 * 3
2.0 0.472 0.234 0.057 1 * 4
2.5 0.628 0.477 0.175 2 * 3 8
3.0 0.800 0.614 0.244 2 * 3 9
3.5 0.798 0.683 0.334 3 * 3 9 12
4.0 0.793 0.793 0.576 3 * 3 9 19
4.5 0.918 0.918 0.863 3 * 3 9 26
5.0 0.962 0.962 0.942 3 * 3 9 27
5.5 0.976 0.976 0.964 3 * 3 9 27
6.0 0.985 0.985 0.978 3 * 3 9 27
6.5 0.991 0.991 0.985 3 * 3 9 27
7.0 0.994 0.994 0.991 3 * 3 9 27
7.5 0.996 0.996 0.993 3 * 3 9 27
8.0 0.998 0.998 0.996 3 * 3 9 27
8.5 0.999 0.999 0.998 3 * 3 9 27
9.0 0.999 0.999 0.998 3 * 3 9 27
9.5 0.999 0.999 0.998 3 * 3 9 27
10.0 1.000 1.000 0.999 3 * 3 9 27
0.5 0.000 0.000 0.000 1 * 1
1.0 0.000 0.000 0.000 1 * 1
1.5 0.541 0.243 0.047 1 * 3
2.0 0.457 0.232 0.059 1 * 4
2.5 0.616 0.467 0.169 2 * 3 8
3.0 0.752 0.580 0.237 2 * 3 10
3.5 0.807 0.690 0.339 3 * 3 9 12
4.0 0.791 0.791 0.549 3 * 3 9 18
4.5 0.920 0.920 0.866 3 * 3 9 26
5.0 0.961 0.961 0.943 3 * 3 9 27
5.5 0.978 0.978 0.967 3 * 3 9 27
6.0 0.986 0.986 0.979 3 * 3 9 27
6.5 0.991 0.991 0.986 3 * 3 9 27
7.0 0.994 0.994 0.991 3 * 3 9 27
7.5 0.997 0.997 0.995 3 * 3 9 27
8.0 0.997 0.997 0.996 3 * 3 9 27
8.5 0.998 0.998 0.997 3 * 3 9 27
9.0 0.999 0.999 0.999 3 * 3 9 27
9.5 0.999 0.999 0.999 3 * 3 9 27
10.0 1.000 1.000 1.000 3 * 3 9 27
0.5 0.000 0.000 0.000 1 * 1
1.0 0.000 0.000 0.000 1 * 1
1.5 0.537 0.241 0.046 1 * 3
2.0 0.721 0.322 0.059 1 * 3
2.5 0.548 0.411 0.136 2 * 3 7
3.0 0.801 0.615 0.243 2 * 3 9
3.5 0.803 0.691 0.342 3 * 3 9 12
4.0 0.781 0.781 0.540 3 * 3 9 18
4.5 0.921 0.921 0.866 3 * 3 9 26
5.0 0.964 0.964 0.945 3 * 3 9 27
5.5 0.976 0.976 0.963 3 * 3 9 27
6.0 0.984 0.984 0.975 3 * 3 9 27
6.5 0.990 0.990 0.986 3 * 3 9 27
7.0 0.994 0.994 0.991 3 * 3 9 27
7.5 0.997 0.997 0.994 3 * 3 9 27
8.0 0.998 0.998 0.996 3 * 3 9 27
8.5 0.999 0.999 0.998 3 * 3 9 27
9.0 0.999 0.999 0.999 3 * 3 9 27
9.5 1.000 1.000 0.999 3 * 3 9 27
10.0 1.000 1.000 1.000 3 * 3 9 27
0.5 0.000 0.000 0.000 1 * 1
1.0 0.000 0.000 0.000 1 * 1
1.5 0.541 0.244 0.047 1 * 3
2.0 0.730 0.326 0.060 1 * 3
2.5 0.571 0.427 0.139 2 * 3 7
3.0 0.796 0.611 0.243 2 * 3 9
3.5 0.787 0.692 0.355 3 * 3 9 13
4.0 0.800 0.800 0.578 3 * 3 9 19
4.5 0.937 0.937 0.906 3 * 3 9 27
5.0 0.956 0.956 0.936 3 * 3 9 27
5.5 0.975 0.975 0.964 3 * 3 9 27
6.0 0.985 0.985 0.977 3 * 3 9 27
6.5 0.992 0.992 0.987 3 * 3 9 27
7.0 0.995 0.995 0.991 3 * 3 9 27
7.5 0.997 0.997 0.995 3 * 3 9 27
8.0 0.998 0.998 0.997 3 * 3 9 27
8.5 0.999 0.999 0.998 3 * 3 9 27
9.0 0.999 0.999 0.999 3 * 3 9 27
9.5 0.999 0.999 0.999 3 * 3 9 27
10.0 1.000 1.000 0.999 3 * 3 9 27
0.5 0.000 0.000 0.000 1 * 1
1.0 0.000 0.000 0.000 1 * 1
1.5 0.542 0.242 0.046 1 * 3
2.0 0.731 0.325 0.059 1 * 3
2.5 0.584 0.439 0.150 2 * 3 7
3.0 0.800 0.615 0.246 2 * 3 9
3.5 0.786 0.693 0.355 3 * 3 9 13
4.0 0.805 0.805 0.604 3 * 3 9 20
4.5 0.904 0.904 0.824 3 * 3 9 25
5.0 0.958 0.958 0.938 3 * 3 9 27
5.5 0.977 0.977 0.965 3 * 3 9 27
6.0 0.985 0.985 0.977 3 * 3 9 27
6.5 0.990 0.990 0.986 3 * 3 9 27
7.0 0.994 0.994 0.991 3 * 3 9 27
7.5 0.996 0.996 0.994 3 * 3 9 27
8.0 0.998 0.998 0.997 3 * 3 9 27
8.5 0.998 0.998 0.997 3 * 3 9 27
9.0 0.957 0.982 0.946 4 * 3 9 24 27
9.5 0.999 0.999 0.999 3 * 3 9 27
10.0 1.000 1.000 0.999 3 * 3 9 27
0.5 0.000 0.000 0.000 1 * 1
1.0 0.000 0.000 0.000 1 * 1
1.5 0.561 0.251 0.047 1 * 3
2.0 0.728 0.326 0.060 1 * 3
2.5 0.566 0.424 0.138 2 * 3 7
3.0 0.790 0.606 0.238 2 * 3 9
3.5 0.780 0.689 0.352 3 * 3 9 13
4.0 0.795 0.795 0.577 3 * 3 9 19
4.5 0.929 0.929 0.897 3 * 3 9 27
5.0 0.960 0.960 0.941 3 * 3 9 27
5.5 0.975 0.975 0.963 3 * 3 9 27
6.0 0.985 0.985 0.978 3 * 3 9 27
6.5 0.992 0.992 0.987 3 * 3 9 27
7.0 0.994 0.994 0.991 3 * 3 9 27
7.5 0.996 0.996 0.993 3 * 3 9 27
8.0 0.997 0.997 0.996 3 * 3 9 27
8.5 0.999 0.999 0.998 3 * 3 9 27
9.0 0.999 0.999 0.998 3 * 3 9 27
9.5 0.999 0.999 0.999 3 * 3 9 27
10.0 1.000 1.000 1.000 3 * 3 9 27
0.5 0.000 0.000 0.000 1 * 1
1.0 0.167 0.078 0.017 1 * 2
1.5 0.546 0.245 0.046 1 * 3
2.0 0.462 0.236 0.061 1 * 4
2.5 0.577 0.433 0.143 2 * 3 7
3.0 0.800 0.615 0.244 2 * 3 9
3.5 0.817 0.674 0.305 3 * 3 9 11
4.0 0.787 0.787 0.551 3 * 3 9 18
4.5 0.920 0.920 0.861 3 * 3 9 26
5.0 0.961 0.961 0.943 3 * 3 9 27
5.5 0.977 0.977 0.966 3 * 3 9 27
6.0 0.986 0.986 0.978 3 * 3 9 27
6.5 0.991 0.991 0.987 3 * 3 9 27
7.0 0.994 0.994 0.991 3 * 3 9 27
7.5 0.996 0.996 0.994 3 * 3 9 27
8.0 0.997 0.997 0.995 3 * 3 9 27
8.5 0.999 0.999 0.998 3 * 3 9 27
9.0 0.999 0.999 0.998 3 * 3 9 27
9.5 1.000 1.000 0.999 3 * 3 9 27
10.0 1.000 1.000 1.000 3 * 3 9 27
0.5 0.000 0.000 0.000 1 * 1
1.0 0.000 0.000 0.000 1 * 1
1.5 0.541 0.242 0.046 1 * 3
2.0 0.720 0.321 0.059 1 * 3
2.5 0.618 0.468 0.168 2 * 3 8
3.0 0.809 0.620 0.243 2 * 3 9
3.5 0.775 0.682 0.344 3 * 3 9 13
4.0 0.799 0.799 0.571 3 * 3 9 19
4.5 0.908 0.908 0.832 3 * 3 9 25
5.0 0.961 0.961 0.942 3 * 3 9 27
5.5 0.977 0.977 0.965 3 * 3 9 27
6.0 0.985 0.985 0.977 3 * 3 9 27
6.5 0.992 0.992 0.987 3 * 3 9 27
7.0 0.995 0.995 0.992 3 * 3 9 27
7.5 0.997 0.997 0.995 3 * 3 9 27
8.0 0.998 0.998 0.997 3 * 3 9 27
8.5 0.998 0.998 0.998 3 * 3 9 27
9.0 0.999 0.999 0.998 3 * 3 9 27
9.5 0.999 0.999 0.999 3 * 3 9 27
10.0 0.999 0.999 0.999 3 * 3 9 27
0.5 0.000 0.000 0.000 1 * 1
1.0 0.000 0.000 0.000 1 * 1
1.5 0.555 0.248 0.046 1 * 3
2.0 0.705 0.316 0.059 1 * 3
2.5 0.592 0.445 0.151 2 * 3 7
3.0 0.808 0.619 0.241 2 * 3 9
3.5 0.804 0.678 0.316 3 * 3 9 12
4.0 0.825 0.825 0.649 3 * 3 9 21
4.5 0.918 0.918 0.862 3 * 3 9 26
5.0 0.959 0.959 0.939 3 * 3 9 27
5.5 0.976 0.976 0.965 3 * 3 9 27
6.0 0.986 0.986 0.978 3 * 3 9 27
6.5 0.991 0.991 0.986 3 * 3 9 27
7.0 0.995 0.995 0.992 3 * 3 9 27
7.5 0.996 0.996 0.994 3 * 3 9 27
8.0 0.998 0.998 0.996 3 * 3 9 27
8.5 0.999 0.999 0.998 3 * 3 9 27
9.0 0.999 0.999 0.998 3 * 3 9 27
9.5 0.999 0.999 0.999 3 * 3 9 27
10.0 1.000 1.000 0.999 3 * 3 9 27
0.5 0.000 0.000 0.000 1 * 1
1.0 0.104 0.050 0.012 1 * 2
1.5 0.544 0.245 0.047 1 * 3
2.0 0.455 0.247 0.071 1 * 4
2.5 0.597 0.447 0.147 2 * 3 7
3.0 0.803 0.618 0.247 2 * 3 9
3.5 0.796 0.683 0.333 3 * 3 9 12
4.0 0.797 0.797 0.571 3 * 3 9 19
4.5 0.925 0.925 0.871 3 * 3 9 26
5.0 0.957 0.957 0.937 3 * 3 9 27
5.5 0.978 0.978 0.967 3 * 3 9 27
6.0 0.986 0.986 0.978 3 * 3 9 27
6.5 0.990 0.990 0.985 3 * 3 9 27
7.0 0.994 0.994 0.991 3 * 3 9 27
7.5 0.996 0.996 0.994 3 * 3 9 27
8.0 0.998 0.998 0.996 3 * 3 9 27
8.5 0.999 0.999 0.998 3 * 3 9 27
9.0 0.999 0.999 0.998 3 * 3 9 27
9.5 0.999 0.999 0.999 3 * 3 9 27
10.0 1.000 1.000 0.999 3 * 3 9 27
0.5 0.000 0.000 0.000 1 * 1
1.0 0.134 0.062 0.014 1 * 2
1.5 0.558 0.250 0.047 1 * 3
2.0 0.713 0.318 0.060 1 * 3
2.5 0.573 0.431 0.147 2 * 3 7
3.0 0.798 0.614 0.245 2 * 3 9
3.5 0.781 0.691 0.357 3 * 3 9 13
4.0 0.794 0.794 0.570 3 * 3 9 19
4.5 0.918 0.918 0.864 3 * 3 9 26
5.0 0.961 0.961 0.940 3 * 3 9 27
5.5 0.975 0.975 0.962 3 * 3 9 27
6.0 0.985 0.985 0.977 3 * 3 9 27
6.5 0.991 0.991 0.987 3 * 3 9 27
7.0 0.994 0.994 0.990 3 * 3 9 27
7.5 0.996 0.996 0.994 3 * 3 9 27
8.0 0.998 0.998 0.997 3 * 3 9 27
8.5 0.999 0.999 0.998 3 * 3 9 27
9.0 0.998 0.998 0.997 3 * 3 9 27
9.5 0.999 0.999 0.999 3 * 3 9 27
10.0 1.000 1.000 0.999 3 * 3 9 27
0.5 0.000 0.000 0.000 1 * 1
1.0 0.000 0.000 0.000 1 * 1
1.5 0.532 0.239 0.045 1 * 3
2.0 0.302 0.189 0.066 1 * 5
2.5 0.581 0.434 0.140 2 * 3 7
3.0 0.799 0.614 0.242 2 * 3 9
3.5 0.790 0.698 0.362 3 * 3 9 13
4.0 0.799 0.799 0.579 3 * 3 9 19
4.5 0.921 0.921 0.866 3 * 3 9 26
5.0 0.960 0.960 0.940 3 * 3 9 27
5.5 0.977 0.977 0.964 3 * 3 9 27
6.0 0.985 0.985 0.978 3 * 3 9 27
6.5 0.991 0.991 0.986 3 * 3 9 27
7.0 0.995 0.995 0.992 3 * 3 9 27
7.5 0.996 0.996 0.994 3 * 3 9 27
8.0 0.998 0.998 0.997 3 * 3 9 27
8.5 0.998 0.998 0.997 3 * 3 9 27
9.0 0.999 0.999 0.998 3 * 3 9 27
9.5 0.999 0.999 0.999 3 * 3 9 27
10.0 1.000 1.000 0.999 3 * 3 9 27
0.5 0.000 0.000 0.000 1 * 1
1.0 0.000 0.000 0.000 1 * 1
1.5 0.543 0.244 0.048 1 * 3
2.0 0.723 0.325 0.061 1 * 3
2.5 0.626 0.475 0.174 2 * 3 8
3.0 0.795 0.610 0.240 2 * 3 9
3.5 0.802 0.683 0.320 3 * 3 9 12
4.0 0.798 0.798 0.576 3 * 3 9 19
4.5 0.919 0.919 0.864 3 * 3 9 26
5.0 0.960 0.960 0.940 3 * 3 9 27
5.5 0.974 0.974 0.961 3 * 3 9 27
6.0 0.986 0.986 0.977 3 * 3 9 27
6.5 0.991 0.991 0.986 3 * 3 9 27
7.0 0.994 0.994 0.991 3 * 3 9 27
7.5 0.996 0.996 0.994 3 * 3 9 27
8.0 0.997 0.997 0.996 3 * 3 9 27
8.5 0.999 0.999 0.998 3 * 3 9 27
9.0 0.999 0.999 0.998 3 * 3 9 27
9.5 0.999 0.999 0.999 3 * 3 9 27
10.0 1.000 1.000 0.999 3 * 3 9 27
0.5 0.000 0.000 0.000 1 * 1
1.0 0.000 0.000 0.000 1 * 1
1.5 0.532 0.240 0.046 1 * 3
2.0 0.458 0.250 0.074 1 * 4
2.5 0.630 0.478 0.175 2 * 3 8
3.0 0.807 0.619 0.244 2 * 3 9
3.5 0.782 0.691 0.352 3 * 3 9 13
4.0 0.797 0.797 0.573 3 * 3 9 19
4.5 0.907 0.907 0.828 3 * 3 9 25
5.0 0.961 0.961 0.940 3 * 3 9 27
5.5 0.977 0.977 0.966 3 * 3 9 27
6.0 0.985 0.985 0.978 3 * 3 9 27
6.5 0.991 0.991 0.985 3 * 3 9 27
7.0 0.995 0.995 0.992 3 * 3 9 27
7.5 0.997 0.997 0.995 3 * 3 9 27
8.0 0.998 0.998 0.996 3 * 3 9 27
8.5 0.998 0.998 0.997 3 * 3 9 27
9.0 0.999 0.999 0.998 3 * 3 9 27
9.5 0.999 0.999 0.999 3 * 3 9 27
10.0 1.000 1.000 0.999 3 * 3 9 27
0.5 0.000 0.000 0.000 1 * 1
1.0 0.138 0.063 0.013 1 * 2
1.5 0.565 0.254 0.048 1 * 3
2.0 0.716 0.319 0.058 1 * 3
2.5 0.586 0.440 0.146 2 * 3 7
3.0 0.795 0.609 0.238 2 * 3 9
3.5 0.804 0.687 0.331 3 * 3 9 12
4.0 0.786 0.786 0.541 3 * 3 9 18
4.5 0.903 0.903 0.826 3 * 3 9 25
5.0 0.959 0.959 0.940 3 * 3 9 27
5.5 0.977 0.977 0.965 3 * 3 9 27
6.0 0.985 0.985 0.977 3 * 3 9 27
6.5 0.991 0.991 0.985 3 * 3 9 27
7.0 0.995 0.995 0.991 3 * 3 9 27
7.5 0.996 0.996 0.994 3 * 3 9 27
8.0 0.998 0.998 0.996 3 * 3 9 27
8.5 0.999 0.999 0.998 3 * 3 9 27
9.0 0.999 0.999 0.998 3 * 3 9 27
9.5 0.999 0.999 0.999 3 * 3 9 27
10.0 1.000 1.000 0.999 3 * 3 9 27
0.5 0.000 0.000 0.000 1 * 1
1.0 0.004 0.003 0.002 1 * 2
1.5 0.559 0.250 0.048 1 * 3
2.0 0.722 0.322 0.059 1 * 3
2.5 0.608 0.457 0.154 2 * 3 7
3.0 0.806 0.619 0.247 2 * 3 9
3.5 0.794 0.662 0.311 3 * 3 9 12
4.0 0.796 0.796 0.578 3 * 3 9 19
4.5 0.919 0.919 0.868 3 * 3 9 26
5.0 0.960 0.960 0.940 3 * 3 9 27
5.5 0.978 0.978 0.966 3 * 3 9 27
6.0 0.986 0.986 0.978 3 * 3 9 27
6.5 0.991 0.991 0.986 3 * 3 9 27
7.0 0.994 0.994 0.990 3 * 3 9 27
7.5 0.996 0.996 0.994 3 * 3 9 27
8.0 0.998 0.998 0.997 3 * 3 9 27
8.5 0.998 0.998 0.997 3 * 3 9 27
9.0 0.999 0.999 0.998 3 * 3 9 27
9.5 0.999 0.999 0.998 3 * 3 9 27
10.0 0.999 0.999 0.999 3 * 3 9 27
0.5 0.000 0.000 0.000 1 * 1
1.0 0.136 0.063 0.014 1 * 2
1.5 0.549 0.246 0.046 1 * 3
2.0 0.716 0.320 0.059 1 * 3
2.5 0.608 0.459 0.162 2 * 3 8
3.0 0.802 0.616 0.245 2 * 3 9
3.5 0.822 0.677 0.307 3 * 3 9 11
4.0 0.792 0.792 0.567 3 * 3 9 19
4.5 0.918 0.918 0.864 3 * 3 9 26
5.0 0.958 0.958 0.939 3 * 3 9 27
5.5 0.979 0.979 0.967 3 * 3 9 27
6.0 0.986 0.986 0.977 3 * 3 9 27
6.5 0.990 0.990 0.985 3 * 3 9 27
7.0 0.995 0.995 0.991 3 * 3 9 27
7.5 0.997 0.997 0.995 3 * 3 9 27
8.0 0.998 0.998 0.996 3 * 3 9 27
8.5 0.999 0.999 0.998 3 * 3 9 27
9.0 0.999 0.999 0.998 3 * 3 9 27
9.5 1.000 1.000 0.999 3 * 3 9 27
10.0 1.000 1.000 1.000 3 * 3 9 27
0.5 0.000 0.000 0.000 1 * 1
1.0 0.002 0.002 0.002 1 * 2
1.5 0.532 0.239 0.045 1 * 3
2.0 0.456 0.235 0.063 1 * 4
2.5 0.570 0.428 0.146 2 * 3 7
3.0 0.812 0.622 0.244 2 * 3 9
3.5 0.797 0.685 0.334 3 * 3 9 12
4.0 0.788 0.788 0.543 3 * 3 9 18
4.5 0.935 0.935 0.904 3 * 3 9 27
5.0 0.958 0.958 0.938 3 * 3 9 27
5.5 0.977 0.977 0.966 3 * 3 9 27
6.0 0.986 0.986 0.979 3 * 3 9 27
6.5 0.991 0.991 0.987 3 * 3 9 27
7.0 0.995 0.995 0.992 3 * 3 9 27
7.5 0.996 0.996 0.993 3 * 3 9 27
8.0 0.998 0.998 0.996 3 * 3 9 27
8.5 0.999 0.999 0.998 3 * 3 9 27
9.0 0.999 0.999 0.998 3 * 3 9 27
9.5 1.000 1.000 0.999 3 * 3 9 27
10.0 1.000 1.000 0.999 3 * 3 9 27
0.5 0.000 0.000 0.000 1 * 1
1.0 0.000 0.000 0.000 1 * 1
1.5 0.548 0.247 0.048 1 * 3
2.0 0.728 0.327 0.061 1 * 3
2.5 0.563 0.417 0.124 2 * 3 6
3.0 0.785 0.602 0.237 2 * 3 9
3.5 0.815 0.673 0.303 3 * 3 9 11
4.0 0.810 0.810 0.609 3 * 3 9 20
4.5 0.930 0.930 0.896 3 * 3 9 27
5.0 0.961 0.961 0.942 3 * 3 9 27
5.5 0.975 0.975 0.962 3 * 3 9 27
6.0 0.986 0.986 0.978 3 * 3 9 27
6.5 0.991 0.991 0.986 3 * 3 9 27
7.0 0.994 0.994 0.991 3 * 3 9 27
7.5 0.996 0.996 0.994 3 * 3 9 27
8.0 0.998 0.998 0.996 3 * 3 9 27
8.5 0.999 0.999 0.998 3 * 3 9 27
9.0 0.999 0.999 0.998 3 * 3 9 27
9.5 0.999 0.999 0.999 3 * 3 9 27
10.0 1.000 1.000 1.000 3 * 3 9 27
0.5 0.000 0.000 0.000 1 * 1
1.0 0.000 0.000 0.000 1 * 1
1.5 0.545 0.245 0.046 1 * 3
2.0 0.477 0.245 0.064 1 * 4
2.5 0.620 0.471 0.172 2 * 3 8
3.0 0.800 0.614 0.242 2 * 3 9
3.5 0.800 0.681 0.324 3 * 3 9 12
4.0 0.795 0.795 0.573 3 * 3 9 19
4.5 0.892 0.892 0.831 3 * 3 10 25
5.0 0.960 0.960 0.942 3 * 3 9 27
5.5 0.977 0.977 0.965 3 * 3 9 27
6.0 0.985 0.985 0.977 3 * 3 9 27
6.5 0.991 0.991 0.986 3 * 3 9 27
7.0 0.995 0.995 0.991 3 * 3 9 27
7.5 0.996 0.996 0.994 3 * 3 9 27
8.0 0.998 0.998 0.996 3 * 3 9 27
8.5 0.998 0.998 0.997 3 * 3 9 27
9.0 0.999 0.999 0.999 3 * 3 9 27
9.5 0.999 0.999 0.999 3 * 3 9 27
10.0 1.000 1.000 0.999 3 * 3 9 27
0.5 0.000 0.000 0.000 1 * 1
1.0 0.004 0.003 0.002 1 * 2
1.5 0.526 0.237 0.045 1 * 3
2.0 0.726 0.324 0.059 1 * 3
2.5 0.626 0.476 0.176 2 * 3 8
3.0 0.797 0.612 0.241 2 * 3 9
3.5 0.781 0.687 0.354 3 * 3 9 13
4.0 0.794 0.794 0.571 3 * 3 9 19
4.5 0.921 0.921 0.866 3 * 3 9 26
5.0 0.959 0.959 0.940 3 * 3 9 27
5.5 0.976 0.976 0.964 3 * 3 9 27
6.0 0.984 0.984 0.976 3 * 3 9 27
6.5 0.991 0.991 0.985 3 * 3 9 27
7.0 0.993 0.993 0.990 3 * 3 9 27
7.5 0.996 0.996 0.994 3 * 3 9 27
8.0 0.998 0.998 0.997 3 * 3 9 27
8.5 0.998 0.998 0.997 3 * 3 9 27
9.0 0.999 0.999 0.999 3 * 3 9 27
9.5 0.999 0.999 0.999 3 * 3 9 27
10.0 1.000 1.000 0.999 3 * 3 9 27
0.5 0.000 0.000 0.000 1 * 1
1.0 0.128 0.059 0.012 1 * 2
1.5 0.555 0.251 0.049 1 * 3
2.0 0.712 0.318 0.059 1 * 3
2.5 0.640 0.486 0.179 2 * 3 8
3.0 0.801 0.615 0.242 2 * 3 9
3.5 0.822 0.678 0.305 3 * 3 9 11
4.0 0.810 0.810 0.611 3 * 3 9 20
4.5 0.920 0.920 0.866 3 * 3 9 26
5.0 0.962 0.962 0.944 3 * 3 9 27
5.5 0.977 0.977 0.965 3 * 3 9 27
6.0 0.986 0.986 0.979 3 * 3 9 27
6.5 0.991 0.991 0.986 3 * 3 9 27
7.0 0.994 0.994 0.991 3 * 3 9 27
7.5 0.996 0.996 0.994 3 * 3 9 27
8.0 0.997 0.997 0.996 3 * 3 9 27
8.5 0.999 0.999 0.998 3 * 3 9 27
9.0 0.999 0.999 0.998 3 * 3 9 27
9.5 1.000 1.000 0.999 3 * 3 9 27
10.0 1.000 1.000 0.999 3 * 3 9 27
0.5 0.000 0.000 0.000 1 * 1
1.0 0.000 0.000 0.000 1 * 1
1.5 0.544 0.244 0.046 1 * 3
2.0 0.484 0.234 0.053 1 * 4
2.5 0.626 0.475 0.172 2 * 3 8
3.0 0.803 0.616 0.244 2 * 3 9
3.5 0.797 0.682 0.329 3 * 3 9 12
4.0 0.785 0.785 0.541 3 * 3 9 18
4.5 0.933 0.933 0.901 3 * 3 9 27
5.0 0.958 0.958 0.938 3 * 3 9 27
5.5 0.976 0.976 0.963 3 * 3 9 27
6.0 0.985 0.985 0.977 3 * 3 9 27
6.5 0.992 0.992 0.987 3 * 3 9 27
7.0 0.994 0.994 0.990 3 * 3 9 27
7.5 0.996 0.996 0.995 3 * 3 9 27
8.0 0.998 0.998 0.996 3 * 3 9 27
8.5 0.998 0.998 0.997 3 * 3 9 27
9.0 0.999 0.999 0.998 3 * 3 9 27
9.5 0.999 0.999 0.999 3 * 3 9 27
10.0 1.000 1.000 0.999 3 * 3 9 27
0.5 0.000 0.000 0.000 1 * 1
1.0 0.000 0.000 0.000 1 * 1
1.5 0.534 0.240 0.046 1 * 3
2.0 0.724 0.324 0.061 1 * 3
2.5 0.589 0.442 0.149 2 * 3 7
3.0 0.765 0.593 0.249 2 * 3 10
3.5 0.800 0.681 0.327 3 * 3 9 12
4.0 0.791 0.791 0.567 3 * 3 9 19
4.5 0.918 0.918 0.860 3 * 3 9 26
5.0 0.960 0.960 0.941 3 * 3 9 27
5.5 0.976 0.976 0.963 3 * 3 9 27
6.0 0.985 0.985 0.978 3 * 3 9 27
6.5 0.992 0.992 0.987 3 * 3 9 27
7.0 0.994 0.994 0.991 3 * 3 9 27
7.5 0.997 0.997 0.995 3 * 3 9 27
8.0 0.998 0.998 0.997 3 * 3 9 27
8.5 0.999 0.999 0.998 3 * 3 9 27
9.0 0.999 0.999 0.998 3 * 3 9 27
9.5 0.999 0.999 0.999 3 * 3 9 27
10.0 1.000 1.000 0.999 3 * 3 9 27
0.5 0.000 0.000 0.000 1 * 1
1.0 0.000 0.000 0.000 1 * 1
1.5 0.538 0.242 0.046 1 * 3
2.0 0.723 0.322 0.059 1 * 3
2.5 0.585 0.438 0.144 2 * 3 7
3.0 0.806 0.620 0.248 2 * 3 9
3.5 0.781 0.622 0.304 2 * 3 12
4.0 0.809 0.809 0.612 3 * 3 9 20
4.5 0.905 0.905 0.825 3 * 3 9 25
5.0 0.962 0.962 0.943 3 * 3 9 27
5.5 0.976 0.976 0.964 3 * 3 9 27
6.0 0.986 0.986 0.979 3 * 3 9 27
6.5 0.992 0.992 0.986 3 * 3 9 27
7.0 0.994 0.994 0.991 3 * 3 9 27
7.5 0.996 0.996 0.994 3 * 3 9 27
8.0 0.997 0.997 0.996 3 * 3 9 27
8.5 0.998 0.998 0.997 3 * 3 9 27
9.0 0.999 0.999 0.998 3 * 3 9 27
9.5 1.000 1.000 0.999 3 * 3 9 27
10.0 1.000 1.000 1.000 3 * 3 9 27
0.5 0.000 0.000 0.000 1 * 1
1.0 0.060 0.029 0.007 1 * 2
1.5 0.536 0.242 0.047 1 * 3
2.0 0.709 0.317 0.059 1 * 3
2.5 0.566 0.426 0.146 2 * 3 7
3.0 0.810 0.622 0.246 2 * 3 9
3.5 0.799 0.684 0.331 3 * 3 9 12
4.0 0.793 0.793 0.570 3 * 3 9 19
4.5 0.920 0.920 0.865 3 * 3 9 26
5.0 0.963 0.963 0.944 3 * 3 9 27
5.5 0.976 0.976 0.963 3 * 3 9 27
6.0 0.984 0.984 0.975 3 * 3 9 27
6.5 0.992 0.992 0.987 3 * 3 9 27
7.0 0.996 0.996 0.993 3 * 3 9 27
7.5 0.997 0.997 0.994 3 * 3 9 27
8.0 0.998 0.998 0.996 3 * 3 9 27
8.5 0.999 0.999 0.998 3 * 3 9 27
9.0 0.999 0.999 0.999 3 * 3 9 27
9.5 0.999 0.999 0.999 3 * 3 9 27
10.0 1.000 1.000 0.999 3 * 3 9 27
0.5 0.000 0.000 0.000 1 * 1
1.0 0.000 0.000 0.000 1 * 1
1.5 0.537 0.241 0.047 1 * 3
2.0 0.715 0.319 0.059 1 * 3
2.5 0.586 0.440 0.147 2 * 3 7
3.0 0.801 0.614 0.242 2 * 3 9
3.5 0.781 0.685 0.347 3 * 3 9 13
4.0 0.803 0.803 0.578 3 * 3 9 19
4.5 0.905 0.905 0.827 3 * 3 9 25
5.0 0.959 0.959 0.940 3 * 3 9 27
5.5 0.975 0.975 0.964 3 * 3 9 27
6.0 0.985 0.985 0.977 3 * 3 9 27
6.5 0.991 0.991 0.986 3 * 3 9 27
7.0 0.995 0.995 0.991 3 * 3 9 27
7.5 0.997 0.997 0.994 3 * 3 9 27
8.0 0.998 0.998 0.997 3 * 3 9 27
8.5 0.999 0.999 0.998 3 * 3 9 27
9.0 0.999 0.999 0.999 3 * 3 9 27
9.5 0.999 0.999 0.999 3 * 3 9 27
10.0 1.000 1.000 0.999 3 * 3 9 27
0.5 0.000 0.000 0.000 1 * 1
1.0 0.133 0.061 0.013 1 * 2
1.5 0.540 0.243 0.046 1 * 3
2.0 0.486 0.250 0.066 1 * 4
2.5 0.599 0.451 0.155 2 * 3 7
3.0 0.805 0.619 0.246 2 * 3 9
3.5 0.824 0.675 0.302 3 * 3 9 11
4.0 0.803 0.803 0.605 3 * 3 9 20
4.5 0.933 0.933 0.902 3 * 3 9 27
5.0 0.962 0.962 0.942 3 * 3 9 27
5.5 0.976 0.976 0.963 3 * 3 9 27
6.0 0.984 0.984 0.977 3 * 3 9 27
6.5 0.991 0.991 0.986 3 * 3 9 27
7.0 0.995 0.995 0.991 3 * 3 9 27
7.5 0.995 0.995 0.993 3 * 3 9 27
8.0 0.998 0.998 0.996 3 * 3 9 27
8.5 0.998 0.998 0.997 3 * 3 9 27
9.0 0.999 0.999 0.999 3 * 3 9 27
9.5 0.999 0.999 0.999 3 * 3 9 27
10.0 1.000 1.000 0.999 3 * 3 9 27
0.5 0.000 0.000 0.000 1 * 1
1.0 0.000 0.000 0.000 1 * 1
1.5 0.553 0.248 0.047 1 * 3
2.0 0.470 0.237 0.060 1 * 4
2.5 0.561 0.416 0.126 2 * 3 6
3.0 0.786 0.604 0.239 2 * 3 9
3.5 0.796 0.686 0.338 3 * 3 9 12
4.0 0.794 0.794 0.567 3 * 3 9 19
4.5 0.908 0.908 0.830 3 * 3 9 25
5.0 0.961 0.961 0.942 3 * 3 9 27
5.5 0.976 0.976 0.963 3 * 3 9 27
6.0 0.985 0.985 0.976 3 * 3 9 27
6.5 0.991 0.991 0.987 3 * 3 9 27
7.0 0.994 0.994 0.991 3 * 3 9 27
7.5 0.996 0.996 0.993 3 * 3 9 27
8.0 0.998 0.998 0.997 3 * 3 9 27
8.5 0.998 0.998 0.997 3 * 3 9 27
9.0 0.999 0.999 0.998 3 * 3 9 27
9.5 0.999 0.999 0.998 3 * 3 9 27
10.0 1.000 1.000 0.999 3 * 3 9 27
