0.5 0.011 0.011 0.015 3 * 0.007 0.012 0.015
1.0 0.033 0.033 0.022 3 * 0.050 0.026 0.022
1.5 0.055 0.055 0.037 3 * 0.069 0.060 0.037
2.0 0.120 0.120 0.066 3 * 0.160 0.135 0.066
2.5 0.295 0.275 0.146 3 * 0.353 0.326 0.146
3.0 0.495 0.495 0.278 3 * 0.640 0.567 0.278
3.5 0.747 0.747 0.583 3 * 0.858 0.801 0.583
4.0 0.878 0.878 0.808 3 * 0.928 0.897 0.808
4.5 0.932 0.932 0.897 3 * 0.959 0.940 0.897
5.0 0.959 0.959 0.941 3 * 0.975 0.963 0.941
5.5 0.977 0.977 0.967 3 * 0.985 0.980 0.967
6.0 0.986 0.986 0.979 3 * 0.992 0.988 0.979
6.5 0.990 0.990 0.985 3 * 0.994 0.991 0.985
7.0 0.994 0.994 0.991 3 * 0.997 0.995 0.991
7.5 0.997 0.997 0.994 3 * 0.999 0.997 0.994
8.0 0.997 0.997 0.996 3 * 0.999 0.998 0.996
8.5 0.999 0.999 0.998 3 * 0.999 0.999 0.998
9.0 0.999 0.999 0.998 3 * 1.000 0.999 0.998
9.5 0.999 0.999 0.999 3 * 1.000 0.999 0.999
10.0 1.000 1.000 0.999 3 * 1.000 1.000 0.999
0.5 0.011 0.011 0.014 3 * 0.008 0.011 0.014
1.0 0.023 0.023 0.023 3 * 0.018 0.026 0.023
1.5 0.080 0.080 0.038 3 * 0.131 0.070 0.038
2.0 0.099 0.099 0.072 3 * 0.092 0.133 0.072
2.5 0.272 0.242 0.144 3 * 0.305 0.278 0.144
3.0 0.532 0.532 0.333 3 * 0.667 0.594 0.333
3.5 0.755 0.755 0.605 3 * 0.855 0.806 0.605
4.0 0.879 0.879 0.804 3 * 0.933 0.901 0.804
4.5 0.933 0.933 0.899 3 * 0.958 0.942 0.899
5.0 0.960 0.960 0.941 3 * 0.974 0.965 0.941
5.5 0.976 0.976 0.964 3 * 0.986 0.979 0.964
6.0 0.985 0.985 0.978 3 * 0.991 0.986 0.978
6.5 0.990 0.990 0.985 3 * 0.994 0.991 0.985
7.0 0.995 0.995 0.991 3 * 0.998 0.995 0.991
7.5 0.996 0.996 0.994 3 * 0.998 0.997 0.994
8.0 0.997 0.997 0.996 3 * 0.998 0.998 0.996
8.5 0.999 0.999 0.998 3 * 1.000 0.999 0.998
9.0 0.999 0.999 0.999 3 * 0.999 0.999 0.999
9.5 1.000 1.000 0.999 3 * 1.000 1.000 0.999
10.0 1.000 1.000 0.999 3 * 1.000 1.000 0.999
0.5 0.009 0.009 0.015 3 * 0.003 0.009 0.015
1.0 0.018 0.018 0.018 3 * 0.014 0.021 0.018
1.5 0.052 0.052 0.037 3 * 0.067 0.053 0.037
2.0 0.135 0.135 0.078 3 * 0.175 0.152 0.078
2.5 0.300 0.276 0.152 3 * 0.331 0.346 0.152
3.0 0.464 0.464 0.288 3 * 0.540 0.565 0.288
3.5 0.698 0.698 0.533 3 * 0.803 0.758 0.533
4.0 0.871 0.871 0.796 3 * 0.926 0.893 0.796
4.5 0.929 0.929 0.895 3 * 0.955 0.936 0.895
5.0 0.961 0.961 0.943 3 * 0.976 0.965 0.943
5.5 0.977 0.977 0.965 3 * 0.987 0.979 0.965
6.0 0.985 0.985 0.976 3 * 0.992 0.987 0.976
6.5 0.991 0.991 0.985 3 * 0.995 0.992 0.985
7.0 0.995 0.995 0.992 3 * 0.997 0.996 0.992
7.5 0.996 0.996 0.993 3 * 0.998 0.996 0.993
8.0 0.998 0.998 0.996 3 * 0.999 0.998 0.996
8.5 0.998 0.998 0.997 3 * 0.999 0.999 0.997
9.0 0.999 0.999 0.999 3 * 0.999 0.999 0.999
9.5 0.999 0.999 0.999 3 * 1.000 1.000 0.999
10.0 1.000 1.000 0.999 3 * 1.000 1.000 0.999
0.5 0.012 0.012 0.016 3 * 0.008 0.011 0.016
1.0 0.018 0.018 0.020 3 * 0.012 0.021 0.020
1.5 0.037 0.037 0.040 3 * 0.011 0.059 0.040
2.0 0.131 0.131 0.069 3 * 0.193 0.132 0.069
2.5 0.306 0.284 0.143 3 * 0.391 0.318 0.143
3.0 0.448 0.448 0.272 3 * 0.521 0.552 0.272
3.5 0.754 0.754 0.591 3 * 0.862 0.809 0.591
4.0 0.879 0.879 0.809 3 * 0.930 0.900 0.809
4.5 0.934 0.934 0.902 3 * 0.960 0.940 0.902
5.0 0.957 0.957 0.938 3 * 0.973 0.961 0.938
5.5 0.975 0.975 0.963 3 * 0.984 0.977 0.963
6.0 0.984 0.984 0.976 3 * 0.991 0.986 0.976
6.5 0.992 0.992 0.988 3 * 0.996 0.992 0.988
7.0 0.995 0.995 0.991 3 * 0.997 0.995 0.991
7.5 0.997 0.997 0.995 3 * 0.999 0.998 0.995
8.0 0.997 0.997 0.996 3 * 0.998 0.998 0.996
8.5 0.999 0.999 0.998 3 * 1.000 0.999 0.998
9.0 0.999 0.999 0.999 3 * 1.000 0.999 0.999
9.5 1.000 1.000 0.999 3 * 1.000 1.000 0.999
10.0 1.000 1.000 0.999 3 * 1.000 1.000 0.999
0.5 0.015 0.015 0.014 3 * 0.017 0.013 0.014
1.0 0.021 0.021 0.019 3 * 0.022 0.022 0.019
1.5 0.064 0.064 0.040 3 * 0.078 0.075 0.040
2.0 0.099 0.099 0.069 3 * 0.097 0.132 0.069
2.5 0.296 0.268 0.142 3 * 0.335 0.326 0.142
3.0 0.515 0.515 0.328 3 * 0.642 0.574 0.328
3.5 0.742 0.742 0.571 3 * 0.855 0.800 0.571
4.0 0.874 0.874 0.799 3 * 0.926 0.896 0.799
4.5 0.929 0.929 0.896 3 * 0.955 0.938 0.896
5.0 0.961 0.961 0.942 3 * 0.976 0.964 0.942
5.5 0.976 0.976 0.965 3 * 0.985 0.978 0.965
6.0 0.986 0.986 0.978 3 * 0.992 0.988 0.978
6.5 0.992 0.992 0.987 3 * 0.996 0.993 0.987
7.0 0.995 0.995 0.991 3 * 0.997 0.995 0.991
7.5 0.996 0.996 0.994 3 * 0.998 0.997 0.994
8.0 0.998 0.998 0.996 3 * 0.999 0.998 0.996
8.5 0.999 0.999 0.998 3 * 0.999 0.999 0.998
9.0 0.999 0.999 0.998 3 * 1.000 0.999 0.998
9.5 1.000 1.000 0.999 3 * 1.000 1.000 0.999
10.0 1.000 1.000 0.999 3 * 1.000 1.000 0.999
0.5 0.012 0.012 0.017 3 * 0.009 0.011 0.017
1.0 0.017 0.017 0.020 3 * 0.012 0.021 0.020
1.5 0.047 0.047 0.036 3 * 0.041 0.065 0.036
2.0 0.115 0.115 0.071 3 * 0.168 0.106 0.071
2.5 0.297 0.263 0.140 3 * 0.312 0.336 0.140
3.0 0.522 0.522 0.315 3 * 0.663 0.589 0.315
3.5 0.737 0.737 0.582 3 * 0.837 0.792 0.582
4.0 0.871 0.871 0.790 3 * 0.928 0.895 0.790
4.5 0.931 0.931 0.897 3 * 0.957 0.939 0.897
5.0 0.960 0.960 0.941 3 * 0.976 0.964 0.941
5.5 0.975 0.975 0.963 3 * 0.984 0.977 0.963
6.0 0.986 0.986 0.978 3 * 0.992 0.988 0.978
6.5 0.991 0.991 0.986 3 * 0.995 0.992 0.986
7.0 0.995 0.995 0.992 3 * 0.998 0.995 0.992
7.5 0.997 0.997 0.994 3 * 0.998 0.998 0.994
8.0 0.997 0.997 0.996 3 * 0.999 0.997 0.996
8.5 0.999 0.999 0.998 3 * 0.999 0.999 0.998
9.0 0.999 0.999 0.998 3 * 0.999 0.999 0.998
9.5 1.000 1.000 0.999 3 * 1.000 1.000 0.999
10.0 1.000 1.000 0.999 3 * 1.000 1.000 0.999
0.5 0.010 0.010 0.015 3 * 0.004 0.010 0.015
1.0 0.023 0.023 0.020 3 * 0.026 0.022 0.020
1.5 0.102 0.102 0.037 3 * 0.209 0.061 0.037
2.0 0.109 0.109 0.063 3 * 0.147 0.116 0.063
2.5 0.277 0.245 0.137 3 * 0.289 0.310 0.137
3.0 0.488 0.488 0.317 3 * 0.563 0.584 0.317
3.5 0.692 0.692 0.514 3 * 0.804 0.757 0.514
4.0 0.872 0.872 0.799 3 * 0.925 0.890 0.799
4.5 0.928 0.928 0.891 3 * 0.956 0.937 0.891
5.0 0.960 0.960 0.942 3 * 0.975 0.964 0.942
5.5 0.977 0.977 0.964 3 * 0.986 0.980 0.964
6.0 0.985 0.985 0.977 3 * 0.991 0.987 0.977
6.5 0.991 0.991 0.986 3 * 0.994 0.992 0.986
7.0 0.994 0.994 0.991 3 * 0.996 0.995 0.991
7.5 0.996 0.996 0.994 3 * 0.998 0.997 0.994
8.0 0.998 0.998 0.996 3 * 0.999 0.998 0.996
8.5 0.998 0.998 0.997 3 * 0.999 0.999 0.997
9.0 0.999 0.999 0.998 3 * 0.999 0.999 0.998
9.5 0.999 0.999 0.999 3 * 1.000 1.000 0.999
10.0 0.999 0.999 0.999 3 * 1.000 1.000 0.999
0.5 0.012 0.012 0.014 3 * 0.010 0.012 0.014
1.0 0.017 0.017 0.019 3 * 0.008 0.023 0.019
1.5 0.047 0.047 0.034 3 * 0.055 0.053 0.034
2.0 0.172 0.172 0.077 3 * 0.263 0.177 0.077
2.5 0.259 0.232 0.140 3 * 0.235 0.322 0.140
3.0 0.473 0.471 0.267 3 * 0.587 0.558 0.267
3.5 0.747 0.747 0.584 3 * 0.857 0.799 0.584
4.0 0.885 0.885 0.825 3 * 0.929 0.900 0.825
4.5 0.934 0.934 0.903 3 * 0.957 0.941 0.903
5.0 0.962 0.962 0.944 3 * 0.977 0.966 0.944
5.5 0.976 0.976 0.963 3 * 0.986 0.978 0.963
6.0 0.986 0.986 0.979 3 * 0.991 0.987 0.979
6.5 0.990 0.990 0.985 3 * 0.994 0.992 0.985
7.0 0.995 0.995 0.992 3 * 0.997 0.995 0.992
7.5 0.997 0.997 0.995 3 * 0.998 0.997 0.995
8.0 0.998 0.998 0.996 3 * 0.999 0.998 0.996
8.5 0.998 0.998 0.997 3 * 0.999 0.999 0.997
9.0 0.999 0.999 0.998 3 * 1.000 0.999 0.998
9.5 0.999 0.999 0.999 3 * 1.000 0.999 0.999
10.0 1.000 1.000 1.000 3 * 1.000 1.000 1.000
0.5 0.009 0.009 0.015 3 * 0.003 0.010 0.015
1.0 0.023 0.023 0.020 3 * 0.028 0.020 0.020
1.5 0.051 0.051 0.037 3 * 0.057 0.060 0.037
2.0 0.139 0.139 0.071 3 * 0.193 0.152 0.071
2.5 0.271 0.245 0.143 3 * 0.287 0.306 0.143
3.0 0.484 0.484 0.308 3 * 0.544 0.600 0.308
3.5 0.770 0.770 0.622 3 * 0.871 0.816 0.622
4.0 0.875 0.875 0.803 3 * 0.926 0.898 0.803
4.5 0.933 0.933 0.903 3 * 0.956 0.939 0.903
5.0 0.961 0.961 0.942 3 * 0.976 0.966 0.942
5.5 0.975 0.975 0.963 3 * 0.984 0.977 0.963
6.0 0.984 0.984 0.976 3 * 0.991 0.986 0.976
6.5 0.992 0.992 0.987 3 * 0.996 0.993 0.987
7.0 0.995 0.995 0.991 3 * 0.998 0.996 0.991
7.5 0.997 0.997 0.995 3 * 0.998 0.998 0.995
8.0 0.997 0.997 0.996 3 * 0.999 0.998 0.996
8.5 0.998 0.998 0.997 3 * 0.999 0.999 0.997
9.0 0.999 0.999 0.998 3 * 0.999 0.999 0.998
9.5 0.999 0.999 0.999 3 * 1.000 0.999 0.999
10.0 1.000 1.000 1.000 3 * 1.000 1.000 1.000
0.5 0.010 0.010 0.015 3 * 0.006 0.011 0.015
1.0 0.030 0.030 0.020 3 * 0.048 0.022 0.020
1.5 0.067 0.067 0.041 3 * 0.094 0.066 0.041
2.0 0.146 0.146 0.069 3 * 0.217 0.152 0.069
2.5 0.287 0.259 0.133 3 * 0.344 0.300 0.133
3.0 0.473 0.472 0.264 3 * 0.604 0.547 0.264
3.5 0.740 0.740 0.586 3 * 0.840 0.795 0.586
4.0 0.872 0.872 0.794 3 * 0.927 0.893 0.794
4.5 0.933 0.933 0.901 3 * 0.957 0.940 0.901
5.0 0.961 0.961 0.943 3 * 0.977 0.965 0.943
5.5 0.976 0.976 0.965 3 * 0.985 0.979 0.965
6.0 0.987 0.987 0.979 3 * 0.993 0.988 0.979
6.5 0.990 0.990 0.985 3 * 0.994 0.991 0.985
7.0 0.994 0.994 0.991 3 * 0.997 0.995 0.991
7.5 0.997 0.997 0.995 3 * 0.998 0.997 0.995
8.0 0.998 0.998 0.996 3 * 0.999 0.998 0.996
8.5 0.998 0.998 0.997 3 * 0.999 0.998 0.997
9.0 0.999 0.999 0.998 3 * 1.000 0.999 0.998
9.5 0.999 0.999 0.999 3 * 1.000 1.000 0.999
10.0 1.000 1.000 0.999 3 * 1.000 1.000 0.999
0.5 0.010 0.010 0.015 3 * 0.004 0.012 0.015
1.0 0.029 0.029 0.020 3 * 0.048 0.021 0.020
1.5 0.042 0.042 0.037 3 * 0.031 0.057 0.037
2.0 0.126 0.126 0.076 3 * 0.142 0.160 0.076
2.5 0.289 0.273 0.155 3 * 0.330 0.334 0.155
3.0 0.462 0.462 0.302 3 * 0.529 0.557 0.302
3.5 0.732 0.732 0.557 3 * 0.846 0.794 0.557
4.0 0.879 0.879 0.804 3 * 0.932 0.901 0.804
4.5 0.932 0.932 0.900 3 * 0.956 0.939 0.900
5.0 0.962 0.962 0.943 3 * 0.977 0.965 0.943
5.5 0.978 0.978 0.968 3 * 0.987 0.980 0.968
6.0 0.987 0.987 0.980 3 * 0.993 0.989 0.980
6.5 0.992 0.992 0.987 3 * 0.996 0.993 0.987
7.0 0.994 0.994 0.991 3 * 0.996 0.995 0.991
7.5 0.997 0.997 0.995 3 * 0.998 0.997 0.995
8.0 0.998 0.998 0.996 3 * 0.999 0.998 0.996
8.5 0.999 0.999 0.997 3 * 0.999 0.999 0.997
9.0 0.999 0.999 0.999 3 * 1.000 0.999 0.999
9.5 1.000 1.000 0.999 3 * 1.000 1.000 0.999
10.0 1.000 1.000 0.999 3 * 1.000 1.000 0.999
0.5 0.009 0.009 0.014 3 * 0.003 0.011 0.014
1.0 0.028 0.028 0.023 3 * 0.029 0.033 0.023
1.5 0.048 0.048 0.039 3 * 0.049 0.057 0.039
2.0 0.161 0.161 0.077 3 * 0.229 0.176 0.077
2.5 0.300 0.270 0.145 3 * 0.330 0.334 0.145
3.0 0.477 0.477 0.287 3 * 0.542 0.603 0.287
3.5 0.660 0.660 0.483 3 * 0.770 0.728 0.483
4.0 0.878 0.878 0.804 3 * 0.932 0.899 0.804
4.5 0.932 0.932 0.898 3 * 0.959 0.939 0.898
5.0 0.959 0.959 0.939 3 * 0.975 0.963 0.939
5.5 0.976 0.976 0.963 3 * 0.986 0.977 0.963
6.0 0.985 0.985 0.978 3 * 0.991 0.987 0.978
6.5 0.991 0.991 0.986 3 * 0.995 0.993 0.986
7.0 0.995 0.995 0.992 3 * 0.997 0.995 0.992
7.5 0.996 0.996 0.994 3 * 0.998 0.996 0.994
8.0 0.998 0.998 0.996 3 * 0.999 0.998 0.996
8.5 0.998 0.998 0.997 3 * 0.999 0.999 0.997
9.0 0.999 0.999 0.999 3 * 1.000 0.999 0.999
9.5 0.999 0.999 0.999 3 * 1.000 1.000 0.999
10.0 1.000 1.000 0.999 3 * 1.000 1.000 0.999
0.5 0.009 0.009 0.015 3 * 0.003 0.009 0.015
1.0 0.018 0.018 0.019 3 * 0.014 0.020 0.019
1.5 0.071 0.071 0.042 3 * 0.099 0.073 0.042
2.0 0.164 0.164 0.076 3 * 0.263 0.154 0.076
2.5 0.301 0.276 0.150 3 * 0.338 0.340 0.150
3.0 0.475 0.475 0.303 3 * 0.531 0.590 0.303
3.5 0.705 0.705 0.536 3 * 0.810 0.767 0.536
4.0 0.874 0.874 0.801 3 * 0.927 0.893 0.801
4.5 0.930 0.930 0.895 3 * 0.957 0.938 0.895
5.0 0.962 0.962 0.943 3 * 0.977 0.965 0.943
5.5 0.975 0.975 0.964 3 * 0.985 0.977 0.964
6.0 0.986 0.986 0.978 3 * 0.992 0.988 0.978
6.5 0.991 0.991 0.985 3 * 0.995 0.992 0.985
7.0 0.995 0.995 0.992 3 * 0.997 0.996 0.992
7.5 0.997 0.997 0.995 3 * 0.999 0.998 0.995
8.0 0.998 0.998 0.996 3 * 0.999 0.998 0.996
8.5 0.998 0.998 0.998 3 * 0.999 0.999 0.998
9.0 0.999 0.999 0.999 3 * 0.999 0.999 0.999
9.5 1.000 1.000 0.999 3 * 1.000 1.000 0.999
10.0 0.999 0.999 0.999 3 * 1.000 0.999 0.999
0.5 0.012 0.012 0.015 3 * 0.009 0.011 0.015
1.0 0.019 0.019 0.022 3 * 0.009 0.027 0.022
1.5 0.064 0.064 0.037 3 * 0.094 0.059 0.037
2.0 0.142 0.142 0.077 3 * 0.215 0.134 0.077
2.5 0.307 0.288 0.144 3 * 0.364 0.354 0.144
3.0 0.511 0.511 0.296 3 * 0.646 0.591 0.296
3.5 0.731 0.731 0.583 3 * 0.831 0.779 0.583
4.0 0.847 0.847 0.757 3 * 0.909 0.875 0.757
4.5 0.933 0.933 0.898 3 * 0.960 0.941 0.898
5.0 0.962 0.962 0.942 3 * 0.976 0.966 0.942
5.5 0.976 0.976 0.964 3 * 0.986 0.978 0.964
6.0 0.986 0.986 0.978 3 * 0.992 0.987 0.978
6.5 0.991 0.991 0.985 3 * 0.995 0.992 0.985
7.0 0.994 0.994 0.990 3 * 0.996 0.994 0.990
7.5 0.997 0.997 0.995 3 * 0.998 0.997 0.995
8.0 0.998 0.998 0.996 3 * 0.999 0.998 0.996
8.5 0.998 0.998 0.997 3 * 0.999 0.998 0.997
9.0 0.999 0.999 0.998 3 * 1.000 0.999 0.998
9.5 1.000 1.000 0.999 3 * 1.000 1.000 0.999
10.0 1.000 1.000 0.999 3 * 1.000 1.000 0.999
0.5 0.011 0.011 0.015 3 * 0.006 0.012 0.015
1.0 0.022 0.022 0.022 3 * 0.022 0.021 0.022
1.5 0.054 0.054 0.038 3 * 0.062 0.062 0.038
2.0 0.118 0.118 0.075 3 * 0.141 0.139 0.075
2.5 0.254 0.235 0.139 3 * 0.297 0.268 0.139
3.0 0.518 0.518 0.296 3 * 0.656 0.602 0.296
3.5 0.761 0.761 0.609 3 * 0.864 0.811 0.609
4.0 0.851 0.851 0.766 3 * 0.908 0.878 0.766
4.5 0.928 0.928 0.893 3 * 0.954 0.936 0.893
5.0 0.959 0.959 0.939 3 * 0.975 0.961 0.939
5.5 0.976 0.976 0.965 3 * 0.985 0.978 0.965
6.0 0.985 0.985 0.976 3 * 0.992 0.986 0.976
6.5 0.990 0.990 0.985 3 * 0.994 0.991 0.985
7.0 0.995 0.995 0.992 3 * 0.997 0.995 0.992
7.5 0.996 0.996 0.994 3 * 0.998 0.997 0.994
8.0 0.998 0.998 0.997 3 * 0.999 0.998 0.997
8.5 0.999 0.999 0.998 3 * 1.000 0.999 0.998
9.0 0.999 0.999 0.998 3 * 0.999 0.999 0.998
9.5 0.999 0.999 0.999 3 * 1.000 0.999 0.999
10.0 0.999 0.999 0.999 3 * 1.000 0.999 0.999
0.5 0.013 0.013 0.014 3 * 0.013 0.013 0.014
1.0 0.034 0.034 0.023 3 * 0.052 0.028 0.023
1.5 0.057 0.057 0.035 3 * 0.081 0.054 0.035
2.0 0.112 0.112 0.068 3 * 0.139 0.129 0.068
2.5 0.273 0.257 0.151 3 * 0.298 0.323 0.151
3.0 0.435 0.435 0.260 3 * 0.511 0.534 0.260
3.5 0.705 0.705 0.546 3 * 0.806 0.763 0.546
4.0 0.869 0.869 0.790 3 * 0.927 0.891 0.790
4.5 0.933 0.933 0.898 3 * 0.960 0.941 0.898
5.0 0.962 0.962 0.944 3 * 0.975 0.966 0.944
5.5 0.976 0.976 0.963 3 * 0.986 0.979 0.963
6.0 0.986 0.986 0.978 3 * 0.992 0.988 0.978
6.5 0.991 0.991 0.985 3 * 0.995 0.992 0.985
7.0 0.994 0.994 0.991 3 * 0.997 0.995 0.991
7.5 0.997 0.997 0.995 3 * 0.999 0.997 0.995
8.0 0.998 0.998 0.997 3 * 0.999 0.998 0.997
8.5 0.998 0.998 0.997 3 * 0.999 0.998 0.997
9.0 0.999 0.999 0.999 3 * 0.999 0.999 0.999
9.5 1.000 1.000 0.999 3 * 1.000 1.000 0.999
10.0 1.000 1.000 1.000 3 * 1.000 1.000 1.000
0.5 0.011 0.011 0.016 3 * 0.006 0.010 0.016
1.0 0.023 0.023 0.021 3 * 0.023 0.025 0.021
1.5 0.042 0.042 0.037 3 * 0.041 0.048 0.037
2.0 0.095 0.095 0.068 3 * 0.090 0.126 0.068
2.5 0.329 0.314 0.146 3 * 0.442 0.353 0.146
3.0 0.479 0.479 0.302 3 * 0.644 0.491 0.302
3.5 0.761 0.761 0.608 3 * 0.868 0.809 0.608
4.0 0.865 0.865 0.784 3 * 0.923 0.888 0.784
4.5 0.930 0.930 0.896 3 * 0.956 0.938 0.896
5.0 0.958 0.958 0.939 3 * 0.972 0.962 0.939
5.5 0.977 0.977 0.965 3 * 0.987 0.979 0.965
6.0 0.985 0.985 0.977 3 * 0.991 0.986 0.977
6.5 0.991 0.991 0.986 3 * 0.995 0.992 0.986
7.0 0.995 0.995 0.992 3 * 0.997 0.996 0.992
7.5 0.997 0.997 0.995 3 * 0.998 0.998 0.995
8.0 0.998 0.998 0.997 3 * 0.999 0.999 0.997
8.5 0.999 0.999 0.998 3 * 0.999 0.999 0.998
9.0 0.999 0.999 0.998 3 * 1.000 0.999 0.998
9.5 0.999 0.999 0.999 3 * 1.000 0.999 0.999
10.0 1.000 1.000 1.000 3 * 1.000 1.000 1.000
0.5 0.013 0.013 0.016 3 * 0.009 0.014 0.016
1.0 0.022 0.022 0.021 3 * 0.020 0.026 0.021
1.5 0.054 0.054 0.036 3 * 0.069 0.056 0.036
2.0 0.134 0.134 0.069 3 * 0.189 0.143 0.069
2.5 0.270 0.248 0.149 3 * 0.266 0.330 0.149
3.0 0.505 0.505 0.320 3 * 0.664 0.530 0.320
3.5 0.738 0.738 0.573 3 * 0.852 0.790 0.573
4.0 0.876 0.876 0.805 3 * 0.927 0.897 0.805
4.5 0.930 0.930 0.898 3 * 0.956 0.937 0.898
5.0 0.960 0.960 0.942 3 * 0.974 0.964 0.942
5.5 0.975 0.975 0.963 3 * 0.983 0.978 0.963
6.0 0.986 0.986 0.979 3 * 0.991 0.988 0.979
6.5 0.990 0.990 0.986 3 * 0.994 0.991 0.986
7.0 0.994 0.994 0.991 3 * 0.997 0.994 0.991
7.5 0.996 0.996 0.995 3 * 0.997 0.997 0.995
8.0 0.998 0.998 0.996 3 * 0.999 0.998 0.996
8.5 0.999 0.999 0.998 3 * 1.000 0.999 0.998
9.0 0.999 0.999 0.998 3 * 1.000 0.999 0.998
9.5 1.000 1.000 0.999 3 * 1.000 1.000 0.999
10.0 1.000 1.000 0.999 3 * 1.000 1.000 0.999
0.5 0.013 0.013 0.015 3 * 0.012 0.013 0.015
1.0 0.018 0.018 0.019 3 * 0.014 0.020 0.019
1.5 0.079 0.079 0.038 3 * 0.142 0.057 0.038
2.0 0.124 0.124 0.077 3 * 0.165 0.130 0.077
2.5 0.261 0.237 0.129 3 * 0.294 0.287 0.129
3.0 0.465 0.465 0.299 3 * 0.530 0.566 0.299
3.5 0.717 0.717 0.558 3 * 0.820 0.774 0.558
4.0 0.874 0.874 0.803 3 * 0.927 0.892 0.803
4.5 0.940 0.940 0.912 3 * 0.962 0.946 0.912
5.0 0.963 0.963 0.944 3 * 0.978 0.967 0.944
5.5 0.977 0.977 0.966 3 * 0.985 0.979 0.966
6.0 0.986 0.986 0.978 3 * 0.992 0.988 0.978
6.5 0.991 0.991 0.987 3 * 0.995 0.992 0.987
7.0 0.978 0.978 0.943 3 * 0.997 0.995 0.943
7.5 0.996 0.996 0.993 3 * 0.997 0.997 0.993
8.0 0.998 0.998 0.996 3 * 0.999 0.998 0.996
8.5 0.999 0.999 0.998 3 * 0.999 0.999 0.998
9.0 0.999 0.999 0.999 3 * 1.000 1.000 0.999
9.5 0.999 0.999 0.999 3 * 0.999 0.999 0.999
10.0 1.000 1.000 0.999 3 * 1.000 1.000 0.999
0.5 0.013 0.013 0.015 3 * 0.010 0.014 0.015
1.0 0.020 0.020 0.020 3 * 0.019 0.022 0.020
1.5 0.056 0.056 0.037 3 * 0.087 0.043 0.037
2.0 0.143 0.143 0.067 3 * 0.244 0.119 0.067
2.5 0.272 0.257 0.146 3 * 0.298 0.326 0.146
3.0 0.482 0.482 0.267 3 * 0.623 0.557 0.267
3.5 0.697 0.697 0.526 3 * 0.806 0.758 0.526
4.0 0.875 0.875 0.801 3 * 0.928 0.896 0.801
4.5 0.933 0.933 0.899 3 * 0.957 0.941 0.899
5.0 0.961 0.961 0.944 3 * 0.976 0.964 0.944
5.5 0.977 0.977 0.964 3 * 0.987 0.979 0.964
6.0 0.985 0.985 0.978 3 * 0.991 0.987 0.978
6.5 0.990 0.990 0.985 3 * 0.995 0.991 0.985
7.0 0.994 0.994 0.990 3 * 0.997 0.995 0.990
7.5 0.997 0.997 0.995 3 * 0.999 0.997 0.995
8.0 0.998 0.998 0.996 3 * 0.999 0.998 0.996
8.5 0.999 0.999 0.998 3 * 1.000 0.999 0.998
9.0 0.999 0.999 0.998 3 * 0.999 0.999 0.998
9.5 0.999 0.999 0.999 3 * 1.000 1.000 0.999
10.0 1.000 1.000 0.999 3 * 1.000 1.000 0.999
0.5 0.009 0.009 0.013 3 * 0.004 0.010 0.013
1.0 0.026 0.026 0.021 3 * 0.031 0.026 0.021
1.5 0.052 0.052 0.034 3 * 0.077 0.045 0.034
2.0 0.129 0.129 0.061 3 * 0.212 0.114 0.061
2.5 0.299 0.288 0.160 3 * 0.353 0.351 0.160
3.0 0.477 0.477 0.316 3 * 0.528 0.587 0.316
3.5 0.786 0.786 0.638 3 * 0.887 0.833 0.638
4.0 0.879 0.879 0.811 3 * 0.928 0.899 0.811
4.5 0.934 0.934 0.902 3 * 0.959 0.941 0.902
5.0 0.959 0.959 0.941 3 * 0.974 0.963 0.941
5.5 0.975 0.975 0.963 3 * 0.985 0.978 0.963
6.0 0.985 0.985 0.977 3 * 0.991 0.987 0.977
6.5 0.991 0.991 0.986 3 * 0.995 0.991 0.986
7.0 0.995 0.995 0.992 3 * 0.997 0.995 0.992
7.5 0.997 0.997 0.995 3 * 0.999 0.997 0.995
8.0 0.998 0.998 0.996 3 * 0.999 0.998 0.996
8.5 0.998 0.998 0.997 3 * 0.999 0.998 0.997
9.0 0.999 0.999 0.998 3 * 1.000 0.999 0.998
9.5 0.999 0.999 0.999 3 * 1.000 1.000 0.999
10.0 0.999 0.999 0.999 3 * 1.000 1.000 0.999
0.5 0.012 0.012 0.015 3 * 0.006 0.014 0.015
1.0 0.027 0.027 0.022 3 * 0.031 0.029 0.022
1.5 0.081 0.081 0.038 3 * 0.158 0.047 0.038
2.0 0.116 0.116 0.069 3 * 0.124 0.154 0.069
2.5 0.283 0.257 0.148 3 * 0.304 0.320 0.148
3.0 0.453 0.448 0.266 3 * 0.524 0.556 0.266
3.5 0.737 0.737 0.573 3 * 0.844 0.793 0.573
4.0 0.870 0.870 0.798 3 * 0.923 0.890 0.798
4.5 0.933 0.933 0.901 3 * 0.959 0.940 0.901
5.0 0.961 0.961 0.942 3 * 0.975 0.965 0.942
5.5 0.978 0.978 0.967 3 * 0.988 0.981 0.967
6.0 0.986 0.986 0.977 3 * 0.992 0.987 0.977
6.5 0.991 0.991 0.985 3 * 0.995 0.992 0.985
7.0 0.994 0.994 0.991 3 * 0.996 0.995 0.991
7.5 0.997 0.997 0.995 3 * 0.998 0.997 0.995
8.0 0.997 0.997 0.996 3 * 0.999 0.998 0.996
8.5 0.998 0.998 0.997 3 * 0.999 0.999 0.997
9.0 0.999 0.999 0.998 3 * 1.000 0.999 0.998
9.5 0.999 0.999 0.999 3 * 1.000 0.999 0.999
10.0 0.999 0.999 0.999 3 * 1.000 0.999 0.999
0.5 0.012 0.012 0.015 3 * 0.008 0.012 0.015
1.0 0.017 0.017 0.022 3 * 0.007 0.022 0.022
1.5 0.067 0.067 0.038 3 * 0.109 0.055 0.038
2.0 0.071 0.071 0.064 3 * 0.064 0.086 0.064
2.5 0.296 0.275 0.150 3 * 0.332 0.343 0.150
3.0 0.459 0.459 0.299 3 * 0.505 0.573 0.299
3.5 0.738 0.738 0.587 3 * 0.838 0.788 0.587
4.0 0.876 0.876 0.808 3 * 0.927 0.892 0.808
4.5 0.932 0.932 0.900 3 * 0.958 0.938 0.900
5.0 0.961 0.961 0.942 3 * 0.975 0.965 0.942
5.5 0.975 0.975 0.964 3 * 0.984 0.978 0.964
6.0 0.986 0.986 0.978 3 * 0.992 0.987 0.978
6.5 0.991 0.991 0.985 3 * 0.995 0.992 0.985
7.0 0.995 0.995 0.992 3 * 0.997 0.996 0.992
7.5 0.997 0.997 0.995 3 * 0.999 0.998 0.995
8.0 0.998 0.998 0.996 3 * 0.999 0.998 0.996
8.5 0.999 0.999 0.998 3 * 0.999 0.999 0.998
9.0 0.999 0.999 0.998 3 * 1.000 0.999 0.998
9.5 0.999 0.999 0.999 3 * 1.000 0.999 0.999
10.0 1.000 1.000 0.999 3 * 1.000 1.000 0.999
0.5 0.010 0.010 0.016 3 * 0.003 0.010 0.016
1.0 0.022 0.022 0.022 3 * 0.018 0.025 0.022
1.5 0.064 0.064 0.041 3 * 0.082 0.068 0.041
2.0 0.098 0.097 0.081 3 * 0.050 0.162 0.081
2.5 0.288 0.261 0.138 3 * 0.316 0.330 0.138
3.0 0.450 0.450 0.279 3 * 0.510 0.561 0.279
3.5 0.765 0.765 0.615 3 * 0.868 0.812 0.615
4.0 0.873 0.873 0.794 3 * 0.928 0.897 0.794
4.5 0.930 0.930 0.898 3 * 0.955 0.937 0.898
5.0 0.960 0.960 0.940 3 * 0.976 0.965 0.940
5.5 0.976 0.976 0.963 3 * 0.986 0.979 0.963
6.0 0.986 0.986 0.980 3 * 0.991 0.987 0.980
6.5 0.992 0.992 0.987 3 * 0.996 0.993 0.987
7.0 0.995 0.995 0.991 3 * 0.997 0.995 0.991
7.5 0.996 0.996 0.994 3 * 0.998 0.996 0.994
8.0 0.998 0.998 0.997 3 * 0.999 0.998 0.997
8.5 0.999 0.999 0.998 3 * 0.999 0.999 0.998
9.0 1.000 1.000 0.999 3 * 1.000 1.000 0.999
9.5 0.999 0.999 0.999 3 * 1.000 1.000 0.999
10.0 1.000 1.000 0.999 3 * 1.000 1.000 0.999
0.5 0.011 0.010 0.015 3 * 0.003 0.011 0.015
1.0 0.015 0.015 0.020 3 * 0.008 0.017 0.020
1.5 0.040 0.040 0.034 3 * 0.031 0.055 0.034
2.0 0.132 0.132 0.066 3 * 0.211 0.119 0.066
2.5 0.317 0.293 0.152 3 * 0.358 0.368 0.152
3.0 0.510 0.510 0.303 3 * 0.642 0.585 0.303
3.5 0.716 0.716 0.539 3 * 0.830 0.778 0.539
4.0 0.875 0.875 0.799 3 * 0.930 0.898 0.799
4.5 0.928 0.928 0.893 3 * 0.955 0.937 0.893
5.0 0.961 0.961 0.942 3 * 0.976 0.965 0.942
5.5 0.975 0.975 0.964 3 * 0.985 0.978 0.964
6.0 0.987 0.987 0.980 3 * 0.991 0.988 0.980
6.5 0.990 0.990 0.984 3 * 0.994 0.991 0.984
7.0 0.994 0.994 0.991 3 * 0.997 0.995 0.991
7.5 0.996 0.996 0.994 3 * 0.998 0.997 0.994
8.0 0.997 0.997 0.995 3 * 0.999 0.998 0.995
8.5 0.998 0.998 0.997 3 * 0.999 0.999 0.997
9.0 0.999 0.999 0.998 3 * 1.000 0.999 0.998
9.5 1.000 1.000 0.999 3 * 1.000 1.000 0.999
10.0 1.000 1.000 0.999 3 * 1.000 1.000 0.999
0.5 0.010 0.010 0.015 3 * 0.003 0.012 0.015
1.0 0.025 0.025 0.022 3 * 0.025 0.026 0.022
1.5 0.066 0.066 0.033 3 * 0.111 0.055 0.033
2.0 0.111 0.111 0.083 3 * 0.079 0.170 0.083
2.5 0.303 0.281 0.145 3 * 0.377 0.321 0.145
3.0 0.458 0.458 0.286 3 * 0.527 0.560 0.286
3.5 0.743 0.743 0.586 3 * 0.846 0.798 0.586
4.0 0.874 0.874 0.803 3 * 0.927 0.893 0.803
4.5 0.935 0.935 0.903 3 * 0.958 0.943 0.903
5.0 0.959 0.959 0.938 3 * 0.975 0.963 0.938
5.5 0.974 0.974 0.962 3 * 0.984 0.977 0.962
6.0 0.986 0.986 0.979 3 * 0.992 0.987 0.979
6.5 0.991 0.991 0.985 3 * 0.995 0.992 0.985
7.0 0.994 0.994 0.990 3 * 0.997 0.995 0.990
7.5 0.996 0.996 0.993 3 * 0.998 0.997 0.993
8.0 0.998 0.998 0.996 3 * 0.999 0.998 0.996
8.5 0.999 0.999 0.998 3 * 0.999 0.999 0.998
9.0 1.000 1.000 0.999 3 * 1.000 1.000 0.999
9.5 1.000 1.000 0.999 3 * 1.000 1.000 0.999
10.0 1.000 1.000 0.999 3 * 1.000 1.000 0.999
0.5 0.011 0.010 0.015 3 * 0.003 0.012 0.015
1.0 0.022 0.022 0.021 3 * 0.023 0.024 0.021
1.5 0.048 0.048 0.036 3 * 0.041 0.066 0.036
2.0 0.158 0.158 0.073 3 * 0.254 0.148 0.073
2.5 0.280 0.272 0.152 3 * 0.331 0.334 0.152
3.0 0.489 0.486 0.260 3 * 0.625 0.572 0.260
3.5 0.722 0.722 0.556 3 * 0.832 0.777 0.556
4.0 0.878 0.878 0.796 3 * 0.934 0.902 0.796
4.5 0.931 0.931 0.898 3 * 0.958 0.936 0.898
5.0 0.962 0.962 0.942 3 * 0.978 0.967 0.942
5.5 0.977 0.977 0.966 3 * 0.986 0.980 0.966
6.0 0.987 0.987 0.980 3 * 0.992 0.988 0.980
6.5 0.991 0.991 0.986 3 * 0.996 0.993 0.986
7.0 0.994 0.994 0.990 3 * 0.997 0.995 0.990
7.5 0.996 0.996 0.994 3 * 0.999 0.997 0.994
8.0 0.997 0.997 0.995 3 * 0.999 0.998 0.995
8.5 0.999 0.999 0.998 3 * 1.000 0.999 0.998
9.0 0.999 0.999 0.998 3 * 1.000 0.999 0.998
9.5 0.983 0.983 0.949 3 * 1.000 0.999 0.949
10.0 0.999 0.999 0.999 3 * 1.000 1.000 0.999
0.5 0.013 0.013 0.015 3 * 0.014 0.011 0.015
1.0 0.028 0.028 0.021 3 * 0.038 0.025 0.021
1.5 0.038 0.038 0.035 3 * 0.025 0.056 0.035
2.0 0.109 0.109 0.073 3 * 0.117 0.135 0.073
2.5 0.291 0.267 0.156 3 * 0.319 0.325 0.156
3.0 0.509 0.509 0.312 3 * 0.639 0.577 0.312
3.5 0.729 0.729 0.573 3 * 0.833 0.782 0.573
4.0 0.876 0.876 0.797 3 * 0.931 0.900 0.797
4.5 0.934 0.934 0.903 3 * 0.960 0.941 0.903
5.0 0.957 0.957 0.936 3 * 0.975 0.961 0.936
5.5 0.977 0.977 0.965 3 * 0.987 0.978 0.965
6.0 0.984 0.984 0.976 3 * 0.991 0.986 0.976
6.5 0.990 0.990 0.985 3 * 0.994 0.991 0.985
7.0 0.995 0.995 0.992 3 * 0.997 0.995 0.992
7.5 0.997 0.997 0.995 3 * 0.998 0.997 0.995
8.0 0.998 0.998 0.997 3 * 0.999 0.998 0.997
8.5 0.999 0.999 0.998 3 * 0.999 0.999 0.998
9.0 0.999 0.999 0.999 3 * 1.000 1.000 0.999
9.5 0.999 0.999 0.998 3 * 1.000 0.999 0.998
10.0 1.000 1.000 0.999 3 * 1.000 1.000 0.999
0.5 0.012 0.012 0.016 3 * 0.005 0.014 0.016
1.0 0.021 0.021 0.020 3 * 0.021 0.021 0.020
1.5 0.072 0.072 0.037 3 * 0.106 0.073 0.037
2.0 0.093 0.093 0.073 3 * 0.095 0.112 0.073
2.5 0.318 0.299 0.155 3 * 0.386 0.355 0.155
3.0 0.495 0.495 0.322 3 * 0.555 0.606 0.322
3.5 0.714 0.714 0.550 3 * 0.818 0.774 0.550
4.0 0.862 0.862 0.776 3 * 0.920 0.888 0.776
4.5 0.936 0.936 0.905 3 * 0.962 0.943 0.905
5.0 0.958 0.958 0.938 3 * 0.974 0.962 0.938
5.5 0.977 0.977 0.966 3 * 0.986 0.979 0.966
6.0 0.984 0.984 0.976 3 * 0.990 0.985 0.976
6.5 0.991 0.991 0.986 3 * 0.995 0.993 0.986
7.0 0.994 0.994 0.991 3 * 0.996 0.995 0.991
7.5 0.996 0.996 0.994 3 * 0.997 0.997 0.994
8.0 0.998 0.998 0.996 3 * 0.999 0.998 0.996
8.5 0.998 0.998 0.997 3 * 0.999 0.999 0.997
9.0 0.999 0.999 0.999 3 * 1.000 0.999 0.999
9.5 0.999 0.999 0.999 3 * 1.000 0.999 0.999
10.0 0.999 0.999 0.999 3 * 1.000 1.000 0.999
0.5 0.010 0.010 0.014 3 * 0.005 0.010 0.014
1.0 0.018 0.018 0.019 3 * 0.012 0.023 0.019
1.5 0.046 0.046 0.036 3 * 0.053 0.049 0.036
2.0 0.150 0.150 0.081 3 * 0.195 0.175 0.081
2.5 0.289 0.267 0.143 3 * 0.324 0.334 0.143
3.0 0.440 0.424 0.241 3 * 0.532 0.500 0.241
3.5 0.760 0.760 0.617 3 * 0.860 0.803 0.617
4.0 0.873 0.873 0.806 3 * 0.923 0.889 0.806
4.5 0.936 0.936 0.903 3 * 0.962 0.942 0.903
5.0 0.962 0.962 0.942 3 * 0.976 0.966 0.942
5.5 0.977 0.977 0.966 3 * 0.987 0.980 0.966
6.0 0.984 0.984 0.976 3 * 0.991 0.985 0.976
6.5 0.992 0.992 0.987 3 * 0.996 0.992 0.987
7.0 0.995 0.995 0.992 3 * 0.997 0.995 0.992
7.5 0.996 0.996 0.994 3 * 0.998 0.997 0.994
8.0 0.998 0.998 0.996 3 * 0.999 0.998 0.996
8.5 0.998 0.998 0.997 3 * 0.999 0.998 0.997
9.0 0.999 0.999 0.998 3 * 1.000 0.999 0.998
9.5 0.999 0.999 0.999 3 * 1.000 1.000 0.999
10.0 1.000 1.000 0.999 3 * 1.000 1.000 0.999
0.5 0.009 0.009 0.014 3 * 0.004 0.009 0.014
1.0 0.021 0.021 0.023 3 * 0.018 0.023 0.023
1.5 0.047 0.047 0.039 3 * 0.040 0.063 0.039
2.0 0.113 0.113 0.080 3 * 0.120 0.141 0.080
2.5 0.268 0.246 0.144 3 * 0.274 0.320 0.144
3.0 0.420 0.420 0.276 3 * 0.510 0.474 0.276
3.5 0.749 0.749 0.577 3 * 0.866 0.804 0.577
4.0 0.878 0.878 0.804 3 * 0.933 0.898 0.804
4.5 0.933 0.933 0.901 3 * 0.957 0.941 0.901
5.0 0.960 0.960 0.940 3 * 0.976 0.963 0.940
5.5 0.976 0.976 0.963 3 * 0.986 0.978 0.963
6.0 0.985 0.985 0.977 3 * 0.991 0.987 0.977
6.5 0.990 0.990 0.985 3 * 0.994 0.991 0.985
7.0 0.994 0.994 0.992 3 * 0.997 0.995 0.992
7.5 0.997 0.997 0.994 3 * 0.998 0.997 0.994
8.0 0.998 0.998 0.996 3 * 0.998 0.998 0.996
8.5 0.999 0.999 0.998 3 * 0.999 0.999 0.998
9.0 0.999 0.999 0.998 3 * 0.999 0.999 0.998
9.5 1.000 1.000 0.999 3 * 1.000 1.000 0.999
10.0 0.999 0.999 0.999 3 * 0.999 0.999 0.999
0.5 0.011 0.011 0.014 3 * 0.009 0.009 0.014
1.0 0.026 0.026 0.020 3 * 0.031 0.027 0.020
1.5 0.048 0.048 0.036 3 * 0.044 0.065 0.036
2.0 0.123 0.123 0.064 3 * 0.189 0.115 0.064
2.5 0.295 0.272 0.154 3 * 0.326 0.334 0.154
3.0 0.489 0.489 0.313 3 * 0.549 0.605 0.313
3.5 0.747 0.747 0.588 3 * 0.854 0.800 0.588
4.0 0.872 0.872 0.800 3 * 0.922 0.893 0.800
4.5 0.932 0.932 0.899 3 * 0.959 0.939 0.899
5.0 0.963 0.963 0.946 3 * 0.976 0.966 0.946
5.5 0.978 0.978 0.967 3 * 0.987 0.980 0.967
6.0 0.986 0.986 0.978 3 * 0.992 0.987 0.978
6.5 0.990 0.990 0.985 3 * 0.994 0.991 0.985
7.0 0.994 0.994 0.991 3 * 0.997 0.995 0.991
7.5 0.997 0.997 0.994 3 * 0.999 0.997 0.994
8.0 0.998 0.998 0.997 3 * 0.999 0.998 0.997
8.5 0.999 0.999 0.998 3 * 1.000 0.999 0.998
9.0 0.999 0.999 0.999 3 * 1.000 0.999 0.999
9.5 1.000 1.000 0.999 3 * 1.000 1.000 0.999
10.0 0.999 0.999 0.999 3 * 1.000 0.999 0.999
0.5 0.011 0.011 0.015 3 * 0.005 0.013 0.015
1.0 0.037 0.037 0.022 3 * 0.060 0.028 0.022
1.5 0.067 0.067 0.038 3 * 0.094 0.071 0.038
2.0 0.105 0.105 0.075 3 * 0.085 0.154 0.075
2.5 0.291 0.260 0.147 3 * 0.304 0.328 0.147
3.0 0.480 0.480 0.306 3 * 0.552 0.582 0.306
3.5 0.717 0.717 0.554 3 * 0.827 0.770 0.554
4.0 0.875 0.875 0.802 3 * 0.928 0.896 0.802
4.5 0.930 0.930 0.895 3 * 0.956 0.938 0.895
5.0 0.962 0.962 0.945 3 * 0.975 0.966 0.945
5.5 0.977 0.977 0.964 3 * 0.986 0.980 0.964
6.0 0.983 0.983 0.977 3 * 0.988 0.984 0.977
6.5 0.991 0.991 0.986 3 * 0.995 0.991 0.986
7.0 0.994 0.994 0.991 3 * 0.996 0.995 0.991
7.5 0.996 0.996 0.994 3 * 0.998 0.997 0.994
8.0 0.997 0.997 0.995 3 * 0.999 0.998 0.995
8.5 0.998 0.998 0.997 3 * 0.999 0.999 0.997
9.0 0.999 0.999 0.998 3 * 1.000 0.999 0.998
9.5 0.999 0.999 0.999 3 * 1.000 0.999 0.999
10.0 1.000 1.000 0.999 3 * 1.000 1.000 0.999
0.5 0.014 0.014 0.015 3 * 0.016 0.011 0.015
1.0 0.023 0.023 0.023 3 * 0.017 0.030 0.023
1.5 0.052 0.052 0.037 3 * 0.055 0.063 0.037
2.0 0.103 0.103 0.075 3 * 0.084 0.150 0.075
2.5 0.276 0.259 0.151 3 * 0.300 0.327 0.151
3.0 0.436 0.436 0.268 3 * 0.485 0.554 0.268
3.5 0.731 0.731 0.583 3 * 0.828 0.782 0.583
4.0 0.876 0.876 0.803 3 * 0.929 0.897 0.803
4.5 0.933 0.933 0.900 3 * 0.959 0.940 0.900
5.0 0.961 0.961 0.941 3 * 0.977 0.964 0.941
5.5 0.976 0.976 0.963 3 * 0.985 0.978 0.963
6.0 0.985 0.985 0.977 3 * 0.991 0.987 0.977
6.5 0.991 0.991 0.986 3 * 0.995 0.992 0.986
7.0 0.994 0.994 0.991 3 * 0.997 0.995 0.991
7.5 0.996 0.996 0.994 3 * 0.998 0.997 0.994
8.0 0.998 0.998 0.997 3 * 0.999 0.999 0.997
8.5 0.999 0.999 0.998 3 * 1.000 0.999 0.998
9.0 0.999 0.999 0.999 3 * 1.000 0.999 0.999
9.5 0.999 0.999 0.999 3 * 1.000 0.999 0.999
10.0 0.999 0.999 0.999 3 * 1.000 0.999 0.999
0.5 0.010 0.010 0.014 3 * 0.006 0.011 0.014
1.0 0.024 0.024 0.023 3 * 0.020 0.028 0.023
1.5 0.063 0.063 0.040 3 * 0.091 0.056 0.040
2.0 0.139 0.139 0.066 3 * 0.246 0.105 0.066
2.5 0.280 0.259 0.142 3 * 0.285 0.350 0.142
3.0 0.505 0.505 0.281 3 * 0.649 0.586 0.281
3.5 0.755 0.755 0.591 3 * 0.865 0.810 0.591
4.0 0.878 0.878 0.807 3 * 0.929 0.899 0.807
4.5 0.933 0.933 0.902 3 * 0.957 0.940 0.902
5.0 0.961 0.961 0.943 3 * 0.976 0.965 0.943
5.5 0.976 0.976 0.965 3 * 0.986 0.978 0.965
6.0 0.985 0.985 0.978 3 * 0.991 0.986 0.978
6.5 0.991 0.991 0.985 3 * 0.996 0.991 0.985
7.0 0.994 0.994 0.990 3 * 0.997 0.995 0.990
7.5 0.997 0.997 0.996 3 * 0.998 0.998 0.996
8.0 0.998 0.998 0.997 3 * 0.999 0.998 0.997
8.5 0.998 0.998 0.997 3 * 0.999 0.998 0.997
9.0 0.999 0.999 0.998 3 * 0.999 0.999 0.998
9.5 0.999 0.999 0.999 3 * 0.999 0.999 0.999
10.0 1.000 1.000 0.999 3 * 1.000 1.000 0.999
0.5 0.011 0.011 0.016 3 * 0.008 0.010 0.016
1.0 0.018 0.018 0.022 3 * 0.011 0.021 0.022
1.5 0.039 0.039 0.034 3 * 0.026 0.057 0.034
2.0 0.143 0.143 0.070 3 * 0.212 0.147 0.070
2.5 0.320 0.292 0.149 3 * 0.391 0.336 0.149
3.0 0.500 0.500 0.301 3 * 0.636 0.565 0.301
3.5 0.723 0.723 0.555 3 * 0.831 0.782 0.555
4.0 0.874 0.874 0.804 3 * 0.926 0.892 0.804
4.5 0.936 0.936 0.905 3 * 0.960 0.943 0.905
5.0 0.963 0.963 0.945 3 * 0.976 0.968 0.945
5.5 0.976 0.976 0.964 3 * 0.986 0.979 0.964
6.0 0.986 0.986 0.979 3 * 0.993 0.988 0.979
6.5 0.990 0.990 0.984 3 * 0.995 0.991 0.984
7.0 0.994 0.994 0.990 3 * 0.997 0.995 0.990
7.5 0.997 0.997 0.995 3 * 0.999 0.997 0.995
8.0 0.998 0.998 0.996 3 * 0.999 0.998 0.996
8.5 0.998 0.998 0.997 3 * 0.999 0.999 0.997
9.0 0.999 0.999 0.998 3 * 1.000 0.999 0.998
9.5 0.999 0.999 0.999 3 * 1.000 1.000 0.999
10.0 1.000 1.000 0.999 3 * 1.000 1.000 0.999
0.5 0.010 0.010 0.014 3 * 0.005 0.011 0.014
1.0 0.018 0.018 0.023 3 * 0.008 0.025 0.023
1.5 0.052 0.052 0.035 3 * 0.077 0.044 0.035
2.0 0.074 0.074 0.073 3 * 0.031 0.118 0.073
2.5 0.270 0.256 0.160 3 * 0.295 0.313 0.160
3.0 0.485 0.485 0.303 3 * 0.600 0.550 0.303
3.5 0.748 0.748 0.587 3 * 0.856 0.802 0.587
4.0 0.876 0.876 0.808 3 * 0.928 0.894 0.808
4.5 0.931 0.931 0.901 3 * 0.955 0.938 0.901
5.0 0.960 0.960 0.942 3 * 0.975 0.964 0.942
5.5 0.975 0.975 0.963 3 * 0.985 0.978 0.963
6.0 0.986 0.986 0.978 3 * 0.992 0.987 0.978
6.5 0.991 0.991 0.986 3 * 0.996 0.992 0.986
7.0 0.995 0.995 0.991 3 * 0.997 0.995 0.991
7.5 0.997 0.997 0.995 3 * 0.998 0.997 0.995
8.0 0.998 0.998 0.996 3 * 0.999 0.998 0.996
8.5 0.998 0.998 0.997 3 * 0.999 0.998 0.997
9.0 0.999 0.999 0.999 3 * 1.000 0.999 0.999
9.5 0.999 0.999 0.999 3 * 1.000 0.999 0.999
10.0 1.000 1.000 0.999 3 * 1.000 1.000 0.999
0.5 0.011 0.011 0.016 3 * 0.006 0.010 0.016
1.0 0.018 0.018 0.021 3 * 0.009 0.025 0.021
1.5 0.052 0.052 0.037 3 * 0.058 0.062 0.037
2.0 0.110 0.110 0.081 3 * 0.088 0.160 0.081
2.5 0.281 0.261 0.151 3 * 0.328 0.304 0.151
3.0 0.538 0.538 0.335 3 * 0.672 0.607 0.335
3.5 0.713 0.713 0.542 3 * 0.824 0.773 0.542
4.0 0.868 0.868 0.792 3 * 0.922 0.891 0.792
4.5 0.935 0.935 0.901 3 * 0.961 0.942 0.901
5.0 0.959 0.959 0.938 3 * 0.975 0.963 0.938
5.5 0.977 0.977 0.966 3 * 0.986 0.979 0.966
6.0 0.985 0.985 0.977 3 * 0.992 0.987 0.977
6.5 0.990 0.990 0.985 3 * 0.995 0.991 0.985
7.0 0.995 0.995 0.992 3 * 0.997 0.995 0.992
7.5 0.996 0.996 0.994 3 * 0.998 0.997 0.994
8.0 0.997 0.997 0.996 3 * 0.998 0.998 0.996
8.5 0.999 0.999 0.998 3 * 0.999 0.999 0.998
9.0 0.999 0.999 0.998 3 * 0.999 0.999 0.998
9.5 0.999 0.999 0.998 3 * 1.000 0.999 0.998
10.0 0.999 0.999 0.999 3 * 1.000 1.000 0.999
0.5 0.012 0.012 0.014 3 * 0.008 0.013 0.014
1.0 0.029 0.029 0.022 3 * 0.038 0.027 0.022
1.5 0.034 0.034 0.036 3 * 0.015 0.050 0.036
2.0 0.112 0.112 0.071 3 * 0.145 0.121 0.071
2.5 0.270 0.241 0.143 3 * 0.248 0.333 0.143
3.0 0.412 0.412 0.308 3 * 0.441 0.488 0.308
3.5 0.748 0.748 0.589 3 * 0.857 0.800 0.589
4.0 0.875 0.875 0.800 3 * 0.930 0.896 0.800
4.5 0.934 0.934 0.903 3 * 0.959 0.940 0.903
5.0 0.961 0.961 0.942 3 * 0.976 0.965 0.942
5.5 0.978 0.978 0.968 3 * 0.987 0.980 0.968
6.0 0.986 0.986 0.978 3 * 0.992 0.987 0.978
6.5 0.991 0.991 0.985 3 * 0.995 0.992 0.985
7.0 0.995 0.995 0.992 3 * 0.997 0.996 0.992
7.5 0.996 0.996 0.994 3 * 0.998 0.996 0.994
8.0 0.998 0.998 0.996 3 * 0.999 0.998 0.996
8.5 0.998 0.998 0.997 3 * 0.999 0.998 0.997
9.0 0.999 0.999 0.999 3 * 1.000 0.999 0.999
9.5 0.999 0.999 0.999 3 * 1.000 0.999 0.999
10.0 1.000 1.000 0.999 3 * 1.000 1.000 0.999
0.5 0.013 0.012 0.016 3 * 0.007 0.015 0.016
1.0 0.022 0.022 0.021 3 * 0.021 0.025 0.021
1.5 0.061 0.061 0.037 3 * 0.088 0.059 0.037
2.0 0.103 0.103 0.071 3 * 0.115 0.122 0.071
2.5 0.323 0.302 0.146 3 * 0.412 0.347 0.146
3.0 0.487 0.487 0.271 3 * 0.633 0.556 0.271
3.5 0.736 0.736 0.562 3 * 0.850 0.797 0.562
4.0 0.878 0.878 0.801 3 * 0.932 0.900 0.801
4.5 0.927 0.927 0.889 3 * 0.955 0.937 0.889
5.0 0.960 0.960 0.939 3 * 0.976 0.965 0.939
5.5 0.976 0.976 0.963 3 * 0.986 0.979 0.963
6.0 0.987 0.987 0.981 3 * 0.992 0.989 0.981
6.5 0.991 0.991 0.986 3 * 0.995 0.992 0.986
7.0 0.995 0.995 0.991 3 * 0.997 0.996 0.991
7.5 0.997 0.997 0.995 3 * 0.999 0.997 0.995
8.0 0.997 0.997 0.996 3 * 0.998 0.998 0.996
8.5 0.998 0.998 0.997 3 * 0.999 0.999 0.997
9.0 0.999 0.999 0.999 3 * 1.000 1.000 0.999
9.5 0.999 0.999 0.999 3 * 1.000 0.999 0.999
10.0 1.000 1.000 0.999 3 * 1.000 1.000 0.999
0.5 0.012 0.012 0.015 3 * 0.007 0.012 0.015
1.0 0.020 0.020 0.021 3 * 0.019 0.020 0.021
1.5 0.083 0.083 0.039 3 * 0.133 0.077 0.039
2.0 0.185 0.185 0.071 3 * 0.337 0.149 0.071
2.5 0.323 0.295 0.146 3 * 0.398 0.342 0.146
3.0 0.525 0.525 0.331 3 * 0.648 0.596 0.331
3.5 0.748 0.748 0.598 3 * 0.856 0.789 0.598
4.0 0.874 0.874 0.801 3 * 0.927 0.895 0.801
4.5 0.936 0.936 0.905 3 * 0.960 0.943 0.905
5.0 0.960 0.960 0.942 3 * 0.975 0.964 0.942
5.5 0.975 0.975 0.963 3 * 0.984 0.978 0.963
6.0 0.984 0.984 0.976 3 * 0.991 0.986 0.976
6.5 0.992 0.992 0.987 3 * 0.996 0.993 0.987
7.0 0.995 0.995 0.991 3 * 0.998 0.995 0.991
7.5 0.996 0.996 0.994 3 * 0.998 0.997 0.994
8.0 0.997 0.997 0.996 3 * 0.999 0.998 0.996
8.5 0.999 0.999 0.997 3 * 0.999 0.999 0.997
9.0 0.999 0.999 0.998 3 * 1.000 0.999 0.998
9.5 1.000 1.000 0.999 3 * 1.000 1.000 0.999
10.0 1.000 1.000 0.999 3 * 1.000 1.000 0.999
0.5 0.013 0.013 0.016 3 * 0.008 0.014 0.016
1.0 0.014 0.013 0.019 3 * 0.004 0.017 0.019
1.5 0.054 0.054 0.035 3 * 0.064 0.064 0.035
2.0 0.105 0.105 0.070 3 * 0.087 0.157 0.070
2.5 0.318 0.296 0.152 3 * 0.398 0.340 0.152
3.0 0.506 0.506 0.320 3 * 0.624 0.574 0.320
3.5 0.755 0.755 0.610 3 * 0.852 0.803 0.610
4.0 0.876 0.876 0.805 3 * 0.928 0.896 0.805
4.5 0.932 0.932 0.900 3 * 0.957 0.939 0.900
5.0 0.961 0.961 0.941 3 * 0.977 0.965 0.941
5.5 0.975 0.975 0.962 3 * 0.985 0.978 0.962
6.0 0.985 0.985 0.977 3 * 0.991 0.987 0.977
6.5 0.992 0.992 0.988 3 * 0.996 0.993 0.988
7.0 0.994 0.994 0.991 3 * 0.997 0.995 0.991
7.5 0.996 0.996 0.994 3 * 0.998 0.997 0.994
8.0 0.998 0.998 0.997 3 * 0.999 0.998 0.997
8.5 0.999 0.999 0.998 3 * 0.999 0.999 0.998
9.0 0.999 0.999 0.998 3 * 1.000 0.999 0.998
9.5 1.000 1.000 0.999 3 * 1.000 1.000 0.999
10.0 1.000 1.000 0.999 3 * 1.000 1.000 0.999
0.5 0.013 0.013 0.015 3 * 0.011 0.012 0.015
1.0 0.017 0.017 0.019 3 * 0.009 0.023 0.019
1.5 0.075 0.075 0.037 3 * 0.118 0.071 0.037
2.0 0.123 0.123 0.061 3 * 0.205 0.102 0.061
2.5 0.311 0.308 0.158 3 * 0.402 0.365 0.158
3.0 0.498 0.498 0.286 3 * 0.633 0.574 0.286
3.5 0.676 0.676 0.498 3 * 0.789 0.740 0.498
4.0 0.876 0.876 0.801 3 * 0.928 0.898 0.801
4.5 0.929 0.929 0.895 3 * 0.956 0.936 0.895
5.0 0.962 0.962 0.944 3 * 0.977 0.965 0.944
5.5 0.976 0.976 0.965 3 * 0.986 0.978 0.965
6.0 0.985 0.985 0.977 3 * 0.991 0.987 0.977
6.5 0.976 0.976 0.940 3 * 0.995 0.992 0.940
7.0 0.994 0.994 0.991 3 * 0.996 0.994 0.991
7.5 0.996 0.996 0.994 3 * 0.998 0.997 0.994
8.0 0.997 0.997 0.996 3 * 0.998 0.998 0.996
8.5 0.999 0.999 0.998 3 * 1.000 0.999 0.998
9.0 0.999 0.999 0.998 3 * 0.999 0.999 0.998
9.5 0.999 0.999 0.999 3 * 1.000 0.999 0.999
10.0 1.000 1.000 0.999 3 * 1.000 1.000 0.999
0.5 0.011 0.011 0.015 3 * 0.004 0.013 0.015
1.0 0.027 0.027 0.020 3 * 0.031 0.030 0.020
1.5 0.051 0.051 0.037 3 * 0.044 0.071 0.037
2.0 0.169 0.169 0.079 3 * 0.275 0.154 0.079
2.5 0.294 0.269 0.152 3 * 0.315 0.339 0.152
3.0 0.487 0.487 0.287 3 * 0.616 0.558 0.287
3.5 0.762 0.762 0.607 3 * 0.868 0.810 0.607
4.0 0.872 0.872 0.792 3 * 0.928 0.895 0.792
4.5 0.931 0.931 0.897 3 * 0.957 0.939 0.897
5.0 0.959 0.959 0.939 3 * 0.976 0.962 0.939
5.5 0.976 0.976 0.964 3 * 0.985 0.979 0.964
6.0 0.985 0.985 0.978 3 * 0.991 0.987 0.978
6.5 0.992 0.992 0.987 3 * 0.995 0.993 0.987
7.0 0.994 0.994 0.990 3 * 0.997 0.995 0.990
7.5 0.996 0.996 0.994 3 * 0.998 0.996 0.994
8.0 0.998 0.998 0.996 3 * 0.999 0.998 0.996
8.5 0.999 0.999 0.998 3 * 0.999 0.999 0.998
9.0 0.999 0.999 0.998 3 * 0.999 0.999 0.998
9.5 1.000 1.000 0.999 3 * 1.000 1.000 0.999
10.0 1.000 1.000 0.999 3 * 1.000 1.000 0.999
0.5 0.012 0.012 0.016 3 * 0.007 0.013 0.016
1.0 0.020 0.020 0.019 3 * 0.018 0.023 0.019
1.5 0.038 0.038 0.034 3 * 0.039 0.042 0.034
2.0 0.109 0.109 0.080 3 * 0.087 0.159 0.080
2.5 0.276 0.250 0.136 3 * 0.299 0.316 0.136
3.0 0.470 0.470 0.306 3 * 0.527 0.576 0.306
3.5 0.729 0.729 0.581 3 * 0.827 0.778 0.581
4.0 0.852 0.852 0.766 3 * 0.910 0.881 0.766
4.5 0.933 0.933 0.898 3 * 0.959 0.942 0.898
5.0 0.962 0.962 0.945 3 * 0.977 0.966 0.945
5.5 0.978 0.978 0.966 3 * 0.987 0.980 0.966
6.0 0.985 0.985 0.978 3 * 0.991 0.986 0.978
6.5 0.990 0.990 0.985 3 * 0.994 0.991 0.985
7.0 0.995 0.995 0.992 3 * 0.997 0.996 0.992
7.5 0.996 0.996 0.994 3 * 0.998 0.997 0.994
8.0 0.982 0.982 0.947 3 * 0.999 0.998 0.947
8.5 0.999 0.999 0.998 3 * 1.000 0.999 0.998
9.0 0.999 0.999 0.998 3 * 1.000 0.999 0.998
9.5 0.999 0.999 0.999 3 * 1.000 0.999 0.999
10.0 1.000 1.000 0.999 3 * 1.000 1.000 0.999
0.5 0.010 0.010 0.014 3 * 0.006 0.010 0.014
1.0 0.020 0.020 0.022 3 * 0.016 0.023 0.022
1.5 0.061 0.061 0.040 3 * 0.087 0.056 0.040
2.0 0.133 0.133 0.082 3 * 0.136 0.181 0.082
2.5 0.265 0.238 0.139 3 * 0.256 0.321 0.139
3.0 0.465 0.465 0.288 3 * 0.533 0.573 0.288
3.5 0.768 0.768 0.617 3 * 0.871 0.816 0.617
4.0 0.879 0.879 0.807 3 * 0.931 0.901 0.807
4.5 0.935 0.935 0.902 3 * 0.961 0.944 0.902
5.0 0.959 0.959 0.939 3 * 0.975 0.962 0.939
5.5 0.977 0.977 0.965 3 * 0.986 0.979 0.965
6.0 0.986 0.986 0.978 3 * 0.992 0.988 0.978
6.5 0.990 0.990 0.985 3 * 0.994 0.992 0.985
7.0 0.994 0.994 0.990 3 * 0.997 0.996 0.990
7.5 0.996 0.996 0.993 3 * 0.997 0.996 0.993
8.0 0.998 0.998 0.996 3 * 0.999 0.998 0.996
8.5 0.999 0.999 0.997 3 * 0.999 0.999 0.997
9.0 0.999 0.999 0.998 3 * 1.000 0.999 0.998
9.5 0.999 0.999 0.999 3 * 1.000 0.999 0.999
10.0 1.000 1.000 0.999 3 * 1.000 1.000 0.999
0.5 0.011 0.011 0.014 3 * 0.008 0.012 0.014
1.0 0.028 0.028 0.019 3 * 0.039 0.026 0.019
1.5 0.066 0.066 0.036 3 * 0.099 0.063 0.036
2.0 0.109 0.109 0.066 3 * 0.141 0.120 0.066
2.5 0.259 0.240 0.143 3 * 0.273 0.305 0.143
3.0 0.476 0.476 0.279 3 * 0.550 0.600 0.279
3.5 0.738 0.738 0.578 3 * 0.846 0.790 0.578
4.0 0.872 0.872 0.798 3 * 0.928 0.892 0.798
4.5 0.931 0.931 0.899 3 * 0.955 0.939 0.899
5.0 0.961 0.961 0.941 3 * 0.976 0.965 0.941
5.5 0.976 0.976 0.964 3 * 0.985 0.978 0.964
6.0 0.985 0.985 0.977 3 * 0.991 0.986 0.977
6.5 0.992 0.992 0.987 3 * 0.995 0.993 0.987
7.0 0.994 0.994 0.991 3 * 0.997 0.995 0.991
7.5 0.997 0.997 0.996 3 * 0.998 0.998 0.996
8.0 0.998 0.998 0.997 3 * 0.999 0.999 0.997
8.5 0.999 0.999 0.997 3 * 0.999 0.999 0.997
9.0 0.999 0.999 0.998 3 * 0.999 0.999 0.998
9.5 0.999 0.999 0.999 3 * 1.000 0.999 0.999
10.0 1.000 1.000 0.999 3 * 1.000 1.000 0.999
0.5 0.011 0.011 0.014 3 * 0.008 0.009 0.014
1.0 0.017 0.017 0.021 3 * 0.006 0.024 0.021
1.5 0.036 0.036 0.038 3 * 0.027 0.043 0.038
2.0 0.126 0.126 0.073 3 * 0.175 0.131 0.073
2.5 0.299 0.271 0.137 3 * 0.367 0.310 0.137
3.0 0.498 0.498 0.302 3 * 0.627 0.565 0.302
3.5 0.741 0.741 0.574 3 * 0.855 0.793 0.574
4.0 0.878 0.878 0.813 3 * 0.927 0.893 0.813
4.5 0.933 0.933 0.900 3 * 0.959 0.940 0.900
5.0 0.961 0.961 0.941 3 * 0.976 0.966 0.941
5.5 0.977 0.977 0.966 3 * 0.986 0.979 0.966
6.0 0.984 0.984 0.977 3 * 0.991 0.986 0.977
6.5 0.992 0.992 0.987 3 * 0.995 0.993 0.987
7.0 0.995 0.995 0.992 3 * 0.998 0.996 0.992
7.5 0.995 0.995 0.993 3 * 0.997 0.996 0.993
8.0 0.998 0.998 0.996 3 * 0.999 0.998 0.996
8.5 0.999 0.999 0.998 3 * 1.000 0.999 0.998
9.0 0.999 0.999 0.999 3 * 1.000 0.999 0.999
9.5 0.999 0.999 0.999 3 * 1.000 0.999 0.999
10.0 0.999 0.999 0.999 3 * 1.000 1.000 0.999
0.5 0.009 0.009 0.014 3 * 0.003 0.010 0.014
1.0 0.023 0.023 0.020 3 * 0.027 0.021 0.020
1.5 0.058 0.058 0.038 3 * 0.066 0.071 0.038
2.0 0.093 0.093 0.072 3 * 0.082 0.125 0.072
2.5 0.257 0.244 0.140 3 * 0.288 0.303 0.140
3.0 0.459 0.459 0.285 3 * 0.523 0.568 0.285
3.5 0.749 0.749 0.602 3 * 0.850 0.795 0.602
4.0 0.873 0.873 0.795 3 * 0.932 0.894 0.795
4.5 0.930 0.930 0.895 3 * 0.955 0.939 0.895
5.0 0.958 0.958 0.939 3 * 0.974 0.962 0.939
5.5 0.978 0.978 0.966 3 * 0.987 0.980 0.966
6.0 0.985 0.985 0.977 3 * 0.991 0.986 0.977
6.5 0.991 0.991 0.986 3 * 0.995 0.993 0.986
7.0 0.994 0.994 0.990 3 * 0.996 0.995 0.990
7.5 0.997 0.997 0.994 3 * 0.998 0.997 0.994
8.0 0.998 0.998 0.996 3 * 0.999 0.998 0.996
8.5 0.999 0.999 0.998 3 * 0.999 0.999 0.998
9.0 0.999 0.999 0.998 3 * 1.000 0.999 0.998
9.5 0.999 0.999 0.999 3 * 0.999 0.999 0.999
10.0 0.999 0.999 0.999 3 * 1.000 1.000 0.999
0.5 0.009 0.009 0.015 3 * 0.005 0.007 0.015
1.0 0.024 0.024 0.022 3 * 0.021 0.028 0.022
1.5 0.073 0.073 0.037 3 * 0.119 0.063 0.037
2.0 0.117 0.117 0.072 3 * 0.149 0.129 0.072
2.5 0.285 0.258 0.141 3 * 0.314 0.319 0.141
3.0 0.461 0.461 0.289 3 * 0.531 0.561 0.289
3.5 0.734 0.734 0.575 3 * 0.834 0.791 0.575
4.0 0.875 0.875 0.806 3 * 0.927 0.893 0.806
4.5 0.934 0.934 0.904 3 * 0.959 0.939 0.904
5.0 0.963 0.963 0.946 3 * 0.975 0.966 0.946
5.5 0.976 0.976 0.965 3 * 0.985 0.978 0.965
6.0 0.986 0.986 0.978 3 * 0.991 0.988 0.978
6.5 0.990 0.990 0.984 3 * 0.994 0.991 0.984
7.0 0.994 0.994 0.991 3 * 0.996 0.995 0.991
7.5 0.997 0.997 0.994 3 * 0.998 0.997 0.994
8.0 0.998 0.998 0.997 3 * 0.999 0.998 0.997
8.5 0.999 0.999 0.998 3 * 1.000 0.999 0.998
9.0 0.999 0.999 0.998 3 * 0.999 0.999 0.998
9.5 0.999 0.999 0.999 3 * 1.000 0.999 0.999
10.0 0.999 0.999 0.999 3 * 1.000 1.000 0.999
