0.5 0.003 0.003 0.006 3 * 0.000 0.001 0.006
1.0 0.005 0.008 0.010 3 * 0.001 0.004 0.010
1.5 0.040 0.040 0.037 3 * 0.035 0.034 0.037
2.0 0.079 0.086 0.081 3 * 0.063 0.079 0.081
2.5 0.249 0.253 0.207 3 * 0.217 0.292 0.207
3.0 0.392 0.386 0.333 3 * 0.359 0.444 0.333
3.5 0.598 0.596 0.519 3 * 0.639 0.630 0.519
4.0 0.755 0.755 0.713 3 * 0.782 0.770 0.713
4.5 0.852 0.852 0.836 3 * 0.863 0.858 0.836
5.0 0.907 0.907 0.900 3 * 0.912 0.910 0.900
5.5 0.936 0.936 0.931 3 * 0.938 0.938 0.931
6.0 0.962 0.962 0.956 3 * 0.967 0.964 0.956
6.5 0.973 0.973 0.970 3 * 0.977 0.974 0.970
7.0 0.984 0.984 0.981 3 * 0.986 0.986 0.981
7.5 0.990 0.990 0.987 3 * 0.992 0.990 0.987
8.0 0.993 0.993 0.992 3 * 0.994 0.993 0.992
8.5 0.996 0.996 0.996 3 * 0.997 0.996 0.996
9.0 0.997 0.997 0.996 3 * 0.999 0.997 0.996
9.5 0.998 0.998 0.998 3 * 0.997 0.998 0.998
10.0 0.999 0.999 0.999 3 * 0.999 0.999 0.999
0.5 0.003 0.003 0.006 3 * 0.000 0.001 0.006
1.0 0.009 0.011 0.012 3 * 0.007 0.007 0.012
1.5 0.033 0.038 0.037 3 * 0.025 0.028 0.037
2.0 0.102 0.100 0.090 3 * 0.098 0.102 0.090
2.5 0.217 0.215 0.175 3 * 0.205 0.247 0.175
3.0 0.388 0.381 0.331 3 * 0.346 0.443 0.331
3.5 0.595 0.595 0.522 3 * 0.636 0.627 0.522
4.0 0.775 0.775 0.730 3 * 0.805 0.789 0.730
4.5 0.857 0.857 0.838 3 * 0.870 0.864 0.838
5.0 0.906 0.906 0.895 3 * 0.915 0.908 0.895
5.5 0.939 0.939 0.932 3 * 0.943 0.942 0.932
6.0 0.961 0.961 0.956 3 * 0.965 0.962 0.956
6.5 0.974 0.974 0.972 3 * 0.975 0.976 0.972
7.0 0.983 0.983 0.981 3 * 0.986 0.983 0.981
7.5 0.988 0.988 0.987 3 * 0.988 0.989 0.987
8.0 0.992 0.992 0.991 3 * 0.993 0.992 0.991
8.5 0.996 0.996 0.995 3 * 0.996 0.997 0.995
9.0 0.997 0.997 0.996 3 * 0.997 0.998 0.996
9.5 0.998 0.998 0.998 3 * 0.998 0.998 0.998
10.0 0.999 0.999 0.999 3 * 0.999 0.999 0.999
0.5 0.003 0.003 0.006 3 * 0.001 0.001 0.006
1.0 0.008 0.010 0.013 3 * 0.003 0.007 0.013
1.5 0.036 0.043 0.040 3 * 0.019 0.037 0.040
2.0 0.088 0.092 0.084 3 * 0.071 0.093 0.084
2.5 0.218 0.210 0.182 3 * 0.226 0.221 0.182
3.0 0.411 0.402 0.342 3 * 0.409 0.444 0.342
3.5 0.591 0.591 0.531 3 * 0.617 0.626 0.531
4.0 0.749 0.749 0.712 3 * 0.770 0.763 0.712
4.5 0.851 0.851 0.832 3 * 0.864 0.858 0.832
5.0 0.906 0.906 0.892 3 * 0.917 0.910 0.892
5.5 0.939 0.939 0.930 3 * 0.944 0.942 0.930
6.0 0.962 0.962 0.959 3 * 0.964 0.964 0.959
6.5 0.974 0.974 0.970 3 * 0.978 0.974 0.970
7.0 0.984 0.984 0.982 3 * 0.986 0.984 0.982
7.5 0.988 0.988 0.985 3 * 0.991 0.988 0.985
8.0 0.994 0.994 0.991 3 * 0.995 0.994 0.991
8.5 0.997 0.997 0.995 3 * 0.998 0.997 0.995
9.0 0.996 0.996 0.995 3 * 0.995 0.996 0.995
9.5 0.997 0.997 0.997 3 * 0.998 0.997 0.997
10.0 0.999 0.999 0.999 3 * 1.000 0.999 0.999
0.5 0.003 0.003 0.006 3 * 0.000 0.002 0.006
1.0 0.006 0.009 0.011 3 * 0.001 0.004 0.011
1.5 0.039 0.036 0.034 3 * 0.040 0.031 0.034
2.0 0.075 0.086 0.080 3 * 0.046 0.082 0.080
2.5 0.237 0.237 0.188 3 * 0.224 0.270 0.188
3.0 0.395 0.389 0.341 3 * 0.363 0.448 0.341
3.5 0.599 0.599 0.540 3 * 0.632 0.626 0.540
4.0 0.763 0.763 0.716 3 * 0.797 0.777 0.716
4.5 0.851 0.851 0.833 3 * 0.864 0.857 0.833
5.0 0.901 0.901 0.891 3 * 0.908 0.905 0.891
5.5 0.940 0.940 0.933 3 * 0.944 0.943 0.933
6.0 0.961 0.961 0.955 3 * 0.966 0.963 0.955
6.5 0.970 0.970 0.968 3 * 0.971 0.970 0.968
7.0 0.986 0.986 0.985 3 * 0.986 0.987 0.985
7.5 0.990 0.990 0.987 3 * 0.992 0.990 0.987
8.0 0.993 0.993 0.992 3 * 0.994 0.994 0.992
8.5 0.995 0.995 0.995 3 * 0.995 0.996 0.995
9.0 0.996 0.996 0.995 3 * 0.997 0.996 0.995
9.5 0.998 0.998 0.997 3 * 0.998 0.998 0.997
10.0 0.999 0.999 0.999 3 * 0.999 0.999 0.999
0.5 0.003 0.003 0.006 3 * 0.001 0.002 0.006
1.0 0.006 0.009 0.011 3 * 0.002 0.006 0.011
1.5 0.023 0.035 0.033 3 * 0.003 0.022 0.033
2.0 0.083 0.082 0.071 3 * 0.067 0.076 0.071
2.5 0.224 0.236 0.184 3 * 0.196 0.266 0.184
3.0 0.406 0.400 0.340 3 * 0.401 0.444 0.340
3.5 0.588 0.588 0.516 3 * 0.633 0.616 0.516
4.0 0.770 0.770 0.725 3 * 0.799 0.785 0.725
4.5 0.856 0.856 0.833 3 * 0.874 0.861 0.833
5.0 0.905 0.905 0.893 3 * 0.913 0.907 0.893
5.5 0.937 0.937 0.931 3 * 0.940 0.939 0.931
6.0 0.961 0.961 0.956 3 * 0.965 0.961 0.956
6.5 0.976 0.976 0.972 3 * 0.979 0.977 0.972
7.0 0.984 0.984 0.982 3 * 0.986 0.985 0.982
7.5 0.990 0.990 0.989 3 * 0.990 0.989 0.989
8.0 0.992 0.992 0.991 3 * 0.993 0.993 0.991
8.5 0.997 0.997 0.996 3 * 0.998 0.997 0.996
9.0 0.998 0.998 0.997 3 * 0.999 0.998 0.997
9.5 0.998 0.998 0.998 3 * 0.998 0.998 0.998
10.0 0.999 0.999 0.999 3 * 1.000 0.999 0.999
0.5 0.003 0.003 0.006 3 * 0.000 0.001 0.006
1.0 0.007 0.011 0.013 3 * 0.002 0.006 0.013
1.5 0.024 0.034 0.033 3 * 0.010 0.021 0.033
2.0 0.077 0.083 0.073 3 * 0.058 0.082 0.073
2.5 0.211 0.225 0.186 3 * 0.171 0.251 0.186
3.0 0.393 0.387 0.319 3 * 0.392 0.429 0.319
3.5 0.619 0.619 0.544 3 * 0.668 0.646 0.544
4.0 0.761 0.761 0.709 3 * 0.797 0.778 0.709
4.5 0.848 0.848 0.827 3 * 0.860 0.857 0.827
5.0 0.903 0.903 0.892 3 * 0.911 0.906 0.892
5.5 0.938 0.938 0.932 3 * 0.942 0.940 0.932
6.0 0.957 0.957 0.945 3 * 0.964 0.961 0.945
6.5 0.973 0.973 0.970 3 * 0.976 0.973 0.970
7.0 0.985 0.985 0.982 3 * 0.986 0.986 0.982
7.5 0.989 0.989 0.988 3 * 0.989 0.989 0.988
8.0 0.993 0.993 0.993 3 * 0.994 0.994 0.993
8.5 0.995 0.995 0.995 3 * 0.996 0.996 0.995
9.0 0.998 0.998 0.996 3 * 0.999 0.998 0.996
9.5 0.998 0.998 0.998 3 * 0.998 0.998 0.998
10.0 0.999 0.999 0.999 3 * 0.999 0.999 0.999
0.5 0.003 0.003 0.005 3 * 0.000 0.001 0.005
1.0 0.007 0.009 0.011 3 * 0.005 0.005 0.011
1.5 0.041 0.038 0.034 3 * 0.038 0.035 0.034
2.0 0.110 0.108 0.095 3 * 0.125 0.097 0.095
2.5 0.251 0.249 0.195 3 * 0.255 0.275 0.195
3.0 0.419 0.414 0.347 3 * 0.431 0.450 0.347
3.5 0.550 0.550 0.527 3 * 0.503 0.620 0.527
4.0 0.759 0.759 0.710 3 * 0.790 0.777 0.710
4.5 0.846 0.846 0.823 3 * 0.862 0.852 0.823
5.0 0.904 0.904 0.892 3 * 0.915 0.905 0.892
5.5 0.938 0.938 0.931 3 * 0.945 0.939 0.931
6.0 0.962 0.962 0.955 3 * 0.968 0.964 0.955
6.5 0.975 0.975 0.971 3 * 0.978 0.976 0.971
7.0 0.984 0.984 0.982 3 * 0.986 0.984 0.982
7.5 0.991 0.991 0.990 3 * 0.990 0.991 0.990
8.0 0.993 0.993 0.992 3 * 0.994 0.994 0.992
8.5 0.996 0.996 0.995 3 * 0.997 0.996 0.995
9.0 0.998 0.998 0.997 3 * 0.998 0.999 0.997
9.5 0.998 0.998 0.998 3 * 0.998 0.999 0.998
10.0 0.999 0.999 0.999 3 * 0.999 0.999 0.999
0.5 0.003 0.003 0.006 3 * 0.000 0.001 0.006
1.0 0.006 0.009 0.011 3 * 0.001 0.006 0.011
1.5 0.040 0.037 0.034 3 * 0.042 0.030 0.034
2.0 0.068 0.084 0.078 3 * 0.046 0.068 0.078
2.5 0.235 0.232 0.192 3 * 0.221 0.265 0.192
3.0 0.428 0.424 0.350 3 * 0.441 0.462 0.350
3.5 0.600 0.600 0.530 3 * 0.639 0.631 0.530
4.0 0.757 0.757 0.706 3 * 0.791 0.774 0.706
4.5 0.854 0.854 0.832 3 * 0.870 0.859 0.832
5.0 0.901 0.901 0.891 3 * 0.908 0.906 0.891
5.5 0.936 0.936 0.929 3 * 0.941 0.938 0.929
6.0 0.961 0.961 0.956 3 * 0.966 0.962 0.956
6.5 0.978 0.978 0.974 3 * 0.981 0.979 0.974
7.0 0.984 0.984 0.980 3 * 0.987 0.984 0.980
7.5 0.989 0.989 0.987 3 * 0.991 0.990 0.987
8.0 0.994 0.994 0.992 3 * 0.995 0.994 0.992
8.5 0.996 0.996 0.995 3 * 0.996 0.996 0.995
9.0 0.997 0.997 0.997 3 * 0.996 0.997 0.997
9.5 0.998 0.998 0.998 3 * 0.998 0.999 0.998
10.0 0.999 0.999 0.999 3 * 1.000 0.999 0.999
0.5 0.003 0.004 0.006 3 * 0.000 0.001 0.006
1.0 0.008 0.010 0.012 3 * 0.003 0.007 0.012
1.5 0.032 0.038 0.036 3 * 0.014 0.031 0.036
2.0 0.107 0.099 0.086 3 * 0.108 0.098 0.086
2.5 0.221 0.216 0.182 3 * 0.207 0.246 0.182
3.0 0.388 0.382 0.333 3 * 0.359 0.437 0.333
3.5 0.537 0.537 0.521 3 * 0.504 0.587 0.521
4.0 0.757 0.757 0.705 3 * 0.790 0.776 0.705
4.5 0.852 0.852 0.831 3 * 0.868 0.855 0.831
5.0 0.910 0.910 0.896 3 * 0.920 0.914 0.896
5.5 0.941 0.941 0.933 3 * 0.947 0.943 0.933
6.0 0.962 0.962 0.956 3 * 0.968 0.963 0.956
6.5 0.975 0.975 0.972 3 * 0.975 0.977 0.972
7.0 0.982 0.982 0.980 3 * 0.983 0.982 0.980
7.5 0.990 0.990 0.988 3 * 0.993 0.991 0.988
8.0 0.992 0.992 0.990 3 * 0.993 0.994 0.990
8.5 0.995 0.995 0.994 3 * 0.996 0.995 0.994
9.0 0.996 0.996 0.996 3 * 0.996 0.996 0.996
9.5 0.998 0.998 0.998 3 * 0.999 0.999 0.998
10.0 0.999 0.999 0.999 3 * 0.999 0.999 0.999
0.5 0.003 0.003 0.005 3 * 0.000 0.001 0.005
1.0 0.007 0.010 0.012 3 * 0.002 0.006 0.012
1.5 0.039 0.037 0.034 3 * 0.038 0.033 0.034
2.0 0.072 0.079 0.074 3 * 0.064 0.065 0.074
2.5 0.254 0.257 0.208 3 * 0.227 0.297 0.208
3.0 0.413 0.408 0.346 3 * 0.407 0.453 0.346
3.5 0.619 0.619 0.543 3 * 0.671 0.644 0.543
4.0 0.771 0.771 0.725 3 * 0.804 0.784 0.725
4.5 0.851 0.851 0.832 3 * 0.865 0.856 0.832
5.0 0.906 0.906 0.894 3 * 0.914 0.909 0.894
5.5 0.942 0.942 0.935 3 * 0.948 0.942 0.935
6.0 0.960 0.960 0.955 3 * 0.964 0.961 0.955
6.5 0.972 0.972 0.968 3 * 0.974 0.973 0.968
7.0 0.985 0.985 0.982 3 * 0.986 0.986 0.982
7.5 0.990 0.990 0.988 3 * 0.990 0.990 0.988
8.0 0.994 0.994 0.993 3 * 0.994 0.995 0.993
8.5 0.995 0.995 0.994 3 * 0.995 0.995 0.994
9.0 0.997 0.997 0.996 3 * 0.997 0.997 0.996
9.5 0.999 0.999 0.998 3 * 1.000 0.998 0.998
10.0 0.999 0.999 0.999 3 * 0.999 0.999 0.999
0.5 0.003 0.003 0.006 3 * 0.000 0.001 0.006
1.0 0.008 0.010 0.012 3 * 0.003 0.007 0.012
1.5 0.038 0.041 0.039 3 * 0.037 0.031 0.039
2.0 0.090 0.089 0.083 3 * 0.084 0.086 0.083
2.5 0.239 0.240 0.196 3 * 0.217 0.276 0.196
3.0 0.397 0.392 0.318 3 * 0.406 0.430 0.318
3.5 0.624 0.624 0.544 3 * 0.675 0.654 0.544
4.0 0.758 0.758 0.710 3 * 0.790 0.773 0.710
4.5 0.851 0.851 0.832 3 * 0.863 0.858 0.832
5.0 0.903 0.903 0.891 3 * 0.912 0.905 0.891
5.5 0.937 0.937 0.931 3 * 0.942 0.939 0.931
6.0 0.962 0.962 0.957 3 * 0.965 0.964 0.957
6.5 0.971 0.971 0.971 3 * 0.970 0.972 0.971
7.0 0.985 0.985 0.983 3 * 0.987 0.986 0.983
7.5 0.989 0.989 0.988 3 * 0.990 0.989 0.988
8.0 0.993 0.993 0.992 3 * 0.995 0.994 0.992
8.5 0.996 0.996 0.995 3 * 0.997 0.997 0.995
9.0 0.997 0.997 0.996 3 * 0.998 0.997 0.996
9.5 0.998 0.998 0.998 3 * 0.998 0.998 0.998
10.0 0.998 0.998 0.998 3 * 0.999 0.998 0.998
0.5 0.003 0.003 0.006 3 * 0.000 0.001 0.006
1.0 0.005 0.007 0.010 3 * 0.000 0.005 0.010
1.5 0.034 0.035 0.033 3 * 0.030 0.028 0.033
2.0 0.110 0.103 0.085 3 * 0.121 0.103 0.085
2.5 0.237 0.239 0.190 3 * 0.218 0.275 0.190
3.0 0.394 0.388 0.342 3 * 0.364 0.443 0.342
3.5 0.588 0.588 0.518 3 * 0.628 0.618 0.518
4.0 0.758 0.758 0.709 3 * 0.790 0.776 0.709
4.5 0.848 0.848 0.826 3 * 0.864 0.854 0.826
5.0 0.907 0.907 0.895 3 * 0.915 0.911 0.895
5.5 0.941 0.941 0.933 3 * 0.948 0.942 0.933
6.0 0.965 0.965 0.960 3 * 0.969 0.966 0.960
6.5 0.974 0.974 0.973 3 * 0.976 0.974 0.973
7.0 0.984 0.984 0.982 3 * 0.986 0.985 0.982
7.5 0.989 0.989 0.986 3 * 0.991 0.990 0.986
8.0 0.993 0.993 0.992 3 * 0.994 0.994 0.992
8.5 0.996 0.996 0.995 3 * 0.997 0.997 0.995
9.0 0.996 0.996 0.995 3 * 0.997 0.996 0.995
9.5 0.998 0.998 0.998 3 * 0.997 0.999 0.998
10.0 0.998 0.998 0.997 3 * 0.999 0.998 0.997
0.5 0.003 0.003 0.006 3 * 0.000 0.001 0.006
1.0 0.006 0.010 0.012 3 * 0.000 0.003 0.012
1.5 0.036 0.041 0.038 3 * 0.027 0.028 0.038
2.0 0.066 0.083 0.079 3 * 0.031 0.077 0.079
2.5 0.251 0.250 0.193 3 * 0.256 0.277 0.193
3.0 0.417 0.408 0.352 3 * 0.418 0.448 0.352
3.5 0.577 0.577 0.515 3 * 0.605 0.610 0.515
4.0 0.774 0.774 0.726 3 * 0.807 0.788 0.726
4.5 0.860 0.860 0.839 3 * 0.873 0.867 0.839
5.0 0.906 0.906 0.894 3 * 0.914 0.910 0.894
5.5 0.942 0.942 0.934 3 * 0.948 0.944 0.934
6.0 0.963 0.963 0.957 3 * 0.969 0.962 0.957
6.5 0.977 0.977 0.973 3 * 0.981 0.978 0.973
7.0 0.983 0.983 0.981 3 * 0.984 0.985 0.981
7.5 0.991 0.991 0.988 3 * 0.992 0.991 0.988
8.0 0.994 0.994 0.993 3 * 0.995 0.995 0.993
8.5 0.996 0.996 0.995 3 * 0.997 0.996 0.995
9.0 0.997 0.997 0.997 3 * 0.998 0.998 0.997
9.5 0.998 0.998 0.998 3 * 0.999 0.999 0.998
10.0 0.999 0.999 0.999 3 * 0.999 0.999 0.999
0.5 0.003 0.003 0.006 3 * 0.001 0.001 0.006
1.0 0.006 0.007 0.010 3 * 0.003 0.004 0.010
1.5 0.039 0.039 0.038 3 * 0.036 0.033 0.038
2.0 0.076 0.084 0.079 3 * 0.056 0.076 0.079
2.5 0.231 0.226 0.197 3 * 0.204 0.264 0.197
3.0 0.386 0.382 0.326 3 * 0.352 0.442 0.326
3.5 0.599 0.599 0.527 3 * 0.637 0.632 0.527
4.0 0.771 0.771 0.719 3 * 0.805 0.788 0.719
4.5 0.843 0.843 0.823 3 * 0.858 0.848 0.823
5.0 0.899 0.899 0.888 3 * 0.906 0.905 0.888
5.5 0.938 0.938 0.933 3 * 0.941 0.941 0.933
6.0 0.961 0.961 0.955 3 * 0.966 0.962 0.955
6.5 0.974 0.974 0.971 3 * 0.976 0.974 0.971
7.0 0.983 0.983 0.980 3 * 0.986 0.984 0.980
7.5 0.989 0.989 0.988 3 * 0.991 0.989 0.988
8.0 0.994 0.994 0.993 3 * 0.994 0.994 0.993
8.5 0.996 0.996 0.994 3 * 0.997 0.996 0.994
9.0 0.997 0.997 0.997 3 * 0.996 0.997 0.997
9.5 0.998 0.998 0.997 3 * 0.998 0.998 0.997
10.0 0.999 0.999 0.999 3 * 0.999 0.999 0.999
0.5 0.003 0.003 0.006 3 * 0.000 0.001 0.006
1.0 0.006 0.009 0.011 3 * 0.002 0.005 0.011
1.5 0.029 0.037 0.035 3 * 0.018 0.023 0.035
2.0 0.094 0.094 0.089 3 * 0.091 0.092 0.089
2.5 0.209 0.212 0.177 3 * 0.185 0.241 0.177
3.0 0.399 0.393 0.343 3 * 0.369 0.451 0.343
3.5 0.628 0.628 0.540 3 * 0.686 0.657 0.540
4.0 0.774 0.774 0.730 3 * 0.805 0.786 0.730
4.5 0.846 0.846 0.827 3 * 0.858 0.854 0.827
5.0 0.905 0.905 0.895 3 * 0.911 0.909 0.895
5.5 0.943 0.943 0.933 3 * 0.950 0.945 0.933
6.0 0.964 0.964 0.957 3 * 0.969 0.964 0.957
6.5 0.975 0.975 0.971 3 * 0.978 0.975 0.971
7.0 0.984 0.984 0.981 3 * 0.987 0.986 0.981
7.5 0.989 0.989 0.988 3 * 0.991 0.989 0.988
8.0 0.994 0.994 0.992 3 * 0.995 0.994 0.992
8.5 0.996 0.996 0.995 3 * 0.996 0.996 0.995
9.0 0.998 0.998 0.997 3 * 0.999 0.998 0.997
9.5 0.998 0.998 0.997 3 * 0.999 0.998 0.997
10.0 0.999 0.999 0.999 3 * 1.000 1.000 0.999
0.5 0.003 0.003 0.006 3 * 0.000 0.001 0.006
1.0 0.010 0.011 0.012 3 * 0.008 0.008 0.012
1.5 0.027 0.041 0.039 3 * 0.005 0.026 0.039
2.0 0.067 0.083 0.077 3 * 0.033 0.075 0.077
2.5 0.246 0.243 0.187 3 * 0.258 0.264 0.187
3.0 0.389 0.385 0.309 3 * 0.393 0.425 0.309
3.5 0.608 0.608 0.545 3 * 0.643 0.636 0.545
4.0 0.766 0.766 0.715 3 * 0.798 0.785 0.715
4.5 0.850 0.850 0.828 3 * 0.864 0.857 0.828
5.0 0.907 0.907 0.895 3 * 0.914 0.910 0.895
5.5 0.941 0.941 0.932 3 * 0.950 0.942 0.932
6.0 0.958 0.958 0.955 3 * 0.959 0.960 0.955
6.5 0.974 0.974 0.970 3 * 0.977 0.974 0.970
7.0 0.982 0.982 0.980 3 * 0.983 0.983 0.980
7.5 0.988 0.988 0.987 3 * 0.989 0.988 0.987
8.0 0.994 0.994 0.992 3 * 0.995 0.994 0.992
8.5 0.996 0.996 0.995 3 * 0.997 0.997 0.995
9.0 0.998 0.998 0.997 3 * 0.998 0.998 0.997
9.5 0.998 0.998 0.998 3 * 0.999 0.998 0.998
10.0 0.999 0.999 0.999 3 * 0.999 0.999 0.999
0.5 0.003 0.003 0.006 3 * 0.001 0.002 0.006
1.0 0.006 0.009 0.011 3 * 0.001 0.006 0.011
1.5 0.028 0.036 0.034 3 * 0.011 0.026 0.034
2.0 0.077 0.093 0.089 3 * 0.044 0.086 0.089
2.5 0.236 0.241 0.201 3 * 0.199 0.278 0.201
3.0 0.406 0.401 0.339 3 * 0.400 0.447 0.339
3.5 0.586 0.584 0.519 3 * 0.610 0.624 0.519
4.0 0.770 0.770 0.724 3 * 0.802 0.783 0.724
4.5 0.853 0.853 0.832 3 * 0.869 0.859 0.832
5.0 0.905 0.905 0.892 3 * 0.916 0.908 0.892
5.5 0.935 0.935 0.927 3 * 0.940 0.938 0.927
6.0 0.961 0.961 0.955 3 * 0.966 0.961 0.955
6.5 0.976 0.976 0.974 3 * 0.979 0.977 0.974
7.0 0.985 0.985 0.981 3 * 0.988 0.985 0.981
7.5 0.989 0.989 0.987 3 * 0.992 0.988 0.987
8.0 0.992 0.992 0.990 3 * 0.993 0.992 0.990
8.5 0.995 0.995 0.994 3 * 0.996 0.995 0.994
9.0 0.997 0.997 0.996 3 * 0.998 0.997 0.996
9.5 0.998 0.998 0.997 3 * 0.998 0.998 0.997
10.0 0.998 0.998 0.998 3 * 0.999 0.998 0.998
0.5 0.003 0.003 0.006 3 * 0.000 0.001 0.006
1.0 0.006 0.008 0.010 3 * 0.002 0.004 0.010
1.5 0.028 0.036 0.034 3 * 0.012 0.027 0.034
2.0 0.084 0.084 0.077 3 * 0.075 0.082 0.077
2.5 0.240 0.239 0.191 3 * 0.228 0.271 0.191
3.0 0.415 0.410 0.338 3 * 0.420 0.451 0.338
3.5 0.604 0.604 0.537 3 * 0.643 0.632 0.537
4.0 0.767 0.767 0.717 3 * 0.801 0.784 0.717
4.5 0.844 0.844 0.825 3 * 0.856 0.850 0.825
5.0 0.904 0.904 0.891 3 * 0.911 0.910 0.891
5.5 0.940 0.940 0.932 3 * 0.948 0.941 0.932
6.0 0.960 0.960 0.955 3 * 0.963 0.962 0.955
6.5 0.971 0.971 0.969 3 * 0.971 0.973 0.969
7.0 0.986 0.986 0.984 3 * 0.986 0.987 0.984
7.5 0.988 0.988 0.986 3 * 0.990 0.989 0.986
8.0 0.993 0.993 0.992 3 * 0.994 0.994 0.992
8.5 0.995 0.995 0.994 3 * 0.997 0.996 0.994
9.0 0.997 0.997 0.996 3 * 0.997 0.997 0.996
9.5 0.999 0.999 0.999 3 * 0.998 0.999 0.999
10.0 0.998 0.998 0.998 3 * 0.999 0.999 0.998
0.5 0.003 0.003 0.006 3 * 0.000 0.001 0.006
1.0 0.008 0.011 0.013 3 * 0.003 0.007 0.013
1.5 0.033 0.039 0.037 3 * 0.023 0.027 0.037
2.0 0.094 0.092 0.082 3 * 0.102 0.081 0.082
2.5 0.251 0.255 0.202 3 * 0.225 0.295 0.202
3.0 0.426 0.421 0.343 3 * 0.443 0.455 0.343
3.5 0.621 0.621 0.548 3 * 0.668 0.648 0.548
4.0 0.769 0.769 0.725 3 * 0.801 0.782 0.725
4.5 0.845 0.845 0.824 3 * 0.857 0.854 0.824
5.0 0.912 0.912 0.902 3 * 0.919 0.917 0.902
5.5 0.939 0.939 0.932 3 * 0.946 0.941 0.932
6.0 0.964 0.964 0.957 3 * 0.970 0.964 0.957
6.5 0.977 0.977 0.975 3 * 0.979 0.978 0.975
7.0 0.986 0.986 0.984 3 * 0.988 0.987 0.984
7.5 0.990 0.990 0.988 3 * 0.991 0.991 0.988
8.0 0.994 0.994 0.993 3 * 0.996 0.994 0.993
8.5 0.995 0.995 0.995 3 * 0.994 0.995 0.995
9.0 0.997 0.997 0.997 3 * 0.997 0.998 0.997
9.5 0.998 0.998 0.998 3 * 0.999 0.998 0.998
10.0 0.999 0.999 0.999 3 * 1.000 0.999 0.999
0.5 0.003 0.004 0.006 3 * 0.000 0.001 0.006
1.0 0.006 0.010 0.012 3 * 0.001 0.003 0.012
1.5 0.031 0.037 0.035 3 * 0.023 0.025 0.035
2.0 0.095 0.093 0.086 3 * 0.092 0.095 0.086
2.5 0.251 0.255 0.204 3 * 0.224 0.294 0.204
3.0 0.413 0.407 0.334 3 * 0.431 0.439 0.334
3.5 0.564 0.564 0.506 3 * 0.583 0.602 0.506
4.0 0.771 0.771 0.732 3 * 0.797 0.783 0.732
4.5 0.842 0.842 0.821 3 * 0.853 0.852 0.821
5.0 0.902 0.902 0.891 3 * 0.910 0.904 0.891
5.5 0.939 0.939 0.932 3 * 0.946 0.940 0.932
6.0 0.959 0.959 0.957 3 * 0.960 0.961 0.957
6.5 0.978 0.978 0.973 3 * 0.981 0.979 0.973
7.0 0.983 0.983 0.981 3 * 0.984 0.983 0.981
7.5 0.989 0.989 0.988 3 * 0.990 0.990 0.988
8.0 0.992 0.992 0.991 3 * 0.994 0.992 0.991
8.5 0.995 0.995 0.994 3 * 0.997 0.995 0.994
9.0 0.997 0.997 0.996 3 * 0.997 0.996 0.996
9.5 0.998 0.998 0.998 3 * 0.997 0.998 0.998
10.0 0.999 0.999 0.999 3 * 1.000 1.000 0.999
0.5 0.003 0.003 0.005 3 * 0.000 0.001 0.005
1.0 0.006 0.009 0.011 3 * 0.001 0.004 0.011
1.5 0.033 0.040 0.037 3 * 0.020 0.028 0.037
2.0 0.079 0.092 0.082 3 * 0.045 0.090 0.082
2.5 0.249 0.244 0.206 3 * 0.230 0.281 0.206
3.0 0.429 0.421 0.355 3 * 0.439 0.457 0.355
3.5 0.619 0.619 0.550 3 * 0.662 0.646 0.550
4.0 0.760 0.760 0.712 3 * 0.791 0.777 0.712
4.5 0.849 0.849 0.827 3 * 0.864 0.855 0.827
5.0 0.904 0.904 0.886 3 * 0.915 0.911 0.886
5.5 0.942 0.942 0.933 3 * 0.950 0.944 0.933
6.0 0.961 0.961 0.955 3 * 0.966 0.963 0.955
6.5 0.975 0.975 0.972 3 * 0.977 0.977 0.972
7.0 0.983 0.983 0.980 3 * 0.984 0.984 0.980
7.5 0.991 0.991 0.989 3 * 0.991 0.992 0.989
8.0 0.993 0.993 0.991 3 * 0.995 0.994 0.991
8.5 0.995 0.995 0.993 3 * 0.997 0.995 0.993
9.0 0.996 0.996 0.996 3 * 0.997 0.996 0.996
9.5 0.999 0.999 0.999 3 * 1.000 0.999 0.999
10.0 0.998 0.998 0.998 3 * 0.999 0.999 0.998
0.5 0.003 0.003 0.006 3 * 0.001 0.001 0.006
1.0 0.007 0.011 0.013 3 * 0.001 0.007 0.013
1.5 0.035 0.039 0.036 3 * 0.028 0.029 0.036
2.0 0.083 0.094 0.090 3 * 0.062 0.085 0.090
2.5 0.217 0.228 0.188 3 * 0.176 0.263 0.188
3.0 0.417 0.412 0.337 3 * 0.424 0.452 0.337
3.5 0.584 0.584 0.527 3 * 0.612 0.613 0.527
4.0 0.760 0.760 0.710 3 * 0.790 0.778 0.710
4.5 0.854 0.854 0.834 3 * 0.866 0.861 0.834
5.0 0.904 0.904 0.894 3 * 0.912 0.907 0.894
5.5 0.940 0.940 0.935 3 * 0.942 0.942 0.935
6.0 0.964 0.964 0.957 3 * 0.968 0.965 0.957
6.5 0.976 0.976 0.973 3 * 0.978 0.978 0.973
7.0 0.984 0.984 0.981 3 * 0.986 0.985 0.981
7.5 0.992 0.992 0.990 3 * 0.993 0.993 0.990
8.0 0.993 0.993 0.991 3 * 0.994 0.993 0.991
8.5 0.996 0.996 0.995 3 * 0.997 0.996 0.995
9.0 0.997 0.997 0.996 3 * 0.997 0.996 0.996
9.5 0.999 0.999 0.998 3 * 0.999 0.999 0.998
10.0 0.999 0.999 0.999 3 * 0.999 1.000 0.999
0.5 0.003 0.003 0.006 3 * 0.000 0.001 0.006
1.0 0.008 0.009 0.011 3 * 0.006 0.005 0.011
1.5 0.052 0.047 0.040 3 * 0.058 0.039 0.040
2.0 0.101 0.096 0.080 3 * 0.101 0.094 0.080
2.5 0.262 0.263 0.197 3 * 0.274 0.287 0.197
3.0 0.392 0.386 0.338 3 * 0.360 0.444 0.338
3.5 0.608 0.608 0.550 3 * 0.640 0.635 0.550
4.0 0.758 0.758 0.702 3 * 0.797 0.776 0.702
4.5 0.846 0.846 0.827 3 * 0.858 0.853 0.827
5.0 0.899 0.899 0.891 3 * 0.903 0.902 0.891
5.5 0.938 0.938 0.932 3 * 0.941 0.940 0.932
6.0 0.956 0.956 0.952 3 * 0.957 0.958 0.952
6.5 0.977 0.977 0.973 3 * 0.980 0.978 0.973
7.0 0.982 0.982 0.981 3 * 0.983 0.983 0.981
7.5 0.988 0.988 0.987 3 * 0.989 0.989 0.987
8.0 0.992 0.992 0.990 3 * 0.993 0.993 0.990
8.5 0.997 0.997 0.996 3 * 0.998 0.998 0.996
9.0 0.998 0.998 0.998 3 * 0.999 0.998 0.998
9.5 0.999 0.999 0.998 3 * 0.999 0.999 0.998
10.0 0.999 0.999 0.999 3 * 0.999 0.999 0.999
0.5 0.003 0.003 0.006 3 * 0.000 0.001 0.006
1.0 0.009 0.011 0.013 3 * 0.006 0.007 0.013
1.5 0.035 0.038 0.035 3 * 0.022 0.034 0.035
2.0 0.091 0.095 0.088 3 * 0.078 0.093 0.088
2.5 0.212 0.208 0.170 3 * 0.213 0.229 0.170
3.0 0.405 0.398 0.335 3 * 0.410 0.435 0.335
3.5 0.601 0.601 0.546 3 * 0.631 0.627 0.546
4.0 0.775 0.775 0.729 3 * 0.808 0.790 0.729
4.5 0.844 0.844 0.823 3 * 0.856 0.853 0.823
5.0 0.901 0.901 0.889 3 * 0.910 0.903 0.889
5.5 0.941 0.941 0.933 3 * 0.945 0.944 0.933
6.0 0.965 0.965 0.958 3 * 0.971 0.965 0.958
6.5 0.977 0.977 0.974 3 * 0.981 0.977 0.974
7.0 0.984 0.984 0.981 3 * 0.987 0.984 0.981
7.5 0.991 0.991 0.990 3 * 0.991 0.991 0.990
8.0 0.994 0.994 0.992 3 * 0.995 0.993 0.992
8.5 0.995 0.995 0.994 3 * 0.995 0.995 0.994
9.0 0.997 0.997 0.997 3 * 0.997 0.997 0.997
9.5 0.998 0.998 0.998 3 * 0.998 0.998 0.998
10.0 0.999 0.999 0.999 3 * 1.000 0.999 0.999
0.5 0.003 0.003 0.006 3 * 0.000 0.001 0.006
1.0 0.006 0.008 0.011 3 * 0.002 0.007 0.011
1.5 0.035 0.038 0.034 3 * 0.021 0.035 0.034
2.0 0.088 0.094 0.086 3 * 0.066 0.095 0.086
2.5 0.245 0.244 0.187 3 * 0.255 0.267 0.187
3.0 0.400 0.392 0.340 3 * 0.376 0.444 0.340
3.5 0.620 0.620 0.544 3 * 0.665 0.650 0.544
4.0 0.762 0.762 0.713 3 * 0.796 0.778 0.713
4.5 0.847 0.847 0.826 3 * 0.861 0.853 0.826
5.0 0.910 0.910 0.898 3 * 0.920 0.913 0.898
5.5 0.940 0.940 0.933 3 * 0.945 0.942 0.933
6.0 0.959 0.959 0.953 3 * 0.962 0.961 0.953
6.5 0.974 0.974 0.971 3 * 0.976 0.975 0.971
7.0 0.985 0.985 0.982 3 * 0.988 0.985 0.982
7.5 0.987 0.987 0.986 3 * 0.988 0.989 0.986
8.0 0.993 0.993 0.992 3 * 0.994 0.993 0.992
8.5 0.996 0.996 0.996 3 * 0.997 0.996 0.996
9.0 0.996 0.996 0.995 3 * 0.995 0.996 0.995
9.5 0.998 0.998 0.997 3 * 0.999 0.998 0.997
10.0 0.999 0.999 0.999 3 * 1.000 0.999 0.999
0.5 0.003 0.003 0.006 3 * 0.000 0.001 0.006
1.0 0.007 0.010 0.012 3 * 0.003 0.005 0.012
1.5 0.029 0.037 0.035 3 * 0.011 0.027 0.035
2.0 0.080 0.087 0.082 3 * 0.065 0.077 0.082
2.5 0.234 0.230 0.192 3 * 0.220 0.263 0.192
3.0 0.412 0.407 0.340 3 * 0.403 0.455 0.340
3.5 0.607 0.607 0.538 3 * 0.647 0.636 0.538
4.0 0.759 0.759 0.717 3 * 0.788 0.772 0.717
4.5 0.845 0.845 0.823 3 * 0.861 0.853 0.823
5.0 0.904 0.904 0.893 3 * 0.911 0.907 0.893
5.5 0.940 0.940 0.932 3 * 0.946 0.941 0.932
6.0 0.959 0.959 0.955 3 * 0.963 0.960 0.955
6.5 0.973 0.973 0.970 3 * 0.975 0.974 0.970
7.0 0.982 0.982 0.978 3 * 0.985 0.982 0.978
7.5 0.988 0.988 0.987 3 * 0.988 0.988 0.987
8.0 0.993 0.993 0.992 3 * 0.995 0.993 0.992
8.5 0.995 0.995 0.995 3 * 0.996 0.996 0.995
9.0 0.997 0.997 0.996 3 * 0.997 0.996 0.996
9.5 0.998 0.998 0.998 3 * 0.997 0.998 0.998
10.0 0.999 0.999 0.999 3 * 1.000 1.000 0.999
0.5 0.004 0.004 0.006 3 * 0.000 0.002 0.006
1.0 0.005 0.008 0.010 3 * 0.001 0.003 0.010
1.5 0.019 0.036 0.035 3 * 0.003 0.013 0.035
2.0 0.081 0.085 0.075 3 * 0.061 0.083 0.075
2.5 0.232 0.239 0.181 3 * 0.214 0.274 0.181
3.0 0.395 0.388 0.339 3 * 0.361 0.446 0.339
3.5 0.596 0.596 0.536 3 * 0.626 0.627 0.536
4.0 0.762 0.762 0.710 3 * 0.797 0.778 0.710
4.5 0.848 0.848 0.823 3 * 0.864 0.855 0.823
5.0 0.907 0.907 0.894 3 * 0.917 0.910 0.894
5.5 0.940 0.940 0.931 3 * 0.948 0.941 0.931
6.0 0.961 0.961 0.955 3 * 0.966 0.961 0.955
6.5 0.976 0.976 0.972 3 * 0.980 0.976 0.972
7.0 0.984 0.984 0.982 3 * 0.987 0.984 0.982
7.5 0.989 0.989 0.988 3 * 0.989 0.989 0.988
8.0 0.994 0.994 0.992 3 * 0.997 0.995 0.992
8.5 0.995 0.995 0.994 3 * 0.995 0.994 0.994
9.0 0.997 0.997 0.997 3 * 0.997 0.997 0.997
9.5 0.998 0.998 0.997 3 * 0.999 0.998 0.997
10.0 0.999 0.999 0.999 3 * 0.999 0.999 0.999
0.5 0.003 0.003 0.006 3 * 0.000 0.001 0.006
1.0 0.007 0.012 0.014 3 * 0.002 0.005 0.014
1.5 0.033 0.037 0.034 3 * 0.024 0.027 0.034
2.0 0.092 0.089 0.082 3 * 0.097 0.079 0.082
2.5 0.225 0.229 0.194 3 * 0.192 0.265 0.194
3.0 0.427 0.422 0.354 3 * 0.437 0.461 0.354
3.5 0.603 0.603 0.536 3 * 0.636 0.637 0.536
4.0 0.765 0.765 0.717 3 * 0.799 0.779 0.717
4.5 0.850 0.850 0.833 3 * 0.863 0.855 0.833
5.0 0.908 0.908 0.897 3 * 0.915 0.911 0.897
5.5 0.940 0.940 0.933 3 * 0.946 0.941 0.933
6.0 0.963 0.963 0.958 3 * 0.966 0.965 0.958
6.5 0.977 0.977 0.975 3 * 0.979 0.976 0.975
7.0 0.982 0.982 0.980 3 * 0.983 0.984 0.980
7.5 0.992 0.992 0.991 3 * 0.992 0.993 0.991
8.0 0.992 0.992 0.991 3 * 0.992 0.993 0.991
8.5 0.996 0.996 0.994 3 * 0.996 0.996 0.994
9.0 0.998 0.998 0.997 3 * 0.999 0.998 0.997
9.5 0.998 0.998 0.998 3 * 0.997 0.998 0.998
10.0 0.999 0.999 0.999 3 * 0.999 0.999 0.999
0.5 0.003 0.003 0.006 3 * 0.000 0.001 0.006
1.0 0.008 0.011 0.013 3 * 0.004 0.007 0.013
1.5 0.029 0.039 0.037 3 * 0.003 0.033 0.037
2.0 0.097 0.102 0.094 3 * 0.080 0.105 0.094
2.5 0.225 0.224 0.180 3 * 0.216 0.254 0.180
3.0 0.394 0.387 0.336 3 * 0.363 0.444 0.336
3.5 0.596 0.596 0.536 3 * 0.629 0.623 0.536
4.0 0.764 0.764 0.719 3 * 0.796 0.777 0.719
4.5 0.852 0.852 0.832 3 * 0.865 0.858 0.832
5.0 0.907 0.907 0.895 3 * 0.917 0.909 0.895
5.5 0.938 0.938 0.932 3 * 0.942 0.940 0.932
6.0 0.964 0.964 0.959 3 * 0.968 0.966 0.959
6.5 0.974 0.974 0.970 3 * 0.978 0.975 0.970
7.0 0.981 0.981 0.982 3 * 0.980 0.982 0.982
7.5 0.989 0.989 0.988 3 * 0.990 0.990 0.988
8.0 0.992 0.992 0.992 3 * 0.993 0.992 0.992
8.5 0.996 0.996 0.995 3 * 0.997 0.996 0.995
9.0 0.997 0.997 0.996 3 * 0.997 0.996 0.996
9.5 0.997 0.997 0.998 3 * 0.997 0.998 0.998
10.0 0.999 0.999 0.999 3 * 0.999 0.999 0.999
0.5 0.003 0.003 0.006 3 * 0.000 0.001 0.006
1.0 0.007 0.010 0.012 3 * 0.001 0.005 0.012
1.5 0.038 0.040 0.037 3 * 0.032 0.030 0.037
2.0 0.087 0.087 0.082 3 * 0.085 0.078 0.082
2.5 0.215 0.212 0.179 3 * 0.203 0.239 0.179
3.0 0.443 0.438 0.369 3 * 0.447 0.481 0.369
3.5 0.589 0.589 0.526 3 * 0.623 0.620 0.526
4.0 0.753 0.753 0.707 3 * 0.784 0.767 0.707
4.5 0.850 0.850 0.827 3 * 0.866 0.857 0.827
5.0 0.903 0.903 0.892 3 * 0.911 0.907 0.892
5.5 0.936 0.936 0.930 3 * 0.939 0.937 0.930
6.0 0.958 0.958 0.954 3 * 0.962 0.960 0.954
6.5 0.975 0.975 0.971 3 * 0.978 0.976 0.971
7.0 0.984 0.984 0.981 3 * 0.987 0.985 0.981
7.5 0.991 0.991 0.990 3 * 0.991 0.991 0.990
8.0 0.993 0.993 0.992 3 * 0.994 0.993 0.992
8.5 0.995 0.995 0.994 3 * 0.997 0.995 0.994
9.0 0.997 0.997 0.996 3 * 0.997 0.997 0.996
9.5 0.998 0.998 0.998 3 * 0.998 0.998 0.998
10.0 0.999 0.999 0.998 3 * 0.999 0.999 0.998
0.5 0.003 0.004 0.006 3 * 0.000 0.002 0.006
1.0 0.008 0.010 0.011 3 * 0.004 0.007 0.011
1.5 0.047 0.043 0.038 3 * 0.045 0.039 0.038
2.0 0.079 0.091 0.085 3 * 0.050 0.085 0.085
2.5 0.231 0.228 0.192 3 * 0.213 0.262 0.192
3.0 0.385 0.376 0.346 3 * 0.337 0.439 0.346
3.5 0.602 0.602 0.530 3 * 0.646 0.631 0.530
4.0 0.776 0.776 0.727 3 * 0.810 0.790 0.727
4.5 0.859 0.859 0.838 3 * 0.875 0.864 0.838
5.0 0.907 0.907 0.895 3 * 0.918 0.909 0.895
5.5 0.946 0.946 0.936 3 * 0.953 0.948 0.936
6.0 0.963 0.963 0.958 3 * 0.967 0.964 0.958
6.5 0.976 0.976 0.972 3 * 0.980 0.975 0.972
7.0 0.981 0.981 0.979 3 * 0.983 0.980 0.979
7.5 0.987 0.987 0.985 3 * 0.989 0.987 0.985
8.0 0.994 0.994 0.992 3 * 0.996 0.995 0.992
8.5 0.996 0.996 0.995 3 * 0.996 0.996 0.995
9.0 0.996 0.996 0.995 3 * 0.997 0.997 0.995
9.5 0.999 0.999 0.998 3 * 1.000 0.999 0.998
10.0 1.000 1.000 0.999 3 * 1.000 1.000 0.999
0.5 0.003 0.003 0.006 3 * 0.001 0.002 0.006
1.0 0.006 0.009 0.011 3 * 0.002 0.004 0.011
1.5 0.028 0.038 0.036 3 * 0.004 0.032 0.036
2.0 0.084 0.086 0.082 3 * 0.078 0.079 0.082
2.5 0.228 0.224 0.190 3 * 0.207 0.258 0.190
3.0 0.425 0.421 0.346 3 * 0.432 0.462 0.346
3.5 0.594 0.594 0.527 3 * 0.628 0.627 0.527
4.0 0.752 0.752 0.700 3 * 0.788 0.769 0.700
4.5 0.850 0.850 0.830 3 * 0.864 0.857 0.830
5.0 0.907 0.907 0.895 3 * 0.916 0.909 0.895
5.5 0.939 0.939 0.930 3 * 0.946 0.940 0.930
6.0 0.961 0.961 0.955 3 * 0.965 0.963 0.955
6.5 0.976 0.976 0.972 3 * 0.979 0.977 0.972
7.0 0.985 0.985 0.982 3 * 0.988 0.985 0.982
7.5 0.990 0.990 0.988 3 * 0.992 0.990 0.988
8.0 0.992 0.992 0.992 3 * 0.994 0.992 0.992
8.5 0.995 0.995 0.995 3 * 0.995 0.996 0.995
9.0 0.996 0.996 0.996 3 * 0.997 0.996 0.996
9.5 0.999 0.999 0.998 3 * 1.000 1.000 0.998
10.0 0.999 0.999 0.999 3 * 1.000 0.999 0.999
0.5 0.003 0.003 0.006 3 * 0.000 0.001 0.006
1.0 0.008 0.010 0.012 3 * 0.003 0.006 0.012
1.5 0.033 0.039 0.037 3 * 0.023 0.026 0.037
2.0 0.070 0.081 0.076 3 * 0.046 0.068 0.076
2.5 0.239 0.236 0.189 3 * 0.240 0.263 0.189
3.0 0.426 0.421 0.350 3 * 0.433 0.461 0.350
3.5 0.612 0.612 0.545 3 * 0.652 0.639 0.545
4.0 0.756 0.756 0.704 3 * 0.794 0.771 0.704
4.5 0.856 0.856 0.838 3 * 0.868 0.863 0.838
5.0 0.907 0.907 0.896 3 * 0.916 0.909 0.896
5.5 0.942 0.942 0.936 3 * 0.945 0.944 0.936
6.0 0.962 0.962 0.956 3 * 0.966 0.964 0.956
6.5 0.976 0.976 0.972 3 * 0.979 0.977 0.972
7.0 0.984 0.984 0.982 3 * 0.986 0.984 0.982
7.5 0.989 0.989 0.987 3 * 0.991 0.990 0.987
8.0 0.993 0.993 0.992 3 * 0.994 0.993 0.992
8.5 0.996 0.996 0.995 3 * 0.997 0.995 0.995
9.0 0.998 0.998 0.997 3 * 0.998 0.998 0.997
9.5 0.998 0.998 0.998 3 * 0.998 0.998 0.998
10.0 0.999 0.999 0.998 3 * 0.999 0.999 0.998
0.5 0.003 0.003 0.006 3 * 0.000 0.001 0.006
1.0 0.007 0.009 0.011 3 * 0.003 0.004 0.011
1.5 0.030 0.039 0.037 3 * 0.018 0.025 0.037
2.0 0.096 0.098 0.082 3 * 0.083 0.098 0.082
2.5 0.246 0.248 0.186 3 * 0.256 0.272 0.186
3.0 0.427 0.420 0.349 3 * 0.433 0.461 0.349
3.5 0.604 0.604 0.537 3 * 0.644 0.632 0.537
4.0 0.760 0.760 0.711 3 * 0.793 0.775 0.711
4.5 0.857 0.857 0.839 3 * 0.867 0.864 0.839
5.0 0.899 0.899 0.889 3 * 0.905 0.902 0.889
5.5 0.936 0.936 0.931 3 * 0.939 0.939 0.931
6.0 0.962 0.962 0.955 3 * 0.967 0.964 0.955
6.5 0.973 0.973 0.971 3 * 0.975 0.974 0.971
7.0 0.985 0.985 0.981 3 * 0.988 0.985 0.981
7.5 0.988 0.988 0.986 3 * 0.988 0.988 0.986
8.0 0.993 0.993 0.992 3 * 0.993 0.994 0.992
8.5 0.996 0.996 0.996 3 * 0.996 0.997 0.996
9.0 0.996 0.996 0.995 3 * 0.996 0.997 0.995
9.5 0.998 0.998 0.997 3 * 0.998 0.998 0.997
10.0 0.999 0.999 0.999 3 * 0.999 0.999 0.999
0.5 0.003 0.003 0.006 3 * 0.000 0.001 0.006
1.0 0.007 0.009 0.011 3 * 0.004 0.004 0.011
1.5 0.029 0.038 0.035 3 * 0.016 0.025 0.035
2.0 0.087 0.087 0.081 3 * 0.089 0.075 0.081
2.5 0.243 0.243 0.185 3 * 0.244 0.273 0.185
3.0 0.434 0.429 0.362 3 * 0.436 0.472 0.362
3.5 0.615 0.615 0.538 3 * 0.666 0.641 0.538
4.0 0.755 0.755 0.705 3 * 0.792 0.767 0.705
4.5 0.855 0.855 0.837 3 * 0.866 0.861 0.837
5.0 0.905 0.905 0.894 3 * 0.914 0.908 0.894
5.5 0.938 0.938 0.933 3 * 0.940 0.940 0.933
6.0 0.962 0.962 0.957 3 * 0.967 0.963 0.957
6.5 0.976 0.976 0.972 3 * 0.980 0.975 0.972
7.0 0.986 0.986 0.986 3 * 0.986 0.987 0.986
7.5 0.988 0.988 0.987 3 * 0.988 0.989 0.987
8.0 0.992 0.992 0.992 3 * 0.992 0.993 0.992
8.5 0.996 0.996 0.995 3 * 0.997 0.997 0.995
9.0 0.998 0.998 0.998 3 * 0.999 0.998 0.998
9.5 0.998 0.998 0.998 3 * 0.999 0.999 0.998
10.0 0.999 0.999 0.998 3 * 0.999 0.999 0.998
0.5 0.003 0.003 0.006 3 * 0.000 0.002 0.006
1.0 0.008 0.012 0.014 3 * 0.003 0.007 0.014
1.5 0.026 0.038 0.036 3 * 0.005 0.027 0.036
2.0 0.059 0.075 0.070 3 * 0.029 0.061 0.070
2.5 0.227 0.225 0.195 3 * 0.192 0.265 0.195
3.0 0.393 0.387 0.343 3 * 0.363 0.443 0.343
3.5 0.610 0.610 0.540 3 * 0.657 0.635 0.540
4.0 0.763 0.763 0.714 3 * 0.795 0.780 0.714
4.5 0.846 0.846 0.829 3 * 0.857 0.852 0.829
5.0 0.910 0.910 0.899 3 * 0.917 0.914 0.899
5.5 0.941 0.941 0.935 3 * 0.945 0.943 0.935
6.0 0.964 0.964 0.958 3 * 0.969 0.965 0.958
6.5 0.971 0.971 0.968 3 * 0.974 0.972 0.968
7.0 0.982 0.982 0.980 3 * 0.984 0.983 0.980
7.5 0.990 0.990 0.989 3 * 0.989 0.990 0.989
8.0 0.993 0.993 0.993 3 * 0.992 0.994 0.993
8.5 0.996 0.996 0.994 3 * 0.997 0.996 0.994
9.0 0.997 0.997 0.997 3 * 0.998 0.997 0.997
9.5 0.999 0.999 0.998 3 * 0.999 0.999 0.998
10.0 0.999 0.999 0.998 3 * 1.000 0.999 0.998
0.5 0.003 0.003 0.006 3 * 0.000 0.001 0.006
1.0 0.007 0.010 0.012 3 * 0.001 0.005 0.012
1.5 0.039 0.038 0.035 3 * 0.041 0.029 0.035
2.0 0.095 0.093 0.083 3 * 0.093 0.095 0.083
2.5 0.235 0.233 0.182 3 * 0.238 0.259 0.182
3.0 0.379 0.373 0.321 3 * 0.343 0.433 0.321
3.5 0.625 0.625 0.558 3 * 0.667 0.649 0.558
4.0 0.761 0.761 0.710 3 * 0.795 0.778 0.710
4.5 0.852 0.852 0.829 3 * 0.869 0.858 0.829
5.0 0.907 0.907 0.898 3 * 0.913 0.909 0.898
5.5 0.939 0.939 0.931 3 * 0.945 0.941 0.931
6.0 0.962 0.962 0.957 3 * 0.966 0.964 0.957
6.5 0.976 0.976 0.973 3 * 0.977 0.976 0.973
7.0 0.982 0.982 0.980 3 * 0.984 0.982 0.980
7.5 0.989 0.989 0.988 3 * 0.989 0.989 0.988
8.0 0.993 0.993 0.991 3 * 0.994 0.994 0.991
8.5 0.996 0.996 0.995 3 * 0.997 0.997 0.995
9.0 0.998 0.998 0.998 3 * 0.997 0.998 0.998
9.5 0.999 0.999 0.998 3 * 1.000 0.999 0.998
10.0 0.999 0.999 0.999 3 * 0.999 0.999 0.999
0.5 0.003 0.003 0.006 3 * 0.000 0.001 0.006
1.0 0.006 0.008 0.011 3 * 0.000 0.005 0.011
1.5 0.039 0.040 0.036 3 * 0.027 0.036 0.036
2.0 0.084 0.090 0.081 3 * 0.064 0.089 0.081
2.5 0.225 0.225 0.180 3 * 0.209 0.259 0.180
3.0 0.411 0.405 0.334 3 * 0.406 0.450 0.334
3.5 0.579 0.579 0.518 3 * 0.606 0.612 0.518
4.0 0.759 0.759 0.713 3 * 0.789 0.775 0.713
4.5 0.848 0.848 0.829 3 * 0.860 0.857 0.829
5.0 0.905 0.905 0.895 3 * 0.913 0.908 0.895
5.5 0.939 0.939 0.933 3 * 0.943 0.941 0.933
6.0 0.959 0.959 0.955 3 * 0.964 0.959 0.955
6.5 0.973 0.973 0.969 3 * 0.976 0.973 0.969
7.0 0.984 0.984 0.982 3 * 0.986 0.986 0.982
7.5 0.989 0.989 0.987 3 * 0.991 0.990 0.987
8.0 0.994 0.994 0.992 3 * 0.995 0.994 0.992
8.5 0.996 0.996 0.994 3 * 0.997 0.997 0.994
9.0 0.997 0.997 0.997 3 * 0.998 0.998 0.997
9.5 0.999 0.999 0.999 3 * 0.999 0.999 0.999
10.0 1.000 1.000 0.999 3 * 1.000 1.000 0.999
0.5 0.003 0.003 0.006 3 * 0.000 0.001 0.006
1.0 0.007 0.010 0.012 3 * 0.002 0.005 0.012
1.5 0.038 0.037 0.035 3 * 0.035 0.031 0.035
2.0 0.062 0.077 0.070 3 * 0.021 0.072 0.070
2.5 0.252 0.250 0.201 3 * 0.238 0.286 0.201
3.0 0.412 0.407 0.334 3 * 0.418 0.446 0.334
3.5 0.583 0.583 0.523 3 * 0.612 0.614 0.523
4.0 0.753 0.753 0.705 3 * 0.785 0.767 0.705
4.5 0.850 0.850 0.829 3 * 0.868 0.854 0.829
5.0 0.899 0.899 0.888 3 * 0.906 0.903 0.888
5.5 0.939 0.939 0.932 3 * 0.943 0.941 0.932
6.0 0.962 0.962 0.958 3 * 0.966 0.963 0.958
6.5 0.975 0.975 0.971 3 * 0.979 0.976 0.971
7.0 0.983 0.983 0.980 3 * 0.985 0.985 0.980
7.5 0.990 0.990 0.987 3 * 0.992 0.990 0.987
8.0 0.994 0.994 0.993 3 * 0.996 0.995 0.993
8.5 0.995 0.995 0.995 3 * 0.996 0.995 0.995
9.0 0.997 0.997 0.996 3 * 0.997 0.997 0.996
9.5 0.999 0.999 0.999 3 * 0.999 0.999 0.999
10.0 0.999 0.999 0.998 3 * 0.999 0.999 0.998
0.5 0.003 0.003 0.006 3 * 0.000 0.001 0.006
1.0 0.007 0.008 0.010 3 * 0.004 0.004 0.010
1.5 0.030 0.036 0.034 3 * 0.019 0.027 0.034
2.0 0.066 0.078 0.074 3 * 0.049 0.061 0.074
2.5 0.247 0.242 0.202 3 * 0.237 0.272 0.202
3.0 0.402 0.397 0.340 3 * 0.378 0.451 0.340
3.5 0.596 0.596 0.528 3 * 0.631 0.629 0.528
4.0 0.767 0.767 0.717 3 * 0.802 0.781 0.717
4.5 0.850 0.850 0.830 3 * 0.863 0.857 0.830
5.0 0.909 0.909 0.897 3 * 0.917 0.914 0.897
5.5 0.934 0.934 0.926 3 * 0.940 0.937 0.926
6.0 0.957 0.957 0.954 3 * 0.960 0.958 0.954
6.5 0.974 0.974 0.972 3 * 0.975 0.976 0.972
7.0 0.986 0.986 0.983 3 * 0.989 0.987 0.983
7.5 0.990 0.990 0.988 3 * 0.992 0.992 0.988
8.0 0.994 0.994 0.992 3 * 0.995 0.993 0.992
8.5 0.995 0.995 0.995 3 * 0.995 0.996 0.995
9.0 0.998 0.998 0.996 3 * 0.999 0.998 0.996
9.5 0.997 0.997 0.997 3 * 0.996 0.997 0.997
10.0 0.998 0.998 0.998 3 * 0.998 0.999 0.998
0.5 0.003 0.003 0.006 3 * 0.000 0.001 0.006
1.0 0.009 0.012 0.014 3 * 0.004 0.008 0.014
1.5 0.031 0.036 0.034 3 * 0.028 0.022 0.034
2.0 0.091 0.085 0.074 3 * 0.099 0.072 0.074
2.5 0.232 0.238 0.182 3 * 0.216 0.272 0.182
3.0 0.378 0.374 0.327 3 * 0.337 0.437 0.327
3.5 0.601 0.601 0.531 3 * 0.640 0.632 0.531
4.0 0.769 0.769 0.722 3 * 0.801 0.783 0.722
4.5 0.847 0.847 0.825 3 * 0.862 0.853 0.825
5.0 0.905 0.905 0.892 3 * 0.915 0.910 0.892
5.5 0.934 0.934 0.929 3 * 0.939 0.935 0.929
6.0 0.964 0.964 0.959 3 * 0.966 0.965 0.959
6.5 0.973 0.973 0.970 3 * 0.974 0.975 0.970
7.0 0.983 0.983 0.982 3 * 0.984 0.985 0.982
7.5 0.988 0.988 0.987 3 * 0.990 0.988 0.987
8.0 0.992 0.992 0.991 3 * 0.993 0.993 0.991
8.5 0.995 0.995 0.994 3 * 0.996 0.995 0.994
9.0 0.998 0.998 0.997 3 * 0.999 0.998 0.997
9.5 0.999 0.999 0.999 3 * 0.999 0.999 0.999
10.0 0.998 0.998 0.998 3 * 0.998 0.999 0.998
0.5 0.003 0.003 0.005 3 * 0.000 0.001 0.005
1.0 0.008 0.012 0.014 3 * 0.002 0.006 0.014
1.5 0.028 0.038 0.035 3 * 0.000 0.033 0.035
2.0 0.085 0.084 0.076 3 * 0.094 0.066 0.076
2.5 0.255 0.252 0.199 3 * 0.255 0.281 0.199
3.0 0.430 0.424 0.353 3 * 0.431 0.467 0.353
3.5 0.619 0.619 0.553 3 * 0.657 0.649 0.553
4.0 0.775 0.775 0.728 3 * 0.810 0.786 0.728
4.5 0.848 0.848 0.826 3 * 0.867 0.852 0.826
5.0 0.904 0.904 0.893 3 * 0.911 0.908 0.893
5.5 0.939 0.939 0.931 3 * 0.945 0.942 0.931
6.0 0.966 0.966 0.958 3 * 0.972 0.968 0.958
6.5 0.969 0.969 0.967 3 * 0.969 0.970 0.967
7.0 0.982 0.982 0.980 3 * 0.982 0.983 0.980
7.5 0.990 0.990 0.987 3 * 0.991 0.990 0.987
8.0 0.993 0.993 0.991 3 * 0.995 0.994 0.991
8.5 0.995 0.995 0.995 3 * 0.995 0.996 0.995
9.0 0.998 0.998 0.997 3 * 0.999 0.998 0.997
9.5 0.998 0.998 0.997 3 * 0.999 0.999 0.997
10.0 0.998 0.998 0.998 3 * 0.999 0.999 0.998
0.5 0.003 0.003 0.006 3 * 0.000 0.001 0.006
1.0 0.007 0.011 0.013 3 * 0.001 0.008 0.013
1.5 0.038 0.041 0.038 3 * 0.030 0.032 0.038
2.0 0.068 0.081 0.072 3 * 0.029 0.077 0.072
2.5 0.238 0.237 0.188 3 * 0.235 0.267 0.188
3.0 0.421 0.415 0.346 3 * 0.430 0.453 0.346
3.5 0.600 0.600 0.536 3 * 0.636 0.627 0.536
4.0 0.761 0.761 0.714 3 * 0.793 0.776 0.714
4.5 0.854 0.854 0.839 3 * 0.864 0.859 0.839
5.0 0.904 0.904 0.895 3 * 0.908 0.907 0.895
5.5 0.939 0.939 0.933 3 * 0.943 0.942 0.933
6.0 0.961 0.961 0.957 3 * 0.965 0.962 0.957
6.5 0.972 0.972 0.969 3 * 0.973 0.974 0.969
7.0 0.984 0.984 0.981 3 * 0.987 0.984 0.981
7.5 0.990 0.990 0.987 3 * 0.992 0.991 0.987
8.0 0.993 0.993 0.992 3 * 0.994 0.993 0.992
8.5 0.995 0.995 0.993 3 * 0.995 0.995 0.993
9.0 0.997 0.997 0.996 3 * 0.998 0.997 0.996
9.5 0.999 0.999 0.998 3 * 0.999 0.999 0.998
10.0 0.999 0.999 0.999 3 * 0.999 0.999 0.999
0.5 0.003 0.003 0.006 3 * 0.000 0.001 0.006
1.0 0.007 0.011 0.012 3 * 0.002 0.006 0.012
1.5 0.039 0.038 0.035 3 * 0.038 0.031 0.035
2.0 0.075 0.085 0.079 3 * 0.047 0.076 0.079
2.5 0.213 0.241 0.196 3 * 0.139 0.276 0.196
3.0 0.385 0.379 0.339 3 * 0.343 0.441 0.339
3.5 0.597 0.597 0.524 3 * 0.636 0.629 0.524
4.0 0.765 0.765 0.723 3 * 0.790 0.780 0.723
4.5 0.856 0.856 0.834 3 * 0.872 0.861 0.834
5.0 0.903 0.903 0.890 3 * 0.912 0.906 0.890
5.5 0.941 0.941 0.935 3 * 0.947 0.942 0.935
6.0 0.967 0.967 0.960 3 * 0.972 0.968 0.960
6.5 0.974 0.974 0.969 3 * 0.978 0.974 0.969
7.0 0.982 0.982 0.980 3 * 0.983 0.982 0.980
7.5 0.991 0.991 0.989 3 * 0.993 0.992 0.989
8.0 0.992 0.992 0.993 3 * 0.991 0.994 0.993
8.5 0.996 0.996 0.995 3 * 0.997 0.995 0.995
9.0 0.997 0.997 0.996 3 * 0.997 0.997 0.996
9.5 0.999 0.999 0.997 3 * 1.000 0.999 0.997
10.0 0.999 0.999 0.998 3 * 0.999 0.998 0.998
0.5 0.003 0.003 0.006 3 * 0.000 0.001 0.006
1.0 0.010 0.011 0.013 3 * 0.006 0.009 0.013
1.5 0.027 0.038 0.036 3 * 0.016 0.020 0.036
2.0 0.085 0.090 0.076 3 * 0.065 0.090 0.076
2.5 0.223 0.215 0.183 3 * 0.215 0.242 0.183
3.0 0.408 0.399 0.356 3 * 0.380 0.454 0.356
3.5 0.619 0.619 0.559 3 * 0.655 0.645 0.559
4.0 0.766 0.766 0.718 3 * 0.798 0.780 0.718
4.5 0.854 0.854 0.834 3 * 0.870 0.857 0.834
5.0 0.908 0.908 0.898 3 * 0.918 0.910 0.898
5.5 0.940 0.940 0.932 3 * 0.947 0.940 0.932
6.0 0.962 0.962 0.959 3 * 0.964 0.964 0.959
6.5 0.975 0.975 0.971 3 * 0.977 0.977 0.971
7.0 0.985 0.985 0.982 3 * 0.988 0.986 0.982
7.5 0.989 0.989 0.986 3 * 0.992 0.990 0.986
8.0 0.992 0.992 0.991 3 * 0.993 0.992 0.991
8.5 0.997 0.997 0.995 3 * 0.998 0.997 0.995
9.0 0.997 0.997 0.996 3 * 0.997 0.997 0.996
9.5 0.998 0.998 0.998 3 * 0.999 0.999 0.998
10.0 0.999 0.999 0.998 3 * 1.000 0.999 0.998
0.5 0.003 0.003 0.006 3 * 0.000 0.001 0.006
1.0 0.006 0.009 0.011 3 * 0.002 0.005 0.011
1.5 0.040 0.039 0.034 3 * 0.049 0.027 0.034
2.0 0.059 0.079 0.072 3 * 0.011 0.072 0.072
2.5 0.239 0.242 0.198 3 * 0.209 0.280 0.198
3.0 0.395 0.388 0.341 3 * 0.355 0.449 0.341
3.5 0.573 0.573 0.517 3 * 0.599 0.604 0.517
4.0 0.769 0.769 0.725 3 * 0.799 0.783 0.725
4.5 0.851 0.851 0.832 3 * 0.865 0.857 0.832
5.0 0.905 0.905 0.893 3 * 0.913 0.908 0.893
5.5 0.942 0.942 0.935 3 * 0.949 0.942 0.935
6.0 0.962 0.962 0.957 3 * 0.966 0.964 0.957
6.5 0.973 0.973 0.970 3 * 0.977 0.974 0.970
7.0 0.982 0.982 0.980 3 * 0.982 0.984 0.980
7.5 0.989 0.989 0.987 3 * 0.992 0.989 0.987
8.0 0.992 0.992 0.992 3 * 0.992 0.993 0.992
8.5 0.995 0.995 0.995 3 * 0.994 0.996 0.995
9.0 0.997 0.997 0.996 3 * 0.998 0.996 0.996
9.5 0.998 0.998 0.998 3 * 0.999 0.998 0.998
10.0 0.998 0.998 0.998 3 * 0.999 0.998 0.998
0.5 0.003 0.003 0.006 3 * 0.000 0.001 0.006
1.0 0.007 0.010 0.012 3 * 0.001 0.006 0.012
1.5 0.031 0.037 0.035 3 * 0.023 0.025 0.035
2.0 0.084 0.094 0.088 3 * 0.058 0.093 0.088
2.5 0.258 0.254 0.202 3 * 0.258 0.282 0.202
3.0 0.436 0.430 0.358 3 * 0.449 0.467 0.358
3.5 0.604 0.604 0.536 3 * 0.642 0.636 0.536
4.0 0.777 0.777 0.733 3 * 0.808 0.790 0.733
4.5 0.849 0.849 0.832 3 * 0.861 0.855 0.832
5.0 0.906 0.906 0.895 3 * 0.915 0.908 0.895
5.5 0.940 0.940 0.932 3 * 0.944 0.942 0.932
6.0 0.964 0.964 0.959 3 * 0.967 0.966 0.959
6.5 0.976 0.976 0.973 3 * 0.979 0.977 0.973
7.0 0.985 0.985 0.983 3 * 0.987 0.984 0.983
7.5 0.990 0.990 0.989 3 * 0.991 0.991 0.989
8.0 0.993 0.993 0.991 3 * 0.994 0.992 0.991
8.5 0.995 0.995 0.994 3 * 0.996 0.996 0.994
9.0 0.997 0.997 0.997 3 * 0.998 0.997 0.997
9.5 0.998 0.998 0.997 3 * 0.998 0.998 0.997
10.0 0.998 0.998 0.998 3 * 0.998 0.999 0.998
0.5 0.003 0.003 0.006 3 * 0.000 0.001 0.006
1.0 0.006 0.009 0.011 3 * 0.001 0.003 0.011
1.5 0.034 0.035 0.033 3 * 0.036 0.022 0.033
2.0 0.092 0.089 0.079 3 * 0.102 0.079 0.079
2.5 0.225 0.227 0.186 3 * 0.206 0.258 0.186
3.0 0.386 0.381 0.329 3 * 0.351 0.441 0.329
3.5 0.609 0.609 0.548 3 * 0.644 0.635 0.548
4.0 0.761 0.761 0.714 3 * 0.795 0.774 0.714
4.5 0.852 0.852 0.831 3 * 0.868 0.856 0.831
5.0 0.904 0.904 0.891 3 * 0.912 0.907 0.891
5.5 0.941 0.941 0.936 3 * 0.947 0.942 0.936
6.0 0.960 0.960 0.953 3 * 0.966 0.962 0.953
6.5 0.975 0.975 0.971 3 * 0.978 0.975 0.971
7.0 0.981 0.981 0.981 3 * 0.981 0.981 0.981
7.5 0.990 0.990 0.988 3 * 0.992 0.990 0.988
8.0 0.993 0.993 0.992 3 * 0.994 0.993 0.992
8.5 0.996 0.996 0.996 3 * 0.997 0.996 0.996
9.0 0.998 0.998 0.996 3 * 0.998 0.998 0.996
9.5 0.998 0.998 0.998 3 * 0.999 0.998 0.998
10.0 0.999 0.999 0.999 3 * 0.999 0.999 0.999
0.5 0.003 0.003 0.006 3 * 0.000 0.001 0.006
1.0 0.006 0.009 0.011 3 * 0.003 0.004 0.011
1.5 0.039 0.041 0.038 3 * 0.028 0.036 0.038
2.0 0.098 0.106 0.096 3 * 0.074 0.106 0.096
2.5 0.242 0.244 0.195 3 * 0.224 0.280 0.195
3.0 0.402 0.396 0.351 3 * 0.362 0.459 0.351
3.5 0.602 0.602 0.535 3 * 0.642 0.629 0.535
4.0 0.766 0.766 0.725 3 * 0.794 0.779 0.725
4.5 0.853 0.853 0.827 3 * 0.872 0.860 0.827
5.0 0.910 0.910 0.899 3 * 0.919 0.913 0.899
5.5 0.940 0.940 0.933 3 * 0.946 0.942 0.933
6.0 0.959 0.959 0.954 3 * 0.963 0.961 0.954
6.5 0.974 0.974 0.971 3 * 0.976 0.976 0.971
7.0 0.984 0.984 0.981 3 * 0.988 0.984 0.981
7.5 0.988 0.988 0.986 3 * 0.989 0.988 0.986
8.0 0.991 0.991 0.990 3 * 0.993 0.991 0.990
8.5 0.995 0.995 0.994 3 * 0.997 0.996 0.994
9.0 0.996 0.996 0.996 3 * 0.997 0.996 0.996
9.5 0.999 0.999 0.998 3 * 0.999 0.999 0.998
10.0 0.999 0.999 0.999 3 * 0.999 0.999 0.999
0.5 0.003 0.003 0.006 3 * 0.000 0.001 0.006
1.0 0.009 0.012 0.013 3 * 0.006 0.008 0.013
1.5 0.043 0.041 0.038 3 * 0.041 0.034 0.038
2.0 0.087 0.090 0.082 3 * 0.070 0.089 0.082
2.5 0.232 0.239 0.186 3 * 0.207 0.275 0.186
3.0 0.437 0.430 0.366 3 * 0.445 0.470 0.366
3.5 0.596 0.596 0.531 3 * 0.632 0.625 0.531
4.0 0.759 0.759 0.708 3 * 0.792 0.778 0.708
4.5 0.851 0.851 0.833 3 * 0.863 0.858 0.833
5.0 0.905 0.905 0.895 3 * 0.911 0.909 0.895
5.5 0.942 0.942 0.936 3 * 0.948 0.944 0.936
6.0 0.961 0.961 0.954 3 * 0.965 0.962 0.954
6.5 0.974 0.974 0.972 3 * 0.977 0.974 0.972
7.0 0.980 0.980 0.977 3 * 0.982 0.981 0.977
7.5 0.990 0.990 0.988 3 * 0.990 0.990 0.988
8.0 0.993 0.993 0.992 3 * 0.993 0.994 0.992
8.5 0.996 0.996 0.996 3 * 0.997 0.996 0.996
9.0 0.997 0.997 0.996 3 * 0.999 0.997 0.996
9.5 0.998 0.998 0.997 3 * 0.999 0.998 0.997
10.0 0.999 0.999 0.999 3 * 0.999 0.999 0.999
