0.5 0.000 0.000 0.000 1 * 1
1.0 0.033 0.024 0.016 1 * 2
1.5 0.252 0.183 0.127 1 * 3
2.0 0.451 0.326 0.227 1 * 3
2.5 0.421 0.377 0.289 2 * 3 7
3.0 0.610 0.561 0.461 2 * 3 9
3.5 0.689 0.657 0.544 3 * 3 9 12
4.0 0.741 0.736 0.653 3 * 3 9 18
4.5 0.841 0.841 0.818 3 * 3 9 26
5.0 0.910 0.910 0.900 3 * 3 9 27
5.5 0.941 0.941 0.931 3 * 3 9 27
6.0 0.961 0.961 0.956 3 * 3 9 27
6.5 0.973 0.973 0.970 3 * 3 9 27
7.0 0.986 0.986 0.984 3 * 3 9 27
7.5 0.991 0.991 0.989 3 * 3 9 27
8.0 0.995 0.995 0.993 3 * 3 9 27
8.5 0.996 0.996 0.995 3 * 3 9 27
9.0 0.997 0.997 0.997 3 * 3 9 27
9.5 0.998 0.998 0.998 3 * 3 9 27
10.0 0.999 0.999 0.999 3 * 3 9 27
0.5 0.000 0.000 0.000 1 * 1
1.0 0.000 0.000 0.000 1 * 1
1.5 0.268 0.194 0.135 1 * 3
2.0 0.439 0.318 0.221 1 * 3
2.5 0.411 0.362 0.270 2 * 3 7
3.0 0.577 0.534 0.447 2 * 3 10
3.5 0.659 0.625 0.534 3 * 3 9 12
4.0 0.739 0.734 0.649 3 * 3 9 18
4.5 0.837 0.837 0.806 3 * 3 9 25
5.0 0.908 0.908 0.896 3 * 3 9 27
5.5 0.938 0.938 0.930 3 * 3 9 27
6.0 0.963 0.963 0.958 3 * 3 9 27
6.5 0.976 0.976 0.971 3 * 3 9 27
7.0 0.986 0.986 0.983 3 * 3 9 27
7.5 0.990 0.990 0.988 3 * 3 9 27
8.0 0.994 0.994 0.993 3 * 3 9 27
8.5 0.996 0.996 0.995 3 * 3 9 27
9.0 0.997 0.997 0.996 3 * 3 9 27
9.5 0.998 0.998 0.997 3 * 3 9 27
10.0 0.999 0.999 0.999 3 * 3 9 27
0.5 0.000 0.000 0.000 1 * 1
1.0 0.000 0.000 0.000 1 * 1
1.5 0.268 0.194 0.135 1 * 3
2.0 0.348 0.264 0.193 1 * 4
2.5 0.427 0.384 0.299 2 * 3 8
3.0 0.563 0.524 0.445 2 * 3 10
3.5 0.650 0.609 0.527 2 * 3 12
4.0 0.745 0.741 0.660 3 * 3 9 18
4.5 0.849 0.849 0.823 3 * 3 9 26
5.0 0.907 0.907 0.893 3 * 3 9 27
5.5 0.941 0.941 0.934 3 * 3 9 27
6.0 0.956 0.956 0.953 3 * 3 9 27
6.5 0.974 0.974 0.970 3 * 3 9 27
7.0 0.984 0.984 0.981 3 * 3 9 27
7.5 0.991 0.991 0.988 3 * 3 9 27
8.0 0.994 0.994 0.992 3 * 3 9 27
8.5 0.995 0.995 0.994 3 * 3 9 27
9.0 0.996 0.996 0.996 3 * 3 9 27
9.5 0.999 0.999 0.998 3 * 3 9 27
10.0 0.999 0.999 0.998 3 * 3 9 27
0.5 0.000 0.000 0.000 1 * 1
1.0 0.000 0.000 0.000 1 * 2
1.5 0.244 0.177 0.123 1 * 3
2.0 0.447 0.323 0.224 1 * 3
2.5 0.424 0.378 0.288 2 * 3 7
3.0 0.614 0.565 0.466 2 * 3 9
3.5 0.672 0.643 0.537 3 * 3 9 13
4.0 0.742 0.742 0.662 3 * 3 9 19
4.5 0.835 0.835 0.808 3 * 3 9 25
5.0 0.906 0.906 0.893 3 * 3 9 27
5.5 0.942 0.942 0.935 3 * 3 9 27
6.0 0.958 0.958 0.954 3 * 3 9 27
6.5 0.977 0.977 0.973 3 * 3 9 27
7.0 0.985 0.985 0.981 3 * 3 9 27
7.5 0.988 0.988 0.987 3 * 3 9 27
8.0 0.992 0.992 0.991 3 * 3 9 27
8.5 0.996 0.996 0.995 3 * 3 9 27
9.0 0.996 0.996 0.995 3 * 3 9 27
9.5 0.998 0.998 0.997 3 * 3 9 27
10.0 0.999 0.999 0.998 3 * 3 9 27
0.5 0.000 0.000 0.000 1 * 1
1.0 0.023 0.017 0.011 1 * 2
1.5 0.266 0.193 0.134 1 * 3
2.0 0.340 0.258 0.189 1 * 4
2.5 0.415 0.374 0.291 2 * 3 8
3.0 0.607 0.557 0.458 2 * 3 9
3.5 0.690 0.657 0.548 3 * 3 9 12
4.0 0.737 0.737 0.659 3 * 3 9 19
4.5 0.848 0.848 0.823 3 * 3 9 26
5.0 0.912 0.912 0.901 3 * 3 9 27
5.5 0.937 0.937 0.929 3 * 3 9 27
6.0 0.964 0.964 0.958 3 * 3 9 27
6.5 0.975 0.975 0.969 3 * 3 9 27
7.0 0.983 0.983 0.981 3 * 3 9 27
7.5 0.989 0.989 0.987 3 * 3 9 27
8.0 0.995 0.995 0.993 3 * 3 9 27
8.5 0.997 0.997 0.996 3 * 3 9 27
9.0 0.997 0.997 0.996 3 * 3 9 27
9.5 0.998 0.998 0.998 3 * 3 9 27
10.0 1.000 1.000 0.999 3 * 3 9 27
0.5 0.000 0.000 0.000 1 * 1
1.0 0.000 0.000 0.000 1 * 1
1.5 0.240 0.174 0.121 1 * 3
2.0 0.339 0.259 0.191 1 * 4
2.5 0.404 0.353 0.264 2 * 3 6
3.0 0.571 0.530 0.449 2 * 3 10
3.5 0.682 0.638 0.548 2 * 3 11
4.0 0.736 0.736 0.668 3 * 3 9 19
4.5 0.855 0.855 0.837 3 * 3 9 27
5.0 0.903 0.903 0.893 3 * 3 9 27
5.5 0.947 0.947 0.938 3 * 3 9 27
6.0 0.961 0.961 0.956 3 * 3 9 27
6.5 0.975 0.975 0.974 3 * 3 9 27
7.0 0.982 0.982 0.980 3 * 3 9 27
7.5 0.990 0.990 0.988 3 * 3 9 27
8.0 0.994 0.994 0.993 3 * 3 9 27
8.5 0.996 0.996 0.995 3 * 3 9 27
9.0 0.997 0.997 0.997 3 * 3 9 27
9.5 0.999 0.999 0.998 3 * 3 9 27
10.0 0.999 0.999 0.999 3 * 3 9 27
0.5 0.000 0.000 0.000 1 * 1
1.0 0.000 0.000 0.000 1 * 1
1.5 0.254 0.184 0.129 1 * 3
2.0 0.438 0.317 0.220 1 * 3
2.5 0.427 0.385 0.299 2 * 3 8
3.0 0.596 0.547 0.450 2 * 3 9
3.5 0.679 0.650 0.548 3 * 3 9 13
4.0 0.753 0.752 0.670 3 * 3 9 19
4.5 0.844 0.844 0.816 3 * 3 9 26
5.0 0.908 0.908 0.897 3 * 3 9 27
5.5 0.934 0.934 0.928 3 * 3 9 27
6.0 0.961 0.961 0.958 3 * 3 9 27
6.5 0.975 0.975 0.971 3 * 3 9 27
7.0 0.983 0.983 0.980 3 * 3 9 27
7.5 0.990 0.990 0.987 3 * 3 9 27
8.0 0.993 0.993 0.992 3 * 3 9 27
8.5 0.996 0.996 0.995 3 * 3 9 27
9.0 0.998 0.998 0.997 3 * 3 9 27
9.5 0.999 0.999 0.998 3 * 3 9 27
10.0 0.999 0.999 0.999 3 * 3 9 27
0.5 0.000 0.000 0.000 1 * 1
1.0 0.000 0.000 0.000 1 * 1
1.5 0.254 0.184 0.128 1 * 3
2.0 0.449 0.324 0.225 1 * 3
2.5 0.438 0.397 0.315 2 * 3 9
3.0 0.611 0.563 0.466 2 * 3 9
3.5 0.671 0.643 0.539 3 * 3 9 13
4.0 0.739 0.738 0.657 3 * 3 9 19
4.5 0.850 0.850 0.825 3 * 3 9 26
5.0 0.906 0.906 0.896 3 * 3 9 27
5.5 0.940 0.940 0.934 3 * 3 9 27
6.0 0.959 0.959 0.954 3 * 3 9 27
6.5 0.971 0.971 0.969 3 * 3 9 27
7.0 0.984 0.984 0.980 3 * 3 9 27
7.5 0.990 0.990 0.988 3 * 3 9 27
8.0 0.995 0.995 0.993 3 * 3 9 27
8.5 0.995 0.995 0.994 3 * 3 9 27
9.0 0.997 0.997 0.996 3 * 3 9 27
9.5 0.998 0.998 0.997 3 * 3 9 27
10.0 0.999 0.999 0.999 3 * 3 9 27
0.5 0.000 0.000 0.000 1 * 1
1.0 0.000 0.000 0.000 1 * 1
1.5 0.251 0.182 0.127 1 * 3
2.0 0.329 0.248 0.181 1 * 4
2.5 0.382 0.342 0.260 2 * 3 8
3.0 0.617 0.566 0.465 2 * 3 9
3.5 0.668 0.626 0.542 2 * 3 11
4.0 0.740 0.740 0.662 3 * 3 9 19
4.5 0.853 0.853 0.828 3 * 3 9 26
5.0 0.904 0.904 0.891 3 * 3 9 27
5.5 0.937 0.937 0.929 3 * 3 9 27
6.0 0.959 0.959 0.955 3 * 3 9 27
6.5 0.974 0.974 0.972 3 * 3 9 27
7.0 0.982 0.982 0.980 3 * 3 9 27
7.5 0.989 0.989 0.988 3 * 3 9 27
8.0 0.991 0.991 0.990 3 * 3 9 27
8.5 0.996 0.996 0.995 3 * 3 9 27
9.0 0.997 0.997 0.996 3 * 3 9 27
9.5 0.998 0.998 0.997 3 * 3 9 27
10.0 0.998 0.998 0.998 3 * 3 9 27
0.5 0.000 0.000 0.000 1 * 1
1.0 0.000 0.000 0.000 1 * 1
1.5 0.262 0.190 0.132 1 * 3
2.0 0.440 0.318 0.221 1 * 3
2.5 0.421 0.379 0.296 2 * 3 8
3.0 0.607 0.558 0.459 2 * 3 9
3.5 0.651 0.612 0.534 2 * 3 12
4.0 0.741 0.734 0.648 3 * 3 9 18
4.5 0.846 0.846 0.821 3 * 3 9 26
5.0 0.901 0.901 0.889 3 * 3 9 27
5.5 0.937 0.937 0.929 3 * 3 9 27
6.0 0.962 0.962 0.959 3 * 3 9 27
6.5 0.976 0.976 0.973 3 * 3 9 27
7.0 0.983 0.983 0.981 3 * 3 9 27
7.5 0.987 0.987 0.986 3 * 3 9 27
8.0 0.994 0.994 0.993 3 * 3 9 27
8.5 0.997 0.997 0.996 3 * 3 9 27
9.0 0.998 0.998 0.997 3 * 3 9 27
9.5 0.998 0.998 0.997 3 * 3 9 27
10.0 0.999 0.999 0.998 3 * 3 9 27
0.5 0.000 0.000 0.000 1 * 1
1.0 0.000 0.000 0.000 1 * 1
1.5 0.242 0.175 0.123 1 * 3
2.0 0.284 0.222 0.168 1 * 5
2.5 0.426 0.386 0.305 2 * 3 8
3.0 0.611 0.562 0.464 2 * 3 9
3.5 0.687 0.654 0.546 3 * 3 9 12
4.0 0.729 0.729 0.650 3 * 3 9 19
4.5 0.846 0.846 0.821 3 * 3 9 26
5.0 0.906 0.906 0.894 3 * 3 9 27
5.5 0.940 0.940 0.933 3 * 3 9 27
6.0 0.960 0.960 0.955 3 * 3 9 27
6.5 0.975 0.975 0.972 3 * 3 9 27
7.0 0.983 0.983 0.981 3 * 3 9 27
7.5 0.990 0.990 0.988 3 * 3 9 27
8.0 0.992 0.992 0.991 3 * 3 9 27
8.5 0.997 0.997 0.996 3 * 3 9 27
9.0 0.997 0.997 0.996 3 * 3 9 27
9.5 0.999 0.999 0.998 3 * 3 9 27
10.0 0.999 0.999 0.999 3 * 3 9 27
0.5 0.000 0.000 0.000 1 * 1
1.0 0.000 0.000 0.000 1 * 1
1.5 0.251 0.182 0.127 1 * 3
2.0 0.450 0.325 0.226 1 * 3
2.5 0.403 0.363 0.284 2 * 3 8
3.0 0.606 0.557 0.459 2 * 3 9
3.5 0.677 0.649 0.543 3 * 3 9 13
4.0 0.739 0.733 0.651 3 * 3 9 18
4.5 0.848 0.848 0.823 3 * 3 9 26
5.0 0.908 0.908 0.897 3 * 3 9 27
5.5 0.942 0.942 0.934 3 * 3 9 27
6.0 0.960 0.960 0.954 3 * 3 9 27
6.5 0.976 0.976 0.973 3 * 3 9 27
7.0 0.983 0.983 0.979 3 * 3 9 27
7.5 0.989 0.989 0.988 3 * 3 9 27
8.0 0.993 0.993 0.993 3 * 3 9 27
8.5 0.995 0.995 0.995 3 * 3 9 27
9.0 0.998 0.998 0.997 3 * 3 9 27
9.5 0.998 0.998 0.998 3 * 3 9 27
10.0 0.999 0.999 0.998 3 * 3 9 27
0.5 0.000 0.000 0.000 1 * 1
1.0 0.000 0.000 0.000 1 * 1
1.5 0.247 0.179 0.125 1 * 3
2.0 0.460 0.332 0.231 1 * 3
2.5 0.419 0.374 0.284 2 * 3 7
3.0 0.605 0.557 0.460 2 * 3 9
3.5 0.695 0.663 0.553 3 * 3 9 12
4.0 0.746 0.740 0.651 3 * 3 9 18
4.5 0.854 0.854 0.828 3 * 3 9 26
5.0 0.910 0.910 0.898 3 * 3 9 27
5.5 0.944 0.944 0.935 3 * 3 9 27
6.0 0.962 0.962 0.956 3 * 3 9 27
6.5 0.977 0.977 0.973 3 * 3 9 27
7.0 0.983 0.983 0.980 3 * 3 9 27
7.5 0.989 0.989 0.987 3 * 3 9 27
8.0 0.993 0.993 0.993 3 * 3 9 27
8.5 0.996 0.996 0.995 3 * 3 9 27
9.0 0.997 0.997 0.997 3 * 3 9 27
9.5 0.998 0.998 0.997 3 * 3 9 27
10.0 1.000 1.000 0.999 3 * 3 9 27
0.5 0.000 0.000 0.000 1 * 1
1.0 0.000 0.000 0.000 1 * 1
1.5 0.234 0.170 0.118 1 * 3
2.0 0.443 0.320 0.222 1 * 3
2.5 0.411 0.367 0.279 2 * 3 7
3.0 0.576 0.535 0.454 2 * 3 10
3.5 0.682 0.650 0.540 3 * 3 9 12
4.0 0.746 0.746 0.667 3 * 3 9 19
4.5 0.852 0.852 0.833 3 * 3 9 27
5.0 0.904 0.904 0.893 3 * 3 9 27
5.5 0.941 0.941 0.934 3 * 3 9 27
6.0 0.964 0.964 0.957 3 * 3 9 27
6.5 0.977 0.977 0.972 3 * 3 9 27
7.0 0.984 0.984 0.982 3 * 3 9 27
7.5 0.989 0.989 0.988 3 * 3 9 27
8.0 0.992 0.992 0.991 3 * 3 9 27
8.5 0.997 0.997 0.995 3 * 3 9 27
9.0 0.997 0.997 0.996 3 * 3 9 27
9.5 0.997 0.997 0.997 3 * 3 9 27
10.0 0.999 0.999 0.999 3 * 3 9 27
0.5 0.000 0.000 0.000 1 * 1
1.0 0.000 0.000 0.000 1 * 1
1.5 0.251 0.182 0.127 1 * 3
2.0 0.455 0.329 0.228 1 * 3
2.5 0.391 0.349 0.265 2 * 3 7
3.0 0.566 0.523 0.436 2 * 3 10
3.5 0.679 0.650 0.540 3 * 3 9 13
4.0 0.737 0.736 0.653 3 * 3 9 19
4.5 0.846 0.846 0.819 3 * 3 9 26
5.0 0.909 0.909 0.896 3 * 3 9 27
5.5 0.937 0.937 0.930 3 * 3 9 27
6.0 0.963 0.963 0.957 3 * 3 9 27
6.5 0.973 0.973 0.968 3 * 3 9 27
7.0 0.982 0.982 0.980 3 * 3 9 27
7.5 0.989 0.989 0.988 3 * 3 9 27
8.0 0.993 0.993 0.991 3 * 3 9 27
8.5 0.996 0.996 0.996 3 * 3 9 27
9.0 0.997 0.997 0.996 3 * 3 9 27
9.5 0.998 0.998 0.997 3 * 3 9 27
10.0 0.999 0.999 0.999 3 * 3 9 27
0.5 0.000 0.000 0.000 1 * 1
1.0 0.000 0.000 0.000 1 * 1
1.5 0.238 0.173 0.121 1 * 3
2.0 0.454 0.329 0.228 1 * 3
2.5 0.419 0.374 0.283 2 * 3 7
3.0 0.602 0.554 0.458 2 * 3 9
3.5 0.694 0.661 0.558 3 * 3 9 12
4.0 0.741 0.740 0.659 3 * 3 9 19
4.5 0.842 0.842 0.816 3 * 3 9 26
5.0 0.910 0.910 0.898 3 * 3 9 27
5.5 0.940 0.940 0.933 3 * 3 9 27
6.0 0.962 0.962 0.958 3 * 3 9 27
6.5 0.975 0.975 0.970 3 * 3 9 27
7.0 0.984 0.984 0.982 3 * 3 9 27
7.5 0.989 0.989 0.987 3 * 3 9 27
8.0 0.994 0.994 0.992 3 * 3 9 27
8.5 0.998 0.998 0.996 3 * 3 9 27
9.0 0.997 0.997 0.997 3 * 3 9 27
9.5 0.997 0.997 0.997 3 * 3 9 27
10.0 0.999 0.999 0.998 3 * 3 9 27
0.5 0.000 0.000 0.000 1 * 1
1.0 0.020 0.014 0.010 1 * 2
1.5 0.176 0.131 0.095 1 * 4
2.0 0.332 0.253 0.186 1 * 4
2.5 0.405 0.366 0.288 2 * 3 8
3.0 0.576 0.536 0.454 2 * 3 10
3.5 0.695 0.663 0.554 3 * 3 9 12
4.0 0.748 0.738 0.647 3 * 3 9 17
4.5 0.840 0.840 0.815 3 * 3 9 26
5.0 0.915 0.915 0.903 3 * 3 9 27
5.5 0.945 0.945 0.938 3 * 3 9 27
6.0 0.960 0.960 0.955 3 * 3 9 27
6.5 0.977 0.977 0.973 3 * 3 9 27
7.0 0.985 0.985 0.983 3 * 3 9 27
7.5 0.989 0.989 0.988 3 * 3 9 27
8.0 0.993 0.993 0.991 3 * 3 9 27
8.5 0.995 0.995 0.994 3 * 3 9 27
9.0 0.998 0.998 0.997 3 * 3 9 27
9.5 0.998 0.998 0.998 3 * 3 9 27
10.0 0.998 0.998 0.998 3 * 3 9 27
0.5 0.000 0.000 0.000 1 * 1
1.0 0.000 0.000 0.000 1 * 1
1.5 0.266 0.193 0.134 1 * 3
2.0 0.449 0.325 0.226 1 * 3
2.5 0.401 0.352 0.262 2 * 3 7
3.0 0.603 0.555 0.460 2 * 3 9
3.5 0.693 0.664 0.555 3 * 3 9 13
4.0 0.751 0.751 0.671 3 * 3 9 19
4.5 0.842 0.842 0.814 3 * 3 9 26
5.0 0.908 0.908 0.895 3 * 3 9 27
5.5 0.940 0.940 0.930 3 * 3 9 27
6.0 0.961 0.961 0.955 3 * 3 9 27
6.5 0.977 0.977 0.973 3 * 3 9 27
7.0 0.982 0.982 0.980 3 * 3 9 27
7.5 0.988 0.988 0.987 3 * 3 9 27
8.0 0.992 0.992 0.991 3 * 3 9 27
8.5 0.996 0.996 0.995 3 * 3 9 27
9.0 0.998 0.998 0.997 3 * 3 9 27
9.5 0.998 0.998 0.998 3 * 3 9 27
10.0 0.998 0.998 0.998 3 * 3 9 27
0.5 0.000 0.000 0.000 1 * 1
1.0 0.000 0.000 0.000 1 * 1
1.5 0.245 0.178 0.124 1 * 3
2.0 0.446 0.323 0.224 1 * 3
2.5 0.406 0.364 0.278 2 * 3 8
3.0 0.613 0.563 0.463 2 * 3 9
3.5 0.683 0.651 0.544 3 * 3 9 12
4.0 0.743 0.743 0.665 3 * 3 9 19
4.5 0.843 0.843 0.809 3 * 3 9 25
5.0 0.907 0.907 0.894 3 * 3 9 27
5.5 0.938 0.938 0.931 3 * 3 9 27
6.0 0.961 0.961 0.957 3 * 3 9 27
6.5 0.974 0.974 0.970 3 * 3 9 27
7.0 0.984 0.984 0.981 3 * 3 9 27
7.5 0.990 0.990 0.989 3 * 3 9 27
8.0 0.993 0.993 0.992 3 * 3 9 27
8.5 0.996 0.996 0.995 3 * 3 9 27
9.0 0.997 0.997 0.996 3 * 3 9 27
9.5 0.997 0.997 0.996 3 * 3 9 27
10.0 0.998 0.998 0.998 3 * 3 9 27
0.5 0.000 0.000 0.000 1 * 1
1.0 0.020 0.014 0.010 1 * 2
1.5 0.234 0.169 0.118 1 * 3
2.0 0.335 0.254 0.186 1 * 4
2.5 0.413 0.369 0.281 2 * 3 7
3.0 0.611 0.561 0.461 2 * 3 9
3.5 0.683 0.654 0.544 3 * 3 9 13
4.0 0.748 0.748 0.680 3 * 3 9 20
4.5 0.849 0.849 0.826 3 * 3 9 26
5.0 0.899 0.899 0.888 3 * 3 9 27
5.5 0.940 0.940 0.933 3 * 3 9 27
6.0 0.962 0.962 0.956 3 * 3 9 27
6.5 0.976 0.976 0.972 3 * 3 9 27
7.0 0.983 0.983 0.981 3 * 3 9 27
7.5 0.990 0.990 0.988 3 * 3 9 27
8.0 0.993 0.993 0.991 3 * 3 9 27
8.5 0.996 0.996 0.995 3 * 3 9 27
9.0 0.997 0.997 0.997 3 * 3 9 27
9.5 0.998 0.998 0.997 3 * 3 9 27
10.0 0.999 0.999 0.998 3 * 3 9 27
0.5 0.000 0.000 0.000 1 * 1
1.0 0.000 0.000 0.000 1 * 1
1.5 0.237 0.171 0.119 1 * 3
2.0 0.345 0.261 0.191 1 * 4
2.5 0.408 0.365 0.281 2 * 3 7
3.0 0.610 0.560 0.460 2 * 3 9
3.5 0.676 0.651 0.549 3 * 3 9 14
4.0 0.744 0.740 0.656 3 * 3 9 18
4.5 0.849 0.849 0.823 3 * 3 9 26
5.0 0.901 0.901 0.891 3 * 3 9 27
5.5 0.937 0.937 0.931 3 * 3 9 27
6.0 0.961 0.961 0.955 3 * 3 9 27
6.5 0.974 0.974 0.972 3 * 3 9 27
7.0 0.983 0.983 0.980 3 * 3 9 27
7.5 0.988 0.988 0.986 3 * 3 9 27
8.0 0.992 0.992 0.991 3 * 3 9 27
8.5 0.995 0.995 0.994 3 * 3 9 27
9.0 0.997 0.997 0.996 3 * 3 9 27
9.5 0.998 0.998 0.997 3 * 3 9 27
10.0 0.998 0.998 0.998 3 * 3 9 27
0.5 0.000 0.000 0.000 1 * 1
1.0 0.000 0.000 0.000 1 * 1
1.5 0.272 0.198 0.138 1 * 3
2.0 0.443 0.320 0.223 1 * 3
2.5 0.411 0.370 0.287 2 * 3 8
3.0 0.609 0.559 0.460 2 * 3 9
3.5 0.680 0.648 0.544 3 * 3 9 12
4.0 0.742 0.736 0.653 3 * 3 9 18
4.5 0.844 0.844 0.819 3 * 3 9 26
5.0 0.907 0.907 0.896 3 * 3 9 27
5.5 0.939 0.939 0.931 3 * 3 9 27
6.0 0.960 0.960 0.956 3 * 3 9 27
6.5 0.976 0.976 0.973 3 * 3 9 27
7.0 0.984 0.984 0.981 3 * 3 9 27
7.5 0.988 0.988 0.988 3 * 3 9 27
8.0 0.993 0.993 0.991 3 * 3 9 27
8.5 0.996 0.996 0.995 3 * 3 9 27
9.0 0.998 0.998 0.997 3 * 3 9 27
9.5 0.999 0.999 0.998 3 * 3 9 27
10.0 0.999 0.999 0.998 3 * 3 9 27
0.5 0.000 0.000 0.000 1 * 1
1.0 0.000 0.000 0.000 1 * 1
1.5 0.245 0.178 0.124 1 * 3
2.0 0.449 0.325 0.225 1 * 3
2.5 0.415 0.370 0.279 2 * 3 7
3.0 0.618 0.569 0.470 2 * 3 9
3.5 0.660 0.627 0.532 3 * 3 9 12
4.0 0.749 0.744 0.661 3 * 3 9 18
4.5 0.851 0.851 0.831 3 * 3 9 27
5.0 0.907 0.907 0.894 3 * 3 9 27
5.5 0.938 0.938 0.929 3 * 3 9 27
6.0 0.962 0.962 0.957 3 * 3 9 27
6.5 0.979 0.979 0.974 3 * 3 9 27
7.0 0.981 0.981 0.978 3 * 3 9 27
7.5 0.990 0.990 0.988 3 * 3 9 27
8.0 0.993 0.993 0.992 3 * 3 9 27
8.5 0.996 0.996 0.995 3 * 3 9 27
9.0 0.997 0.997 0.996 3 * 3 9 27
9.5 0.998 0.998 0.998 3 * 3 9 27
10.0 0.998 0.998 0.999 3 * 3 9 27
0.5 0.000 0.000 0.000 1 * 1
1.0 0.000 0.000 0.000 1 * 1
1.5 0.240 0.174 0.121 1 * 3
2.0 0.429 0.311 0.216 1 * 3
2.5 0.442 0.379 0.282 2 * 3 6
3.0 0.599 0.551 0.453 2 * 3 9
3.5 0.671 0.642 0.541 3 * 3 9 13
4.0 0.742 0.736 0.650 3 * 3 9 18
4.5 0.852 0.852 0.826 3 * 3 9 26
5.0 0.906 0.906 0.893 3 * 3 9 27
5.5 0.936 0.936 0.931 3 * 3 9 27
6.0 0.963 0.963 0.956 3 * 3 9 27
6.5 0.974 0.974 0.971 3 * 3 9 27
7.0 0.983 0.983 0.979 3 * 3 9 27
7.5 0.991 0.991 0.990 3 * 3 9 27
8.0 0.994 0.994 0.991 3 * 3 9 27
8.5 0.996 0.996 0.995 3 * 3 9 27
9.0 0.998 0.998 0.996 3 * 3 9 27
9.5 0.998 0.998 0.997 3 * 3 9 27
10.0 0.999 0.999 0.998 3 * 3 9 27
0.5 0.000 0.000 0.000 1 * 1
1.0 0.000 0.000 0.000 1 * 1
1.5 0.257 0.186 0.130 1 * 3
2.0 0.440 0.318 0.221 1 * 3
2.5 0.406 0.365 0.284 2 * 3 8
3.0 0.604 0.556 0.460 2 * 3 9
3.5 0.671 0.634 0.538 3 * 3 9 11
4.0 0.742 0.742 0.663 3 * 3 9 19
4.5 0.857 0.857 0.838 3 * 3 9 27
5.0 0.909 0.909 0.896 3 * 3 9 27
5.5 0.936 0.936 0.928 3 * 3 9 27
6.0 0.964 0.964 0.959 3 * 3 9 27
6.5 0.974 0.974 0.971 3 * 3 9 27
7.0 0.987 0.987 0.984 3 * 3 9 27
7.5 0.989 0.989 0.987 3 * 3 9 27
8.0 0.991 0.991 0.991 3 * 3 9 27
8.5 0.995 0.995 0.994 3 * 3 9 27
9.0 0.997 0.997 0.996 3 * 3 9 27
9.5 0.999 0.999 0.998 3 * 3 9 27
10.0 0.999 0.999 0.999 3 * 3 9 27
0.5 0.000 0.000 0.000 1 * 1
1.0 0.000 0.000 0.000 1 * 1
1.5 0.258 0.187 0.130 1 * 3
2.0 0.333 0.250 0.182 1 * 4
2.5 0.418 0.374 0.285 2 * 3 7
3.0 0.611 0.562 0.463 2 * 3 9
3.5 0.677 0.648 0.544 3 * 3 9 13
4.0 0.733 0.730 0.649 3 * 3 9 18
4.5 0.855 0.855 0.830 3 * 3 9 26
5.0 0.903 0.903 0.890 3 * 3 9 27
5.5 0.935 0.935 0.928 3 * 3 9 27
6.0 0.961 0.961 0.957 3 * 3 9 27
6.5 0.973 0.973 0.970 3 * 3 9 27
7.0 0.986 0.986 0.983 3 * 3 9 27
7.5 0.988 0.988 0.988 3 * 3 9 27
8.0 0.991 0.991 0.991 3 * 3 9 27
8.5 0.996 0.996 0.995 3 * 3 9 27
9.0 0.998 0.998 0.998 3 * 3 9 27
9.5 0.997 0.997 0.997 3 * 3 9 27
10.0 0.999 0.999 0.999 3 * 3 9 27
0.5 0.000 0.000 0.000 1 * 1
1.0 0.000 0.000 0.000 1 * 1
1.5 0.248 0.179 0.125 1 * 3
2.0 0.445 0.322 0.223 1 * 3
2.5 0.405 0.362 0.277 2 * 3 7
3.0 0.561 0.520 0.438 2 * 3 10
3.5 0.654 0.620 0.527 3 * 3 9 12
4.0 0.732 0.732 0.673 3 * 3 10 20
4.5 0.855 0.855 0.836 3 * 3 9 27
5.0 0.907 0.907 0.895 3 * 3 9 27
5.5 0.936 0.936 0.928 3 * 3 9 27
6.0 0.960 0.960 0.955 3 * 3 9 27
6.5 0.973 0.973 0.970 3 * 3 9 27
7.0 0.984 0.984 0.982 3 * 3 9 27
7.5 0.986 0.986 0.983 3 * 3 9 28
8.0 0.993 0.993 0.991 3 * 3 9 27
8.5 0.996 0.996 0.994 3 * 3 9 27
9.0 0.998 0.998 0.997 3 * 3 9 27
9.5 0.998 0.998 0.997 3 * 3 9 27
10.0 0.999 0.999 0.998 3 * 3 9 27
0.5 0.000 0.000 0.000 1 * 1
1.0 0.000 0.000 0.000 1 * 1
1.5 0.245 0.178 0.124 1 * 3
2.0 0.422 0.306 0.213 1 * 3
2.5 0.386 0.345 0.262 2 * 3 7
3.0 0.605 0.557 0.462 2 * 3 9
3.5 0.682 0.649 0.548 3 * 3 9 12
4.0 0.743 0.743 0.674 3 * 3 9 21
4.5 0.851 0.851 0.825 3 * 3 9 26
5.0 0.909 0.909 0.896 3 * 3 9 27
5.5 0.938 0.938 0.933 3 * 3 9 27
6.0 0.957 0.957 0.953 3 * 3 9 27
6.5 0.975 0.975 0.973 3 * 3 9 27
7.0 0.982 0.982 0.981 3 * 3 9 27
7.5 0.991 0.991 0.990 3 * 3 9 27
8.0 0.993 0.993 0.992 3 * 3 9 27
8.5 0.995 0.995 0.995 3 * 3 9 27
9.0 0.996 0.996 0.996 3 * 3 9 27
9.5 0.998 0.998 0.997 3 * 3 9 27
10.0 0.999 0.999 0.999 3 * 3 9 27
0.5 0.000 0.000 0.000 1 * 1
1.0 0.038 0.027 0.018 1 * 2
1.5 0.246 0.178 0.124 1 * 3
2.0 0.343 0.259 0.189 1 * 4
2.5 0.414 0.369 0.281 2 * 3 7
3.0 0.607 0.559 0.462 2 * 3 9
3.5 0.671 0.637 0.536 3 * 3 9 12
4.0 0.749 0.747 0.662 3 * 3 9 19
4.5 0.842 0.842 0.815 3 * 3 9 26
5.0 0.904 0.904 0.892 3 * 3 9 27
5.5 0.948 0.948 0.940 3 * 3 9 27
6.0 0.967 0.967 0.960 3 * 3 9 27
6.5 0.975 0.975 0.971 3 * 3 9 27
7.0 0.983 0.983 0.981 3 * 3 9 27
7.5 0.990 0.990 0.987 3 * 3 9 27
8.0 0.993 0.993 0.991 3 * 3 9 27
8.5 0.995 0.995 0.994 3 * 3 9 27
9.0 0.998 0.998 0.997 3 * 3 9 27
9.5 0.997 0.997 0.997 3 * 3 9 27
10.0 1.000 1.000 0.999 3 * 3 9 27
0.5 0.000 0.000 0.000 1 * 1
1.0 0.000 0.000 0.000 1 * 1
1.5 0.250 0.181 0.127 1 * 3
2.0 0.453 0.328 0.228 1 * 3
2.5 0.410 0.363 0.272 2 * 3 7
3.0 0.583 0.538 0.448 2 * 3 10
3.5 0.676 0.642 0.541 3 * 3 9 12
4.0 0.736 0.736 0.659 3 * 3 9 19
4.5 0.844 0.844 0.817 3 * 3 9 26
5.0 0.906 0.906 0.895 3 * 3 9 27
5.5 0.937 0.937 0.930 3 * 3 9 27
6.0 0.961 0.961 0.955 3 * 3 9 27
6.5 0.978 0.978 0.974 3 * 3 9 27
7.0 0.985 0.985 0.984 3 * 3 9 27
7.5 0.989 0.989 0.988 3 * 3 9 27
8.0 0.994 0.994 0.993 3 * 3 9 27
8.5 0.995 0.995 0.994 3 * 3 9 27
9.0 0.998 0.998 0.997 3 * 3 9 27
9.5 0.998 0.998 0.998 3 * 3 9 27
10.0 0.998 0.998 0.998 3 * 3 9 27
0.5 0.000 0.000 0.000 1 * 1
1.0 0.000 0.000 0.000 1 * 1
1.5 0.241 0.175 0.122 1 * 3
2.0 0.341 0.259 0.190 1 * 4
2.5 0.409 0.369 0.289 2 * 3 8
3.0 0.610 0.560 0.461 2 * 3 9
3.5 0.702 0.665 0.559 3 * 3 9 11
4.0 0.747 0.736 0.646 3 * 3 9 17
4.5 0.844 0.844 0.818 3 * 3 9 26
5.0 0.907 0.907 0.895 3 * 3 9 27
5.5 0.938 0.938 0.931 3 * 3 9 27
6.0 0.960 0.960 0.955 3 * 3 9 27
6.5 0.974 0.974 0.969 3 * 3 9 27
7.0 0.980 0.980 0.977 3 * 3 9 27
7.5 0.990 0.990 0.988 3 * 3 9 27
8.0 0.993 0.993 0.992 3 * 3 9 27
8.5 0.996 0.996 0.994 3 * 3 9 27
9.0 0.997 0.997 0.998 3 * 3 9 27
9.5 0.999 0.999 0.998 3 * 3 9 27
10.0 0.999 0.999 0.999 3 * 3 9 27
0.5 0.000 0.000 0.000 1 * 1
1.0 0.037 0.026 0.017 1 * 2
1.5 0.250 0.181 0.127 1 * 3
2.0 0.441 0.319 0.221 1 * 3
2.5 0.444 0.380 0.281 2 * 3 6
3.0 0.615 0.566 0.467 2 * 3 9
3.5 0.674 0.645 0.541 3 * 3 9 13
4.0 0.744 0.739 0.655 3 * 3 9 18
4.5 0.848 0.848 0.823 3 * 3 9 26
5.0 0.904 0.904 0.894 3 * 3 9 27
5.5 0.942 0.942 0.933 3 * 3 9 27
6.0 0.963 0.963 0.960 3 * 3 9 27
6.5 0.972 0.972 0.970 3 * 3 9 27
7.0 0.983 0.983 0.981 3 * 3 9 27
7.5 0.987 0.987 0.986 3 * 3 9 27
8.0 0.992 0.992 0.991 3 * 3 9 27
8.5 0.995 0.995 0.994 3 * 3 9 27
9.0 0.996 0.996 0.996 3 * 3 9 27
9.5 0.998 0.998 0.998 3 * 3 9 27
10.0 0.999 0.999 0.998 3 * 3 9 27
0.5 0.000 0.000 0.000 1 * 1
1.0 0.000 0.000 0.000 1 * 1
1.5 0.191 0.143 0.103 1 * 4
2.0 0.331 0.250 0.182 1 * 4
2.5 0.412 0.368 0.281 2 * 3 7
3.0 0.577 0.536 0.454 2 * 3 10
3.5 0.677 0.633 0.545 2 * 3 11
4.0 0.734 0.734 0.662 3 * 3 9 19
4.5 0.849 0.849 0.825 3 * 3 9 26
5.0 0.904 0.904 0.896 3 * 3 9 27
5.5 0.935 0.935 0.928 3 * 3 9 27
6.0 0.958 0.958 0.955 3 * 3 9 27
6.5 0.976 0.976 0.973 3 * 3 9 27
7.0 0.985 0.985 0.983 3 * 3 9 27
7.5 0.991 0.991 0.989 3 * 3 9 27
8.0 0.995 0.995 0.993 3 * 3 9 27
8.5 0.996 0.996 0.995 3 * 3 9 27
9.0 0.996 0.996 0.995 3 * 3 9 27
9.5 0.998 0.998 0.997 3 * 3 9 27
10.0 0.999 0.999 0.998 3 * 3 9 27
0.5 0.000 0.000 0.000 1 * 1
1.0 0.000 0.000 0.000 1 * 2
1.5 0.250 0.181 0.126 1 * 3
2.0 0.341 0.258 0.188 1 * 4
2.5 0.434 0.388 0.295 2 * 3 7
3.0 0.617 0.569 0.471 2 * 3 9
3.5 0.693 0.663 0.552 3 * 3 9 13
4.0 0.733 0.728 0.645 3 * 3 9 18
4.5 0.835 0.835 0.810 3 * 3 9 26
5.0 0.903 0.903 0.892 3 * 3 9 27
5.5 0.942 0.942 0.934 3 * 3 9 27
6.0 0.959 0.959 0.955 3 * 3 9 27
6.5 0.976 0.976 0.973 3 * 3 9 27
7.0 0.985 0.985 0.982 3 * 3 9 27
7.5 0.989 0.989 0.987 3 * 3 9 27
8.0 0.994 0.994 0.993 3 * 3 9 27
8.5 0.995 0.995 0.995 3 * 3 9 27
9.0 0.996 0.996 0.995 3 * 3 9 27
9.5 0.998 0.998 0.998 3 * 3 9 27
10.0 0.999 0.999 0.998 3 * 3 9 27
0.5 0.000 0.000 0.000 1 * 1
1.0 0.008 0.006 0.004 1 * 2
1.5 0.244 0.177 0.123 1 * 3
2.0 0.336 0.257 0.190 1 * 4
2.5 0.411 0.367 0.280 2 * 3 7
3.0 0.612 0.564 0.467 2 * 3 9
3.5 0.676 0.647 0.543 3 * 3 9 13
4.0 0.750 0.744 0.660 3 * 3 9 18
4.5 0.856 0.856 0.837 3 * 3 9 27
5.0 0.902 0.902 0.890 3 * 3 9 27
5.5 0.936 0.936 0.930 3 * 3 9 27
6.0 0.961 0.961 0.957 3 * 3 9 27
6.5 0.973 0.973 0.970 3 * 3 9 27
7.0 0.984 0.984 0.981 3 * 3 9 27
7.5 0.990 0.990 0.988 3 * 3 9 27
8.0 0.992 0.992 0.992 3 * 3 9 27
8.5 0.996 0.996 0.994 3 * 3 9 27
9.0 0.997 0.997 0.996 3 * 3 9 27
9.5 0.997 0.997 0.997 3 * 3 9 27
10.0 0.998 0.998 0.998 3 * 3 9 27
0.5 0.000 0.000 0.000 1 * 1
1.0 0.000 0.000 0.000 1 * 1
1.5 0.251 0.182 0.127 1 * 3
2.0 0.442 0.320 0.222 1 * 3
2.5 0.429 0.386 0.301 2 * 3 8
3.0 0.600 0.552 0.454 2 * 3 9
3.5 0.696 0.663 0.554 3 * 3 9 12
4.0 0.743 0.733 0.646 3 * 3 9 17
4.5 0.842 0.842 0.811 3 * 3 9 25
5.0 0.904 0.904 0.895 3 * 3 9 27
5.5 0.939 0.939 0.932 3 * 3 9 27
6.0 0.959 0.959 0.955 3 * 3 9 27
6.5 0.976 0.976 0.974 3 * 3 9 27
7.0 0.982 0.982 0.981 3 * 3 9 27
7.5 0.990 0.990 0.988 3 * 3 9 27
8.0 0.992 0.992 0.990 3 * 3 9 27
8.5 0.996 0.996 0.995 3 * 3 9 27
9.0 0.997 0.997 0.997 3 * 3 9 27
9.5 0.999 0.999 0.998 3 * 3 9 27
10.0 0.999 0.999 0.998 3 * 3 9 27
0.5 0.000 0.000 0.000 1 * 1
1.0 0.000 0.000 0.000 1 * 1
1.5 0.246 0.178 0.124 1 * 3
2.0 0.271 0.214 0.164 1 * 5
2.5 0.416 0.372 0.283 2 * 3 7
3.0 0.619 0.569 0.470 2 * 3 9
3.5 0.666 0.625 0.542 2 * 3 12
4.0 0.749 0.748 0.665 3 * 3 9 19
4.5 0.834 0.834 0.802 3 * 3 9 25
5.0 0.905 0.905 0.893 3 * 3 9 27
5.5 0.943 0.943 0.935 3 * 3 9 27
6.0 0.955 0.955 0.951 3 * 3 9 27
6.5 0.977 0.977 0.973 3 * 3 9 27
7.0 0.985 0.985 0.983 3 * 3 9 27
7.5 0.987 0.987 0.987 3 * 3 9 27
8.0 0.993 0.993 0.991 3 * 3 9 27
8.5 0.995 0.995 0.994 3 * 3 9 27
9.0 0.998 0.998 0.997 3 * 3 9 27
9.5 0.998 0.998 0.997 3 * 3 9 27
10.0 0.999 0.999 0.998 3 * 3 9 27
0.5 0.000 0.000 0.000 1 * 1
1.0 0.000 0.000 0.000 1 * 1
1.5 0.248 0.180 0.126 1 * 3
2.0 0.343 0.260 0.190 1 * 4
2.5 0.415 0.366 0.274 2 * 3 7
3.0 0.601 0.554 0.459 2 * 3 9
3.5 0.702 0.668 0.561 3 * 3 9 12
4.0 0.741 0.741 0.661 3 * 3 9 19
4.5 0.843 0.843 0.822 3 * 3 9 26
5.0 0.901 0.901 0.891 3 * 3 9 27
5.5 0.934 0.934 0.928 3 * 3 9 27
6.0 0.962 0.962 0.957 3 * 3 9 27
6.5 0.974 0.974 0.971 3 * 3 9 27
7.0 0.984 0.984 0.982 3 * 3 9 27
7.5 0.991 0.991 0.988 3 * 3 9 27
8.0 0.992 0.992 0.991 3 * 3 9 27
8.5 0.995 0.995 0.994 3 * 3 9 27
9.0 0.997 0.997 0.997 3 * 3 9 27
9.5 0.999 0.999 0.998 3 * 3 9 27
10.0 0.999 0.999 0.999 3 * 3 9 27
0.5 0.000 0.000 0.000 1 * 1
1.0 0.000 0.000 0.000 1 * 1
1.5 0.262 0.190 0.132 1 * 3
2.0 0.328 0.246 0.179 1 * 4
2.5 0.396 0.353 0.267 2 * 3 7
3.0 0.561 0.520 0.439 2 * 3 10
3.5 0.687 0.657 0.551 3 * 3 9 13
4.0 0.752 0.752 0.677 3 * 3 9 19
4.5 0.834 0.834 0.810 3 * 3 9 25
5.0 0.911 0.911 0.901 3 * 3 9 27
5.5 0.941 0.941 0.934 3 * 3 9 27
6.0 0.964 0.964 0.959 3 * 3 9 27
6.5 0.975 0.975 0.971 3 * 3 9 27
7.0 0.982 0.982 0.979 3 * 3 9 27
7.5 0.991 0.991 0.989 3 * 3 9 27
8.0 0.993 0.993 0.992 3 * 3 9 27
8.5 0.997 0.997 0.995 3 * 3 9 27
9.0 0.997 0.997 0.997 3 * 3 9 27
9.5 0.999 0.999 0.998 3 * 3 9 27
10.0 0.999 0.999 0.998 3 * 3 9 27
0.5 0.000 0.000 0.000 1 * 1
1.0 0.025 0.018 0.012 1 * 2
1.5 0.249 0.181 0.127 1 * 3
2.0 0.460 0.333 0.231 1 * 3
2.5 0.423 0.381 0.296 2 * 3 8
3.0 0.612 0.562 0.463 2 * 3 9
3.5 0.678 0.649 0.544 3 * 3 9 13
4.0 0.739 0.739 0.665 3 * 3 9 20
4.5 0.847 0.847 0.817 3 * 3 9 25
5.0 0.907 0.907 0.893 3 * 3 9 27
5.5 0.941 0.941 0.933 3 * 3 9 27
6.0 0.961 0.961 0.956 3 * 3 9 27
6.5 0.975 0.975 0.972 3 * 3 9 27
7.0 0.982 0.982 0.981 3 * 3 9 27
7.5 0.990 0.990 0.989 3 * 3 9 27
8.0 0.984 0.984 0.981 3 * 3 10 27
8.5 0.995 0.995 0.994 3 * 3 9 27
9.0 0.997 0.997 0.996 3 * 3 9 27
9.5 0.997 0.997 0.997 3 * 3 9 27
10.0 0.999 0.999 0.999 3 * 3 9 27
0.5 0.000 0.000 0.000 1 * 1
1.0 0.000 0.000 0.000 1 * 1
1.5 0.267 0.193 0.135 1 * 3
2.0 0.432 0.313 0.218 1 * 3
2.5 0.396 0.354 0.269 2 * 3 7
3.0 0.598 0.549 0.453 2 * 3 9
3.5 0.684 0.652 0.544 3 * 3 9 12
4.0 0.750 0.749 0.666 3 * 3 9 19
4.5 0.854 0.854 0.833 3 * 3 9 27
5.0 0.909 0.909 0.896 3 * 3 9 27
5.5 0.940 0.940 0.931 3 * 3 9 27
6.0 0.961 0.961 0.957 3 * 3 9 27
6.5 0.974 0.974 0.972 3 * 3 9 27
7.0 0.985 0.985 0.982 3 * 3 9 27
7.5 0.992 0.992 0.990 3 * 3 9 27
8.0 0.994 0.994 0.992 3 * 3 9 27
8.5 0.996 0.996 0.996 3 * 3 9 27
9.0 0.996 0.996 0.995 3 * 3 9 27
9.5 0.997 0.997 0.997 3 * 3 9 27
10.0 0.999 0.999 0.999 3 * 3 9 27
0.5 0.000 0.000 0.000 1 * 1
1.0 0.000 0.000 0.000 1 * 1
1.5 0.235 0.170 0.119 1 * 3
2.0 0.449 0.325 0.226 1 * 3
2.5 0.399 0.356 0.269 2 * 3 7
3.0 0.569 0.529 0.448 2 * 3 10
3.5 0.674 0.642 0.538 3 * 3 9 12
4.0 0.744 0.744 0.663 3 * 3 9 19
4.5 0.846 0.846 0.821 3 * 3 9 26
5.0 0.908 0.908 0.898 3 * 3 9 27
5.5 0.940 0.940 0.934 3 * 3 9 27
6.0 0.961 0.961 0.956 3 * 3 9 27
6.5 0.973 0.973 0.970 3 * 3 9 27
7.0 0.983 0.983 0.981 3 * 3 9 27
7.5 0.990 0.990 0.989 3 * 3 9 27
8.0 0.993 0.993 0.993 3 * 3 9 27
8.5 0.995 0.995 0.994 3 * 3 9 27
9.0 0.997 0.997 0.996 3 * 3 9 27
9.5 0.998 0.998 0.998 3 * 3 9 27
10.0 1.000 1.000 0.999 3 * 3 9 27
0.5 0.000 0.000 0.000 1 * 1
1.0 0.000 0.000 0.000 1 * 1
1.5 0.233 0.169 0.118 1 * 3
2.0 0.437 0.316 0.220 1 * 3
2.5 0.422 0.377 0.288 2 * 3 7
3.0 0.612 0.563 0.466 2 * 3 9
3.5 0.678 0.647 0.542 3 * 3 9 12
4.0 0.748 0.748 0.670 3 * 3 9 20
4.5 0.840 0.840 0.806 3 * 3 9 25
5.0 0.907 0.907 0.897 3 * 3 9 27
5.5 0.941 0.941 0.934 3 * 3 9 27
6.0 0.959 0.959 0.956 3 * 3 9 27
6.5 0.978 0.978 0.974 3 * 3 9 27
7.0 0.986 0.986 0.982 3 * 3 9 27
7.5 0.989 0.989 0.988 3 * 3 9 27
8.0 0.993 0.993 0.992 3 * 3 9 27
8.5 0.996 0.996 0.995 3 * 3 9 27
9.0 0.997 0.997 0.997 3 * 3 9 27
9.5 0.997 0.997 0.997 3 * 3 9 27
10.0 0.998 0.998 0.999 3 * 3 9 27
0.5 0.000 0.000 0.000 1 * 1
1.0 0.000 0.000 0.000 1 * 1
1.5 0.258 0.187 0.130 1 * 3
2.0 0.448 0.324 0.225 1 * 3
2.5 0.403 0.345 0.254 2 * 3 6
3.0 0.602 0.552 0.453 2 * 3 9
3.5 0.675 0.647 0.544 3 * 3 9 13
4.0 0.741 0.739 0.657 3 * 3 9 19
4.5 0.844 0.844 0.819 3 * 3 9 26
5.0 0.904 0.904 0.894 3 * 3 9 27
5.5 0.940 0.940 0.932 3 * 3 9 27
6.0 0.960 0.960 0.956 3 * 3 9 27
6.5 0.972 0.972 0.967 3 * 3 9 27
7.0 0.979 0.979 0.978 3 * 3 9 27
7.5 0.991 0.991 0.989 3 * 3 9 27
8.0 0.993 0.993 0.992 3 * 3 9 27
8.5 0.996 0.996 0.994 3 * 3 9 27
9.0 0.998 0.998 0.997 3 * 3 9 27
9.5 0.999 0.999 0.998 3 * 3 9 27
10.0 0.999 0.999 0.999 3 * 3 9 27
0.5 0.000 0.000 0.000 1 * 1
1.0 0.014 0.010 0.007 1 * 2
1.5 0.252 0.183 0.128 1 * 3
2.0 0.333 0.255 0.188 1 * 4
2.5 0.319 0.296 0.254 1 * 7
3.0 0.611 0.561 0.462 2 * 3 9
3.5 0.681 0.649 0.536 3 * 3 9 12
4.0 0.744 0.744 0.664 3 * 3 9 19
4.5 0.851 0.851 0.826 3 * 3 9 26
5.0 0.904 0.904 0.892 3 * 3 9 27
5.5 0.937 0.937 0.928 3 * 3 9 27
6.0 0.962 0.962 0.956 3 * 3 9 27
6.5 0.973 0.973 0.969 3 * 3 9 27
7.0 0.984 0.984 0.982 3 * 3 9 27
7.5 0.988 0.988 0.987 3 * 3 9 27
8.0 0.993 0.993 0.992 3 * 3 9 27
8.5 0.995 0.995 0.994 3 * 3 9 27
9.0 0.996 0.996 0.996 3 * 3 9 27
9.5 0.998 0.998 0.998 3 * 3 9 27
10.0 0.999 0.999 0.998 3 * 3 9 27
0.5 0.000 0.000 0.000 1 * 1
1.0 0.000 0.000 0.000 1 * 1
1.5 0.257 0.186 0.130 1 * 3
2.0 0.443 0.320 0.223 1 * 3
2.5 0.414 0.357 0.265 2 * 3 6
3.0 0.566 0.524 0.441 2 * 3 10
3.5 0.674 0.646 0.539 3 * 3 9 13
4.0 0.739 0.739 0.662 3 * 3 9 19
4.5 0.847 0.847 0.819 3 * 3 9 26
5.0 0.901 0.901 0.890 3 * 3 9 27
5.5 0.934 0.934 0.923 3 * 3 9 27
6.0 0.958 0.958 0.956 3 * 3 9 27
6.5 0.978 0.978 0.974 3 * 3 9 27
7.0 0.982 0.982 0.981 3 * 3 9 27
7.5 0.989 0.989 0.986 3 * 3 9 27
8.0 0.993 0.993 0.991 3 * 3 9 27
8.5 0.995 0.995 0.994 3 * 3 9 27
9.0 0.997 0.997 0.996 3 * 3 9 27
9.5 0.998 0.998 0.997 3 * 3 9 27
10.0 0.999 0.999 0.999 3 * 3 9 27
0.5 0.000 0.000 0.000 1 * 1
1.0 0.000 0.000 0.000 1 * 1
1.5 0.238 0.173 0.120 1 * 3
2.0 0.456 0.330 0.229 1 * 3
2.5 0.377 0.337 0.257 2 * 3 7
3.0 0.612 0.563 0.464 2 * 3 9
3.5 0.680 0.654 0.554 3 * 3 9 14
4.0 0.739 0.734 0.650 3 * 3 9 18
4.5 0.854 0.854 0.829 3 * 3 9 26
5.0 0.907 0.907 0.895 3 * 3 9 27
5.5 0.933 0.933 0.927 3 * 3 9 27
6.0 0.958 0.958 0.953 3 * 3 9 27
6.5 0.976 0.976 0.974 3 * 3 9 27
7.0 0.981 0.981 0.979 3 * 3 9 27
7.5 0.989 0.989 0.988 3 * 3 9 27
8.0 0.993 0.993 0.991 3 * 3 9 27
8.5 0.996 0.996 0.995 3 * 3 9 27
9.0 0.997 0.997 0.996 3 * 3 9 27
9.5 0.997 0.997 0.997 3 * 3 9 27
10.0 0.999 0.999 0.998 3 * 3 9 27
0.5 0.000 0.000 0.000 1 * 1
1.0 0.016 0.011 0.008 1 * 2
1.5 0.244 0.177 0.124 1 * 3
2.0 0.438 0.317 0.220 1 * 3
2.5 0.411 0.368 0.282 2 * 3 8
3.0 0.601 0.554 0.460 2 * 3 9
3.5 0.657 0.623 0.534 3 * 3 9 12
4.0 0.742 0.740 0.658 3 * 3 9 19
4.5 0.845 0.845 0.813 3 * 3 9 25
5.0 0.902 0.902 0.891 3 * 3 9 27
5.5 0.943 0.943 0.935 3 * 3 9 27
6.0 0.958 0.958 0.956 3 * 3 9 27
6.5 0.976 0.976 0.973 3 * 3 9 27
7.0 0.981 0.981 0.980 3 * 3 9 27
7.5 0.989 0.989 0.988 3 * 3 9 27
8.0 0.991 0.991 0.990 3 * 3 9 27
8.5 0.996 0.996 0.995 3 * 3 9 27
9.0 0.998 0.998 0.998 3 * 3 9 27
9.5 0.998 0.998 0.997 3 * 3 9 27
10.0 0.999 0.999 0.999 3 * 3 9 27
0.5 0.000 0.000 0.000 1 * 1
1.0 0.000 0.000 0.000 1 * 1
1.5 0.235 0.171 0.119 1 * 3
2.0 0.344 0.262 0.192 1 * 4
2.5 0.424 0.380 0.293 2 * 3 8
3.0 0.613 0.564 0.464 2 * 3 9
3.5 0.671 0.627 0.539 2 * 3 11
4.0 0.737 0.737 0.665 3 * 3 9 19
4.5 0.854 0.854 0.829 3 * 3 9 26
5.0 0.902 0.902 0.891 3 * 3 9 27
5.5 0.942 0.942 0.935 3 * 3 9 27
6.0 0.959 0.959 0.953 3 * 3 9 27
6.5 0.973 0.973 0.970 3 * 3 9 27
7.0 0.983 0.983 0.981 3 * 3 9 27
7.5 0.990 0.990 0.989 3 * 3 9 27
8.0 0.994 0.994 0.993 3 * 3 9 27
8.5 0.995 0.995 0.995 3 * 3 9 27
9.0 0.996 0.996 0.996 3 * 3 9 27
9.5 0.999 0.999 0.998 3 * 3 9 27
10.0 0.999 0.999 0.998 3 * 3 9 27
0.5 0.000 0.000 0.000 1 * 1
1.0 0.000 0.000 0.000 1 * 1
1.5 0.253 0.183 0.128 1 * 3
2.0 0.346 0.263 0.193 1 * 4
2.5 0.426 0.381 0.291 2 * 3 7
3.0 0.613 0.564 0.464 2 * 3 9
3.5 0.659 0.617 0.534 2 * 3 12
4.0 0.738 0.733 0.653 3 * 3 9 18
4.5 0.839 0.839 0.815 3 * 3 9 26
5.0 0.909 0.909 0.900 3 * 3 9 27
5.5 0.939 0.939 0.929 3 * 3 9 27
6.0 0.957 0.957 0.951 3 * 3 9 27
6.5 0.978 0.978 0.974 3 * 3 9 27
7.0 0.985 0.985 0.982 3 * 3 9 27
7.5 0.991 0.991 0.988 3 * 3 9 27
8.0 0.991 0.991 0.990 3 * 3 9 27
8.5 0.998 0.998 0.996 3 * 3 9 27
9.0 0.997 0.997 0.997 3 * 3 9 27
9.5 0.999 0.999 0.998 3 * 3 9 27
10.0 0.999 0.999 0.999 3 * 3 9 27
