0.5 0.000 0.000 0.000 1 * 1
1.0 0.000 0.000 0.000 1 * 1
1.5 0.270 0.165 0.090 1 * 3
2.0 0.303 0.212 0.133 1 * 4
2.5 0.407 0.346 0.224 2 * 3 7
3.0 0.611 0.536 0.386 2 * 3 9
3.5 0.665 0.621 0.474 3 * 3 9 12
4.0 0.736 0.736 0.630 3 * 3 9 19
4.5 0.843 0.843 0.811 3 * 3 9 26
5.0 0.902 0.902 0.890 3 * 3 9 27
5.5 0.939 0.939 0.930 3 * 3 9 27
6.0 0.961 0.961 0.953 3 * 3 9 27
6.5 0.977 0.977 0.973 3 * 3 9 27
7.0 0.983 0.983 0.979 3 * 3 9 27
7.5 0.989 0.989 0.987 3 * 3 9 27
8.0 0.992 0.992 0.992 3 * 3 9 27
8.5 0.995 0.995 0.995 3 * 3 9 27
9.0 0.996 0.996 0.996 3 * 3 9 27
9.5 0.998 0.998 0.998 3 * 3 9 27
10.0 0.999 0.999 0.999 3 * 3 9 27
0.5 0.000 0.000 0.000 1 * 1
1.0 0.000 0.000 0.000 1 * 1
1.5 0.238 0.146 0.080 1 * 3
2.0 0.300 0.209 0.131 1 * 4
2.5 0.392 0.333 0.215 2 * 3 7
3.0 0.588 0.516 0.371 2 * 3 9
3.5 0.646 0.611 0.474 3 * 3 9 13
4.0 0.720 0.720 0.606 3 * 3 9 18
4.5 0.834 0.834 0.795 3 * 3 9 25
5.0 0.910 0.910 0.898 3 * 3 9 27
5.5 0.942 0.942 0.934 3 * 3 9 27
6.0 0.961 0.961 0.956 3 * 3 9 27
6.5 0.973 0.973 0.969 3 * 3 9 27
7.0 0.981 0.981 0.979 3 * 3 9 27
7.5 0.988 0.988 0.986 3 * 3 9 27
8.0 0.994 0.994 0.992 3 * 3 9 27
8.5 0.996 0.996 0.995 3 * 3 9 27
9.0 0.997 0.997 0.996 3 * 3 9 27
9.5 0.998 0.998 0.998 3 * 3 9 27
10.0 0.999 0.999 0.999 3 * 3 9 27
0.5 0.000 0.000 0.000 1 * 1
1.0 0.000 0.000 0.000 1 * 1
1.5 0.249 0.153 0.084 1 * 3
2.0 0.424 0.260 0.142 1 * 3
2.5 0.419 0.362 0.249 2 * 3 9
3.0 0.596 0.522 0.375 2 * 3 9
3.5 0.656 0.620 0.476 3 * 3 9 13
4.0 0.724 0.724 0.616 3 * 3 9 18
4.5 0.838 0.838 0.805 3 * 3 9 26
5.0 0.907 0.907 0.894 3 * 3 9 27
5.5 0.937 0.937 0.927 3 * 3 9 27
6.0 0.961 0.961 0.956 3 * 3 9 27
6.5 0.970 0.970 0.958 3 * 3 9 27
7.0 0.983 0.983 0.982 3 * 3 9 27
7.5 0.990 0.990 0.987 3 * 3 9 27
8.0 0.995 0.995 0.994 3 * 3 9 27
8.5 0.996 0.996 0.994 3 * 3 9 27
9.0 0.997 0.997 0.996 3 * 3 9 27
9.5 0.999 0.999 0.998 3 * 3 9 27
10.0 0.999 0.999 0.999 3 * 3 9 27
0.5 0.000 0.000 0.000 1 * 1
1.0 0.000 0.000 0.000 1 * 1
1.5 0.246 0.151 0.083 1 * 3
2.0 0.311 0.217 0.137 1 * 4
2.5 0.412 0.354 0.238 2 * 3 8
3.0 0.618 0.542 0.390 2 * 3 9
3.5 0.651 0.614 0.471 3 * 3 9 13
4.0 0.724 0.724 0.616 3 * 3 9 19
4.5 0.839 0.839 0.796 3 * 3 9 25
5.0 0.913 0.913 0.900 3 * 3 9 27
5.5 0.945 0.945 0.934 3 * 3 9 27
6.0 0.956 0.956 0.941 3 * 3 9 27
6.5 0.978 0.978 0.975 3 * 3 9 27
7.0 0.982 0.982 0.981 3 * 3 9 27
7.5 0.989 0.989 0.987 3 * 3 9 27
8.0 0.992 0.992 0.991 3 * 3 9 27
8.5 0.997 0.997 0.995 3 * 3 9 27
9.0 0.996 0.996 0.996 3 * 3 9 27
9.5 0.997 0.997 0.997 3 * 3 9 27
10.0 0.999 0.999 0.999 3 * 3 9 27
0.5 0.000 0.000 0.000 1 * 1
1.0 0.000 0.000 0.000 1 * 1
1.5 0.248 0.152 0.083 1 * 3
2.0 0.438 0.268 0.147 1 * 3
2.5 0.387 0.329 0.214 2 * 3 7
3.0 0.556 0.495 0.373 2 * 3 10
3.5 0.680 0.635 0.483 3 * 3 9 12
4.0 0.711 0.711 0.607 3 * 3 9 19
4.5 0.843 0.843 0.812 3 * 3 9 26
5.0 0.910 0.910 0.899 3 * 3 9 27
5.5 0.935 0.935 0.926 3 * 3 9 27
6.0 0.962 0.962 0.957 3 * 3 9 27
6.5 0.976 0.976 0.972 3 * 3 9 27
7.0 0.984 0.984 0.982 3 * 3 9 27
7.5 0.991 0.991 0.988 3 * 3 9 27
8.0 0.993 0.993 0.991 3 * 3 9 27
8.5 0.996 0.996 0.995 3 * 3 9 27
9.0 0.998 0.998 0.998 3 * 3 9 27
9.5 0.998 0.998 0.998 3 * 3 9 27
10.0 0.999 0.999 0.998 3 * 3 9 27
0.5 0.000 0.000 0.000 1 * 1
1.0 0.028 0.017 0.010 1 * 2
1.5 0.241 0.148 0.081 1 * 3
2.0 0.447 0.273 0.149 1 * 3
2.5 0.416 0.353 0.228 2 * 3 7
3.0 0.611 0.536 0.385 2 * 3 9
3.5 0.675 0.630 0.478 3 * 3 9 12
4.0 0.728 0.728 0.614 3 * 3 9 18
4.5 0.851 0.851 0.832 3 * 3 9 27
5.0 0.906 0.906 0.895 3 * 3 9 27
5.5 0.939 0.939 0.931 3 * 3 9 27
6.0 0.962 0.962 0.956 3 * 3 9 27
6.5 0.972 0.972 0.968 3 * 3 9 27
7.0 0.984 0.984 0.982 3 * 3 9 27
7.5 0.990 0.990 0.989 3 * 3 9 27
8.0 0.994 0.994 0.992 3 * 3 9 27
8.5 0.996 0.996 0.995 3 * 3 9 27
9.0 0.998 0.998 0.997 3 * 3 9 27
9.5 0.998 0.998 0.998 3 * 3 9 27
10.0 0.999 0.999 0.998 3 * 3 9 27
0.5 0.000 0.000 0.000 1 * 1
1.0 0.000 0.000 0.000 1 * 1
1.5 0.253 0.155 0.085 1 * 3
2.0 0.459 0.281 0.153 1 * 3
2.5 0.367 0.311 0.197 2 * 3 6
3.0 0.622 0.547 0.397 2 * 3 9
3.5 0.631 0.575 0.463 2 * 3 12
4.0 0.731 0.731 0.647 3 * 3 9 21
4.5 0.836 0.836 0.805 3 * 3 9 26
5.0 0.902 0.902 0.890 3 * 3 9 27
5.5 0.937 0.937 0.930 3 * 3 9 27
6.0 0.959 0.959 0.955 3 * 3 9 27
6.5 0.974 0.974 0.970 3 * 3 9 27
7.0 0.983 0.983 0.981 3 * 3 9 27
7.5 0.988 0.988 0.987 3 * 3 9 27
8.0 0.992 0.992 0.991 3 * 3 9 27
8.5 0.996 0.996 0.996 3 * 3 9 27
9.0 0.997 0.997 0.996 3 * 3 9 27
9.5 0.998 0.998 0.997 3 * 3 9 27
10.0 0.998 0.998 0.998 3 * 3 9 27
0.5 0.000 0.000 0.000 1 * 1
1.0 0.000 0.000 0.000 1 * 1
1.5 0.253 0.155 0.085 1 * 3
2.0 0.444 0.272 0.148 1 * 3
2.5 0.400 0.345 0.236 2 * 3 9
3.0 0.573 0.509 0.382 2 * 3 10
3.5 0.652 0.616 0.472 3 * 3 9 13
4.0 0.725 0.725 0.613 3 * 3 9 19
4.5 0.835 0.835 0.792 3 * 3 9 25
5.0 0.910 0.910 0.899 3 * 3 9 27
5.5 0.940 0.940 0.933 3 * 3 9 27
6.0 0.964 0.964 0.958 3 * 3 9 27
6.5 0.977 0.977 0.974 3 * 3 9 27
7.0 0.985 0.985 0.983 3 * 3 9 27
7.5 0.989 0.989 0.986 3 * 3 9 27
8.0 0.994 0.994 0.992 3 * 3 9 27
8.5 0.996 0.996 0.995 3 * 3 9 27
9.0 0.998 0.998 0.997 3 * 3 9 27
9.5 0.998 0.998 0.997 3 * 3 9 27
10.0 0.999 0.999 0.998 3 * 3 9 27
0.5 0.000 0.000 0.000 1 * 1
1.0 0.000 0.000 0.000 1 * 1
1.5 0.240 0.147 0.081 1 * 3
2.0 0.431 0.264 0.145 1 * 3
2.5 0.384 0.323 0.202 2 * 3 6
3.0 0.565 0.504 0.381 2 * 3 10
3.5 0.630 0.573 0.460 2 * 3 12
4.0 0.715 0.715 0.609 3 * 3 10 18
4.5 0.846 0.846 0.817 3 * 3 9 26
5.0 0.898 0.898 0.886 3 * 3 9 27
5.5 0.936 0.936 0.928 3 * 3 9 27
6.0 0.961 0.961 0.956 3 * 3 9 27
6.5 0.973 0.973 0.970 3 * 3 9 27
7.0 0.986 0.986 0.983 3 * 3 9 27
7.5 0.989 0.989 0.986 3 * 3 9 27
8.0 0.993 0.993 0.992 3 * 3 9 27
8.5 0.995 0.995 0.994 3 * 3 9 27
9.0 0.998 0.998 0.997 3 * 3 9 27
9.5 0.998 0.998 0.998 3 * 3 9 27
10.0 0.999 0.999 0.998 3 * 3 9 27
0.5 0.000 0.000 0.000 1 * 1
1.0 0.000 0.000 0.000 1 * 1
1.5 0.266 0.163 0.089 1 * 3
2.0 0.446 0.273 0.149 1 * 3
2.5 0.385 0.327 0.210 2 * 3 7
3.0 0.607 0.533 0.384 2 * 3 9
3.5 0.676 0.632 0.482 3 * 3 9 12
4.0 0.726 0.726 0.609 3 * 3 9 18
4.5 0.841 0.841 0.799 3 * 3 9 25
5.0 0.900 0.900 0.887 3 * 3 9 27
5.5 0.943 0.943 0.935 3 * 3 9 27
6.0 0.960 0.960 0.954 3 * 3 9 27
6.5 0.976 0.976 0.973 3 * 3 9 27
7.0 0.983 0.983 0.980 3 * 3 9 27
7.5 0.988 0.988 0.988 3 * 3 9 27
8.0 0.993 0.993 0.991 3 * 3 9 27
8.5 0.996 0.996 0.995 3 * 3 9 27
9.0 0.998 0.998 0.998 3 * 3 9 27
9.5 0.999 0.999 0.998 3 * 3 9 27
10.0 0.999 0.999 0.997 3 * 3 9 27
0.5 0.000 0.000 0.000 1 * 1
1.0 0.000 0.000 0.000 1 * 1
1.5 0.260 0.159 0.087 1 * 3
2.0 0.308 0.215 0.135 1 * 4
2.5 0.414 0.352 0.230 2 * 3 7
3.0 0.607 0.532 0.382 2 * 3 9
3.5 0.650 0.615 0.480 3 * 3 9 13
4.0 0.721 0.721 0.612 3 * 3 9 19
4.5 0.848 0.848 0.829 3 * 3 9 27
5.0 0.899 0.899 0.889 3 * 3 9 27
5.5 0.935 0.935 0.928 3 * 3 9 27
6.0 0.959 0.959 0.955 3 * 3 9 27
6.5 0.976 0.976 0.972 3 * 3 9 27
7.0 0.982 0.982 0.980 3 * 3 9 27
7.5 0.990 0.990 0.989 3 * 3 9 27
8.0 0.992 0.992 0.991 3 * 3 9 27
8.5 0.996 0.996 0.995 3 * 3 9 27
9.0 0.996 0.996 0.996 3 * 3 9 27
9.5 0.999 0.999 0.998 3 * 3 9 27
10.0 0.999 0.999 0.998 3 * 3 9 27
0.5 0.000 0.000 0.000 1 * 1
1.0 0.000 0.000 0.000 1 * 1
1.5 0.163 0.112 0.070 1 * 4
2.0 0.232 0.179 0.123 1 * 5
2.5 0.389 0.332 0.218 2 * 3 8
3.0 0.620 0.544 0.393 2 * 3 9
3.5 0.663 0.618 0.469 3 * 3 9 12
4.0 0.720 0.720 0.614 3 * 3 9 19
4.5 0.846 0.846 0.814 3 * 3 9 26
5.0 0.911 0.911 0.899 3 * 3 9 27
5.5 0.941 0.941 0.933 3 * 3 9 27
6.0 0.960 0.960 0.955 3 * 3 9 27
6.5 0.975 0.975 0.970 3 * 3 9 27
7.0 0.983 0.983 0.982 3 * 3 9 27
7.5 0.990 0.990 0.988 3 * 3 9 27
8.0 0.993 0.993 0.992 3 * 3 9 27
8.5 0.996 0.996 0.995 3 * 3 9 27
9.0 0.997 0.997 0.996 3 * 3 9 27
9.5 0.999 0.999 0.998 3 * 3 9 27
10.0 0.999 0.999 0.999 3 * 3 9 27
0.5 0.000 0.000 0.000 1 * 1
1.0 0.000 0.000 0.000 1 * 1
1.5 0.249 0.153 0.084 1 * 3
2.0 0.452 0.277 0.151 1 * 3
2.5 0.413 0.355 0.238 2 * 3 8
3.0 0.595 0.522 0.374 2 * 3 9
3.5 0.683 0.637 0.480 3 * 3 9 12
4.0 0.727 0.727 0.617 3 * 3 9 18
4.5 0.844 0.844 0.813 3 * 3 9 26
5.0 0.897 0.897 0.887 3 * 3 9 27
5.5 0.941 0.941 0.935 3 * 3 9 27
6.0 0.958 0.958 0.954 3 * 3 9 27
6.5 0.975 0.975 0.972 3 * 3 9 27
7.0 0.983 0.983 0.981 3 * 3 9 27
7.5 0.990 0.990 0.988 3 * 3 9 27
8.0 0.992 0.992 0.990 3 * 3 9 27
8.5 0.996 0.996 0.995 3 * 3 9 27
9.0 0.996 0.996 0.995 3 * 3 9 27
9.5 0.999 0.999 0.998 3 * 3 9 27
10.0 0.999 0.999 0.999 3 * 3 9 27
0.5 0.000 0.000 0.000 1 * 1
1.0 0.000 0.000 0.000 1 * 1
1.5 0.247 0.151 0.083 1 * 3
2.0 0.462 0.283 0.155 1 * 3
2.5 0.390 0.332 0.218 2 * 3 7
3.0 0.611 0.535 0.384 2 * 3 9
3.5 0.645 0.608 0.471 3 * 3 9 13
4.0 0.727 0.727 0.627 3 * 3 9 19
4.5 0.841 0.841 0.814 3 * 3 9 26
5.0 0.900 0.900 0.888 3 * 3 9 27
5.5 0.939 0.939 0.931 3 * 3 9 27
6.0 0.961 0.961 0.956 3 * 3 9 27
6.5 0.977 0.977 0.973 3 * 3 9 27
7.0 0.983 0.983 0.982 3 * 3 9 27
7.5 0.989 0.989 0.988 3 * 3 9 27
8.0 0.992 0.992 0.992 3 * 3 9 27
8.5 0.994 0.994 0.993 3 * 3 9 27
9.0 0.996 0.996 0.995 3 * 3 9 27
9.5 0.999 0.999 0.998 3 * 3 9 27
10.0 1.000 1.000 0.999 3 * 3 9 27
0.5 0.000 0.000 0.000 1 * 1
1.0 0.000 0.000 0.000 1 * 1
1.5 0.257 0.157 0.086 1 * 3
2.0 0.447 0.273 0.150 1 * 3
2.5 0.409 0.351 0.236 2 * 3 8
3.0 0.567 0.503 0.374 2 * 3 10
3.5 0.650 0.612 0.469 3 * 3 9 13
4.0 0.725 0.725 0.621 3 * 3 9 19
4.5 0.834 0.834 0.814 3 * 3 10 26
5.0 0.905 0.905 0.894 3 * 3 9 27
5.5 0.935 0.935 0.931 3 * 3 9 27
6.0 0.961 0.961 0.954 3 * 3 9 27
6.5 0.974 0.974 0.971 3 * 3 9 27
7.0 0.982 0.982 0.981 3 * 3 9 27
7.5 0.987 0.987 0.985 3 * 3 9 27
8.0 0.993 0.993 0.992 3 * 3 9 27
8.5 0.996 0.996 0.995 3 * 3 9 27
9.0 0.997 0.997 0.997 3 * 3 9 27
9.5 0.997 0.997 0.996 3 * 3 9 27
10.0 0.998 0.998 0.998 3 * 3 9 27
0.5 0.000 0.000 0.000 1 * 1
1.0 0.017 0.011 0.006 1 * 2
1.5 0.238 0.146 0.080 1 * 3
2.0 0.422 0.258 0.141 1 * 3
2.5 0.410 0.351 0.234 2 * 3 8
3.0 0.608 0.534 0.384 2 * 3 9
3.5 0.654 0.618 0.471 3 * 3 9 13
4.0 0.729 0.729 0.626 3 * 3 9 19
4.5 0.850 0.850 0.818 3 * 3 9 26
5.0 0.900 0.900 0.888 3 * 3 9 27
5.5 0.939 0.939 0.934 3 * 3 9 27
6.0 0.958 0.958 0.955 3 * 3 9 27
6.5 0.972 0.972 0.970 3 * 3 9 27
7.0 0.983 0.983 0.982 3 * 3 9 27
7.5 0.990 0.990 0.988 3 * 3 9 27
8.0 0.991 0.991 0.991 3 * 3 9 27
8.5 0.997 0.997 0.996 3 * 3 9 27
9.0 0.997 0.997 0.996 3 * 3 9 27
9.5 0.998 0.998 0.998 3 * 3 9 27
10.0 0.998 0.998 0.998 3 * 3 9 27
0.5 0.000 0.000 0.000 1 * 1
1.0 0.016 0.010 0.006 1 * 2
1.5 0.230 0.141 0.077 1 * 3
2.0 0.309 0.215 0.135 1 * 4
2.5 0.397 0.340 0.226 2 * 3 8
3.0 0.614 0.538 0.385 2 * 3 9
3.5 0.647 0.619 0.483 3 * 3 9 14
4.0 0.733 0.733 0.618 3 * 3 9 18
4.5 0.838 0.838 0.809 3 * 3 9 26
5.0 0.911 0.911 0.901 3 * 3 9 27
5.5 0.941 0.941 0.934 3 * 3 9 27
6.0 0.961 0.961 0.954 3 * 3 9 27
6.5 0.975 0.975 0.972 3 * 3 9 27
7.0 0.980 0.980 0.979 3 * 3 9 27
7.5 0.984 0.984 0.971 3 * 3 9 27
8.0 0.992 0.992 0.991 3 * 3 9 27
8.5 0.994 0.994 0.994 3 * 3 9 27
9.0 0.998 0.998 0.996 3 * 3 9 27
9.5 0.998 0.998 0.997 3 * 3 9 27
10.0 0.999 0.999 0.998 3 * 3 9 27
0.5 0.000 0.000 0.000 1 * 1
1.0 0.000 0.000 0.000 1 * 1
1.5 0.180 0.123 0.076 1 * 4
2.0 0.298 0.209 0.132 1 * 4
2.5 0.411 0.349 0.227 2 * 3 7
3.0 0.615 0.539 0.387 2 * 3 9
3.5 0.661 0.623 0.473 3 * 3 9 13
4.0 0.719 0.719 0.615 3 * 3 9 19
4.5 0.842 0.842 0.814 3 * 3 9 26
5.0 0.905 0.905 0.891 3 * 3 9 27
5.5 0.943 0.943 0.937 3 * 3 9 27
6.0 0.963 0.963 0.957 3 * 3 9 27
6.5 0.972 0.972 0.969 3 * 3 9 27
7.0 0.985 0.985 0.981 3 * 3 9 27
7.5 0.991 0.991 0.989 3 * 3 9 27
8.0 0.993 0.993 0.992 3 * 3 9 27
8.5 0.996 0.996 0.994 3 * 3 9 27
9.0 0.997 0.997 0.997 3 * 3 9 27
9.5 0.998 0.998 0.998 3 * 3 9 27
10.0 0.999 0.999 0.999 3 * 3 9 27
0.5 0.000 0.000 0.000 1 * 1
1.0 0.000 0.000 0.000 1 * 1
1.5 0.244 0.150 0.082 1 * 3
2.0 0.442 0.270 0.148 1 * 3
2.5 0.374 0.322 0.218 2 * 3 8
3.0 0.598 0.525 0.377 2 * 3 9
3.5 0.653 0.608 0.465 3 * 3 9 12
4.0 0.741 0.741 0.642 3 * 3 9 20
4.5 0.838 0.838 0.807 3 * 3 9 26
5.0 0.905 0.905 0.893 3 * 3 9 27
5.5 0.928 0.843 0.923 3 * 3 25 27
6.0 0.960 0.960 0.954 3 * 3 9 27
6.5 0.975 0.975 0.974 3 * 3 9 27
7.0 0.982 0.982 0.979 3 * 3 9 27
7.5 0.990 0.990 0.988 3 * 3 9 27
8.0 0.992 0.992 0.991 3 * 3 9 27
8.5 0.995 0.995 0.995 3 * 3 9 27
9.0 0.997 0.997 0.995 3 * 3 9 27
9.5 0.997 0.997 0.998 3 * 3 9 27
10.0 0.998 0.998 0.998 3 * 3 9 27
0.5 0.000 0.000 0.000 1 * 1
1.0 0.000 0.000 0.000 1 * 1
1.5 0.244 0.149 0.082 1 * 3
2.0 0.304 0.212 0.133 1 * 4
2.5 0.375 0.317 0.201 2 * 3 7
3.0 0.630 0.553 0.398 2 * 3 9
3.5 0.683 0.628 0.471 3 * 3 9 11
4.0 0.729 0.729 0.613 3 * 3 9 18
4.5 0.838 0.838 0.808 3 * 3 9 26
5.0 0.905 0.905 0.895 3 * 3 9 27
5.5 0.941 0.941 0.935 3 * 3 9 27
6.0 0.962 0.962 0.958 3 * 3 9 27
6.5 0.976 0.976 0.971 3 * 3 9 27
7.0 0.982 0.982 0.980 3 * 3 9 27
7.5 0.989 0.989 0.988 3 * 3 9 27
8.0 0.991 0.991 0.991 3 * 3 9 27
8.5 0.996 0.996 0.995 3 * 3 9 27
9.0 0.998 0.998 0.997 3 * 3 9 27
9.5 0.999 0.999 0.998 3 * 3 9 27
10.0 0.999 0.999 0.998 3 * 3 9 27
0.5 0.000 0.000 0.000 1 * 1
1.0 0.000 0.000 0.000 1 * 1
1.5 0.253 0.155 0.085 1 * 3
2.0 0.314 0.217 0.136 1 * 4
2.5 0.415 0.356 0.240 2 * 3 8
3.0 0.613 0.538 0.388 2 * 3 9
3.5 0.645 0.608 0.470 3 * 3 9 13
4.0 0.736 0.736 0.628 3 * 3 9 19
4.5 0.839 0.839 0.811 3 * 3 9 26
5.0 0.905 0.905 0.890 3 * 3 9 27
5.5 0.941 0.941 0.932 3 * 3 9 27
6.0 0.959 0.959 0.956 3 * 3 9 27
6.5 0.973 0.973 0.970 3 * 3 9 27
7.0 0.984 0.984 0.981 3 * 3 9 27
7.5 0.989 0.989 0.987 3 * 3 9 27
8.0 0.991 0.991 0.990 3 * 3 9 27
8.5 0.995 0.995 0.995 3 * 3 9 27
9.0 0.998 0.998 0.996 3 * 3 9 27
9.5 0.999 0.999 0.998 3 * 3 9 27
10.0 0.999 0.999 0.998 3 * 3 9 27
0.5 0.000 0.000 0.000 1 * 1
1.0 0.000 0.000 0.000 1 * 1
1.5 0.256 0.157 0.086 1 * 3
2.0 0.439 0.269 0.147 1 * 3
2.5 0.387 0.329 0.214 2 * 3 7
3.0 0.611 0.535 0.383 2 * 3 9
3.5 0.659 0.616 0.470 3 * 3 9 12
4.0 0.722 0.722 0.606 3 * 3 9 18
4.5 0.844 0.844 0.817 3 * 3 9 26
5.0 0.904 0.904 0.894 3 * 3 9 27
5.5 0.936 0.936 0.930 3 * 3 9 27
6.0 0.961 0.961 0.958 3 * 3 9 27
6.5 0.975 0.975 0.971 3 * 3 9 27
7.0 0.986 0.986 0.984 3 * 3 9 27
7.5 0.989 0.989 0.986 3 * 3 9 27
8.0 0.993 0.993 0.992 3 * 3 9 27
8.5 0.994 0.994 0.993 3 * 3 9 27
9.0 0.997 0.997 0.996 3 * 3 9 27
9.5 0.999 0.999 0.999 3 * 3 9 27
10.0 0.998 0.998 0.998 3 * 3 9 27
0.5 0.000 0.000 0.000 1 * 1
1.0 0.000 0.000 0.000 1 * 1
1.5 0.243 0.149 0.081 1 * 3
2.0 0.449 0.275 0.150 1 * 3
2.5 0.407 0.348 0.231 2 * 3 8
3.0 0.603 0.528 0.379 2 * 3 9
3.5 0.653 0.591 0.467 2 * 3 12
4.0 0.726 0.726 0.609 3 * 3 9 18
4.5 0.834 0.834 0.805 3 * 3 9 26
5.0 0.914 0.914 0.904 3 * 3 9 27
5.5 0.937 0.937 0.930 3 * 3 9 27
6.0 0.959 0.959 0.954 3 * 3 9 27
6.5 0.974 0.974 0.971 3 * 3 9 27
7.0 0.986 0.986 0.983 3 * 3 9 27
7.5 0.989 0.989 0.988 3 * 3 9 27
8.0 0.993 0.993 0.991 3 * 3 9 27
8.5 0.996 0.996 0.995 3 * 3 9 27
9.0 0.997 0.997 0.996 3 * 3 9 27
9.5 0.999 0.999 0.998 3 * 3 9 27
10.0 0.999 0.999 0.998 3 * 3 9 27
0.5 0.000 0.000 0.000 1 * 1
1.0 0.000 0.000 0.000 1 * 1
1.5 0.265 0.162 0.089 1 * 3
2.0 0.439 0.269 0.147 1 * 3
2.5 0.413 0.355 0.239 2 * 3 8
3.0 0.602 0.527 0.377 2 * 3 9
3.5 0.678 0.633 0.480 3 * 3 9 12
4.0 0.714 0.714 0.609 3 * 3 10 18
4.5 0.846 0.846 0.815 3 * 3 9 26
5.0 0.913 0.913 0.901 3 * 3 9 27
5.5 0.946 0.946 0.938 3 * 3 9 27
6.0 0.961 0.961 0.955 3 * 3 9 27
6.5 0.974 0.974 0.970 3 * 3 9 27
7.0 0.985 0.985 0.982 3 * 3 9 27
7.5 0.988 0.988 0.986 3 * 3 9 27
8.0 0.994 0.994 0.992 3 * 3 9 27
8.5 0.994 0.994 0.994 3 * 3 9 27
9.0 0.997 0.997 0.996 3 * 3 9 27
9.5 0.998 0.998 0.997 3 * 3 9 27
10.0 0.999 0.999 0.998 3 * 3 9 27
0.5 0.000 0.000 0.000 1 * 1
1.0 0.000 0.000 0.000 1 * 1
1.5 0.236 0.144 0.079 1 * 3
2.0 0.443 0.271 0.148 1 * 3
2.5 0.412 0.354 0.239 2 * 3 8
3.0 0.600 0.525 0.377 2 * 3 9
3.5 0.675 0.629 0.477 3 * 3 9 12
4.0 0.728 0.728 0.638 3 * 3 9 20
4.5 0.843 0.843 0.811 3 * 3 9 26
5.0 0.903 0.903 0.892 3 * 3 9 27
5.5 0.941 0.941 0.932 3 * 3 9 27
6.0 0.962 0.962 0.958 3 * 3 9 27
6.5 0.970 0.970 0.967 3 * 3 9 27
7.0 0.983 0.983 0.982 3 * 3 9 27
7.5 0.989 0.989 0.987 3 * 3 9 27
8.0 0.993 0.993 0.991 3 * 3 9 27
8.5 0.995 0.995 0.994 3 * 3 9 27
9.0 0.998 0.998 0.997 3 * 3 9 27
9.5 0.998 0.998 0.998 3 * 3 9 27
10.0 0.999 0.999 0.998 3 * 3 9 27
0.5 0.000 0.000 0.000 1 * 1
1.0 0.000 0.000 0.000 1 * 1
1.5 0.257 0.158 0.087 1 * 3
2.0 0.308 0.215 0.135 1 * 4
2.5 0.408 0.352 0.240 2 * 3 8
3.0 0.617 0.541 0.389 2 * 3 9
3.5 0.664 0.619 0.468 3 * 3 9 12
4.0 0.714 0.714 0.606 3 * 3 9 18
4.5 0.857 0.857 0.836 3 * 3 9 27
5.0 0.903 0.903 0.890 3 * 3 9 27
5.5 0.936 0.936 0.929 3 * 3 9 27
6.0 0.957 0.957 0.952 3 * 3 9 27
6.5 0.973 0.973 0.969 3 * 3 9 27
7.0 0.983 0.983 0.979 3 * 3 9 27
7.5 0.990 0.990 0.988 3 * 3 9 27
8.0 0.995 0.995 0.994 3 * 3 9 27
8.5 0.997 0.997 0.995 3 * 3 9 27
9.0 0.998 0.998 0.997 3 * 3 9 27
9.5 0.998 0.998 0.998 3 * 3 9 27
10.0 0.998 0.998 0.997 3 * 3 9 27
0.5 0.000 0.000 0.000 1 * 1
1.0 0.000 0.000 0.000 1 * 1
1.5 0.248 0.152 0.083 1 * 3
2.0 0.443 0.271 0.148 1 * 3
2.5 0.411 0.352 0.236 2 * 3 8
3.0 0.605 0.531 0.383 2 * 3 9
3.5 0.677 0.631 0.477 3 * 3 9 12
4.0 0.724 0.724 0.613 3 * 3 9 18
4.5 0.837 0.837 0.795 3 * 3 9 25
5.0 0.913 0.913 0.901 3 * 3 9 27
5.5 0.939 0.939 0.932 3 * 3 9 27
6.0 0.964 0.964 0.958 3 * 3 9 27
6.5 0.975 0.975 0.972 3 * 3 9 27
7.0 0.986 0.986 0.983 3 * 3 9 27
7.5 0.987 0.987 0.985 3 * 3 9 27
8.0 0.994 0.994 0.993 3 * 3 9 27
8.5 0.995 0.995 0.994 3 * 3 9 27
9.0 0.998 0.998 0.997 3 * 3 9 27
9.5 0.998 0.998 0.998 3 * 3 9 27
10.0 0.999 0.999 0.998 3 * 3 9 27
0.5 0.000 0.000 0.000 1 * 1
1.0 0.000 0.000 0.000 1 * 1
1.5 0.240 0.147 0.081 1 * 3
2.0 0.453 0.277 0.151 1 * 3
2.5 0.402 0.341 0.220 2 * 3 7
3.0 0.602 0.528 0.380 2 * 3 9
3.5 0.662 0.617 0.464 3 * 3 9 12
4.0 0.720 0.720 0.616 3 * 3 9 19
4.5 0.839 0.839 0.808 3 * 3 9 26
5.0 0.900 0.900 0.888 3 * 3 9 27
5.5 0.937 0.937 0.929 3 * 3 9 27
6.0 0.958 0.958 0.954 3 * 3 9 27
6.5 0.975 0.975 0.972 3 * 3 9 27
7.0 0.986 0.986 0.983 3 * 3 9 27
7.5 0.988 0.988 0.987 3 * 3 9 27
8.0 0.994 0.994 0.992 3 * 3 9 27
8.5 0.995 0.995 0.993 3 * 3 9 27
9.0 0.997 0.997 0.996 3 * 3 9 27
9.5 0.998 0.998 0.998 3 * 3 9 27
10.0 0.999 0.999 0.999 3 * 3 9 27
0.5 0.000 0.000 0.000 1 * 1
1.0 0.014 0.009 0.005 1 * 2
1.5 0.247 0.151 0.083 1 * 3
2.0 0.317 0.223 0.141 1 * 4
2.5 0.409 0.347 0.225 2 * 3 7
3.0 0.619 0.543 0.390 2 * 3 9
3.5 0.670 0.624 0.472 3 * 3 9 12
4.0 0.727 0.727 0.623 3 * 3 9 19
4.5 0.841 0.841 0.810 3 * 3 9 26
5.0 0.908 0.908 0.896 3 * 3 9 27
5.5 0.936 0.936 0.930 3 * 3 9 27
6.0 0.961 0.961 0.955 3 * 3 9 27
6.5 0.973 0.973 0.968 3 * 3 9 27
7.0 0.983 0.983 0.981 3 * 3 9 27
7.5 0.990 0.990 0.989 3 * 3 9 27
8.0 0.994 0.994 0.993 3 * 3 9 27
8.5 0.996 0.996 0.995 3 * 3 9 27
9.0 0.998 0.998 0.997 3 * 3 9 27
9.5 0.998 0.998 0.998 3 * 3 9 27
10.0 0.999 0.999 0.998 3 * 3 9 27
0.5 0.000 0.000 0.000 1 * 1
1.0 0.019 0.011 0.006 1 * 2
1.5 0.246 0.151 0.083 1 * 3
2.0 0.303 0.212 0.134 1 * 4
2.5 0.318 0.262 0.214 1 * 7
3.0 0.601 0.528 0.381 2 * 3 9
3.5 0.669 0.633 0.489 3 * 3 9 13
4.0 0.724 0.724 0.611 3 * 3 9 18
4.5 0.854 0.854 0.835 3 * 3 9 27
5.0 0.900 0.900 0.889 3 * 3 9 27
5.5 0.938 0.938 0.932 3 * 3 9 27
6.0 0.963 0.963 0.957 3 * 3 9 27
6.5 0.975 0.975 0.972 3 * 3 9 27
7.0 0.983 0.983 0.980 3 * 3 9 27
7.5 0.989 0.989 0.987 3 * 3 9 27
8.0 0.993 0.993 0.991 3 * 3 9 27
8.5 0.996 0.996 0.994 3 * 3 9 27
9.0 0.997 0.997 0.996 3 * 3 9 27
9.5 0.999 0.999 0.999 3 * 3 9 27
10.0 0.998 0.998 0.998 3 * 3 9 27
0.5 0.000 0.000 0.000 1 * 1
1.0 0.000 0.000 0.000 1 * 1
1.5 0.265 0.162 0.089 1 * 3
2.0 0.445 0.272 0.149 1 * 3
2.5 0.394 0.338 0.225 2 * 3 8
3.0 0.605 0.530 0.380 2 * 3 9
3.5 0.680 0.634 0.479 3 * 3 9 12
4.0 0.721 0.721 0.607 3 * 3 9 18
4.5 0.844 0.844 0.814 3 * 3 9 26
5.0 0.902 0.902 0.888 3 * 3 9 27
5.5 0.938 0.938 0.930 3 * 3 9 27
6.0 0.962 0.962 0.956 3 * 3 9 27
6.5 0.973 0.973 0.969 3 * 3 9 27
7.0 0.985 0.985 0.982 3 * 3 9 27
7.5 0.989 0.989 0.987 3 * 3 9 27
8.0 0.993 0.993 0.992 3 * 3 9 27
8.5 0.996 0.996 0.996 3 * 3 9 27
9.0 0.998 0.998 0.997 3 * 3 9 27
9.5 0.997 0.997 0.998 3 * 3 9 27
10.0 0.999 0.999 0.999 3 * 3 9 27
0.5 0.000 0.000 0.000 1 * 1
1.0 0.000 0.000 0.000 1 * 1
1.5 0.245 0.151 0.083 1 * 3
2.0 0.443 0.271 0.148 1 * 3
2.5 0.412 0.354 0.238 2 * 3 8
3.0 0.618 0.541 0.387 2 * 3 9
3.5 0.660 0.625 0.485 3 * 3 9 13
4.0 0.720 0.720 0.607 3 * 3 9 18
4.5 0.841 0.841 0.813 3 * 3 9 26
5.0 0.902 0.902 0.890 3 * 3 9 27
5.5 0.942 0.942 0.933 3 * 3 9 27
6.0 0.958 0.958 0.954 3 * 3 9 27
6.5 0.973 0.973 0.971 3 * 3 9 27
7.0 0.981 0.981 0.978 3 * 3 9 27
7.5 0.987 0.987 0.986 3 * 3 9 27
8.0 0.995 0.995 0.993 3 * 3 9 27
8.5 0.995 0.995 0.995 3 * 3 9 27
9.0 0.997 0.997 0.996 3 * 3 9 27
9.5 0.999 0.999 0.999 3 * 3 9 27
10.0 0.999 0.999 0.999 3 * 3 9 27
0.5 0.000 0.000 0.000 1 * 1
1.0 0.006 0.004 0.003 1 * 2
1.5 0.232 0.142 0.078 1 * 3
2.0 0.307 0.214 0.135 1 * 4
2.5 0.388 0.332 0.222 2 * 3 8
3.0 0.618 0.542 0.392 2 * 3 9
3.5 0.669 0.624 0.478 3 * 3 9 12
4.0 0.729 0.729 0.652 3 * 3 10 21
4.5 0.816 0.816 0.769 3 * 3 9 24
5.0 0.900 0.900 0.889 3 * 3 9 27
5.5 0.936 0.936 0.928 3 * 3 9 27
6.0 0.965 0.965 0.958 3 * 3 9 27
6.5 0.973 0.973 0.969 3 * 3 9 27
7.0 0.982 0.982 0.980 3 * 3 9 27
7.5 0.989 0.989 0.988 3 * 3 9 27
8.0 0.994 0.994 0.994 3 * 3 9 27
8.5 0.996 0.996 0.995 3 * 3 9 27
9.0 0.996 0.996 0.995 3 * 3 9 27
9.5 0.998 0.998 0.997 3 * 3 9 27
10.0 0.998 0.998 0.998 3 * 3 9 27
0.5 0.000 0.000 0.000 1 * 1
1.0 0.000 0.000 0.000 1 * 1
1.5 0.245 0.150 0.082 1 * 3
2.0 0.315 0.219 0.137 1 * 4
2.5 0.386 0.331 0.219 2 * 3 8
3.0 0.615 0.539 0.388 2 * 3 9
3.5 0.670 0.625 0.473 3 * 3 9 12
4.0 0.727 0.727 0.623 3 * 3 9 19
4.5 0.853 0.853 0.835 3 * 3 9 27
5.0 0.908 0.908 0.893 3 * 3 9 27
5.5 0.937 0.937 0.929 3 * 3 9 27
6.0 0.960 0.960 0.955 3 * 3 9 27
6.5 0.975 0.975 0.973 3 * 3 9 27
7.0 0.985 0.985 0.983 3 * 3 9 27
7.5 0.988 0.988 0.986 3 * 3 9 27
8.0 0.994 0.994 0.993 3 * 3 9 27
8.5 0.996 0.996 0.995 3 * 3 9 27
9.0 0.997 0.997 0.997 3 * 3 9 27
9.5 0.998 0.998 0.998 3 * 3 9 27
10.0 0.999 0.999 0.999 3 * 3 9 27
0.5 0.000 0.000 0.000 1 * 1
1.0 0.031 0.019 0.010 1 * 2
1.5 0.237 0.145 0.080 1 * 3
2.0 0.303 0.212 0.134 1 * 4
2.5 0.408 0.351 0.237 2 * 3 8
3.0 0.565 0.502 0.377 2 * 3 10
3.5 0.660 0.615 0.467 3 * 3 9 12
4.0 0.719 0.719 0.605 3 * 3 9 18
4.5 0.839 0.839 0.807 3 * 3 9 26
5.0 0.906 0.906 0.895 3 * 3 9 27
5.5 0.937 0.937 0.931 3 * 3 9 27
6.0 0.964 0.964 0.958 3 * 3 9 27
6.5 0.973 0.973 0.969 3 * 3 9 27
7.0 0.986 0.986 0.984 3 * 3 9 27
7.5 0.991 0.991 0.990 3 * 3 9 27
8.0 0.992 0.992 0.991 3 * 3 9 27
8.5 0.995 0.995 0.994 3 * 3 9 27
9.0 0.997 0.997 0.996 3 * 3 9 27
9.5 0.998 0.998 0.998 3 * 3 9 27
10.0 0.999 0.999 0.999 3 * 3 9 27
0.5 0.000 0.000 0.000 1 * 1
1.0 0.010 0.006 0.004 1 * 2
1.5 0.257 0.157 0.086 1 * 3
2.0 0.443 0.271 0.149 1 * 3
2.5 0.394 0.333 0.213 2 * 3 7
3.0 0.564 0.502 0.376 2 * 3 10
3.5 0.660 0.622 0.474 3 * 3 9 13
4.0 0.727 0.727 0.622 3 * 3 9 19
4.5 0.838 0.838 0.798 3 * 3 9 25
5.0 0.909 0.909 0.897 3 * 3 9 27
5.5 0.938 0.938 0.929 3 * 3 9 27
6.0 0.962 0.962 0.957 3 * 3 9 27
6.5 0.973 0.973 0.971 3 * 3 9 27
7.0 0.985 0.985 0.982 3 * 3 9 27
7.5 0.988 0.988 0.986 3 * 3 9 27
8.0 0.992 0.992 0.991 3 * 3 9 27
8.5 0.996 0.996 0.995 3 * 3 9 27
9.0 0.996 0.996 0.996 3 * 3 9 27
9.5 0.999 0.999 0.998 3 * 3 9 27
10.0 0.999 0.999 0.998 3 * 3 9 27
0.5 0.000 0.000 0.000 1 * 1
1.0 0.000 0.000 0.000 1 * 1
1.5 0.259 0.159 0.087 1 * 3
2.0 0.305 0.212 0.133 1 * 4
2.5 0.425 0.366 0.248 2 * 3 8
3.0 0.544 0.485 0.367 2 * 3 10
3.5 0.664 0.619 0.467 3 * 3 9 12
4.0 0.720 0.720 0.612 3 * 3 9 19
4.5 0.848 0.848 0.817 3 * 3 9 26
5.0 0.899 0.899 0.887 3 * 3 9 27
5.5 0.937 0.937 0.933 3 * 3 9 27
6.0 0.960 0.960 0.954 3 * 3 9 27
6.5 0.976 0.976 0.972 3 * 3 9 27
7.0 0.983 0.983 0.981 3 * 3 9 27
7.5 0.988 0.988 0.985 3 * 3 9 27
8.0 0.994 0.994 0.992 3 * 3 9 27
8.5 0.995 0.995 0.994 3 * 3 9 27
9.0 0.997 0.997 0.997 3 * 3 9 27
9.5 0.998 0.998 0.998 3 * 3 9 27
10.0 0.999 0.999 0.999 3 * 3 9 27
0.5 0.000 0.000 0.000 1 * 1
1.0 0.000 0.000 0.000 1 * 1
1.5 0.266 0.163 0.089 1 * 3
2.0 0.447 0.273 0.149 1 * 3
2.5 0.395 0.333 0.209 2 * 3 6
3.0 0.569 0.505 0.378 2 * 3 10
3.5 0.646 0.585 0.462 2 * 3 11
4.0 0.725 0.725 0.620 3 * 3 9 19
4.5 0.849 0.849 0.819 3 * 3 9 26
5.0 0.902 0.902 0.891 3 * 3 9 27
5.5 0.939 0.939 0.932 3 * 3 9 27
6.0 0.962 0.962 0.955 3 * 3 9 27
6.5 0.972 0.972 0.969 3 * 3 9 27
7.0 0.986 0.986 0.984 3 * 3 9 27
7.5 0.989 0.989 0.988 3 * 3 9 27
8.0 0.994 0.994 0.993 3 * 3 9 27
8.5 0.997 0.997 0.996 3 * 3 9 27
9.0 0.997 0.997 0.997 3 * 3 9 27
9.5 0.998 0.998 0.997 3 * 3 9 27
10.0 0.999 0.999 0.998 3 * 3 9 27
0.5 0.000 0.000 0.000 1 * 1
1.0 0.000 0.000 0.000 1 * 1
1.5 0.235 0.144 0.079 1 * 3
2.0 0.445 0.272 0.149 1 * 3
2.5 0.394 0.337 0.225 2 * 3 8
3.0 0.598 0.525 0.377 2 * 3 9
3.5 0.668 0.624 0.474 3 * 3 9 12
4.0 0.736 0.736 0.630 3 * 3 9 19
4.5 0.852 0.852 0.819 3 * 3 9 26
5.0 0.905 0.905 0.894 3 * 3 9 27
5.5 0.940 0.940 0.934 3 * 3 9 27
6.0 0.961 0.961 0.957 3 * 3 9 27
6.5 0.976 0.976 0.974 3 * 3 9 27
7.0 0.983 0.983 0.980 3 * 3 9 27
7.5 0.990 0.990 0.989 3 * 3 9 27
8.0 0.993 0.993 0.992 3 * 3 9 27
8.5 0.998 0.998 0.997 3 * 3 9 27
9.0 0.997 0.997 0.996 3 * 3 9 27
9.5 0.999 0.999 0.998 3 * 3 9 27
10.0 0.998 0.998 0.998 3 * 3 9 27
0.5 0.000 0.000 0.000 1 * 1
1.0 0.000 0.000 0.000 1 * 1
1.5 0.226 0.138 0.076 1 * 3
2.0 0.294 0.205 0.129 1 * 4
2.5 0.403 0.345 0.229 2 * 3 8
3.0 0.610 0.535 0.385 2 * 3 9
3.5 0.682 0.635 0.481 3 * 3 9 12
4.0 0.734 0.734 0.626 3 * 3 9 19
4.5 0.834 0.834 0.795 3 * 3 9 25
5.0 0.908 0.908 0.896 3 * 3 9 27
5.5 0.935 0.935 0.929 3 * 3 9 27
6.0 0.963 0.963 0.960 3 * 3 9 27
6.5 0.977 0.977 0.972 3 * 3 9 27
7.0 0.984 0.984 0.982 3 * 3 9 27
7.5 0.987 0.987 0.985 3 * 3 9 27
8.0 0.992 0.992 0.990 3 * 3 9 27
8.5 0.996 0.996 0.995 3 * 3 9 27
9.0 0.998 0.998 0.997 3 * 3 9 27
9.5 0.998 0.998 0.998 3 * 3 9 27
10.0 0.999 0.999 0.998 3 * 3 9 27
0.5 0.000 0.000 0.000 1 * 1
1.0 0.028 0.018 0.010 1 * 2
1.5 0.232 0.142 0.077 1 * 3
2.0 0.300 0.211 0.133 1 * 4
2.5 0.396 0.337 0.218 2 * 3 7
3.0 0.548 0.488 0.368 2 * 3 10
3.5 0.662 0.617 0.466 3 * 3 9 12
4.0 0.740 0.740 0.645 3 * 3 9 20
4.5 0.835 0.835 0.795 3 * 3 9 25
5.0 0.906 0.906 0.894 3 * 3 9 27
5.5 0.942 0.942 0.932 3 * 3 9 27
6.0 0.962 0.962 0.955 3 * 3 9 27
6.5 0.975 0.975 0.972 3 * 3 9 27
7.0 0.984 0.984 0.982 3 * 3 9 27
7.5 0.990 0.990 0.989 3 * 3 9 27
8.0 0.993 0.993 0.992 3 * 3 9 27
8.5 0.995 0.995 0.994 3 * 3 9 27
9.0 0.997 0.997 0.996 3 * 3 9 27
9.5 0.998 0.998 0.998 3 * 3 9 27
10.0 0.998 0.998 0.998 3 * 3 9 27
0.5 0.000 0.000 0.000 1 * 1
1.0 0.000 0.000 0.000 1 * 1
1.5 0.267 0.163 0.089 1 * 3
2.0 0.440 0.269 0.147 1 * 3
2.5 0.433 0.373 0.254 2 * 3 9
3.0 0.569 0.508 0.384 2 * 3 10
3.5 0.673 0.627 0.476 3 * 3 9 12
4.0 0.736 0.736 0.638 3 * 3 9 20
4.5 0.844 0.844 0.813 3 * 3 9 26
5.0 0.906 0.906 0.893 3 * 3 9 27
5.5 0.942 0.942 0.933 3 * 3 9 27
6.0 0.959 0.959 0.955 3 * 3 9 27
6.5 0.974 0.974 0.972 3 * 3 9 27
7.0 0.984 0.984 0.980 3 * 3 9 27
7.5 0.989 0.989 0.987 3 * 3 9 27
8.0 0.993 0.993 0.990 3 * 3 9 27
8.5 0.995 0.995 0.995 3 * 3 9 27
9.0 0.998 0.998 0.997 3 * 3 9 27
9.5 0.999 0.999 0.997 3 * 3 9 27
10.0 0.999 0.999 0.999 3 * 3 9 27
0.5 0.000 0.000 0.000 1 * 1
1.0 0.033 0.020 0.011 1 * 2
1.5 0.265 0.162 0.089 1 * 3
2.0 0.301 0.210 0.132 1 * 4
2.5 0.396 0.339 0.225 2 * 3 8
3.0 0.602 0.528 0.378 2 * 3 9
3.5 0.671 0.625 0.473 3 * 3 9 12
4.0 0.730 0.730 0.622 3 * 3 9 19
4.5 0.839 0.839 0.811 3 * 3 9 26
5.0 0.908 0.908 0.895 3 * 3 9 27
5.5 0.939 0.939 0.933 3 * 3 9 27
6.0 0.962 0.962 0.957 3 * 3 9 27
6.5 0.973 0.973 0.970 3 * 3 9 27
7.0 0.985 0.985 0.982 3 * 3 9 27
7.5 0.989 0.989 0.988 3 * 3 9 27
8.0 0.993 0.993 0.994 3 * 3 9 27
8.5 0.995 0.995 0.994 3 * 3 9 27
9.0 0.996 0.996 0.996 3 * 3 9 27
9.5 0.998 0.998 0.998 3 * 3 9 27
10.0 0.999 0.999 0.999 3 * 3 9 27
0.5 0.000 0.000 0.000 1 * 1
1.0 0.021 0.013 0.007 1 * 2
1.5 0.251 0.154 0.084 1 * 3
2.0 0.313 0.219 0.137 1 * 4
2.5 0.427 0.368 0.251 2 * 3 8
3.0 0.621 0.545 0.393 2 * 3 9
3.5 0.647 0.586 0.463 2 * 3 12
4.0 0.727 0.727 0.632 3 * 3 9 20
4.5 0.851 0.851 0.820 3 * 3 9 26
5.0 0.905 0.905 0.891 3 * 3 9 27
5.5 0.941 0.941 0.933 3 * 3 9 27
6.0 0.964 0.964 0.958 3 * 3 9 27
6.5 0.977 0.977 0.973 3 * 3 9 27
7.0 0.983 0.983 0.980 3 * 3 9 27
7.5 0.989 0.989 0.987 3 * 3 9 27
8.0 0.993 0.993 0.991 3 * 3 9 27
8.5 0.995 0.995 0.994 3 * 3 9 27
9.0 0.997 0.997 0.996 3 * 3 9 27
9.5 0.997 0.997 0.998 3 * 3 9 27
10.0 0.999 0.999 0.998 3 * 3 9 27
0.5 0.000 0.000 0.000 1 * 1
1.0 0.000 0.000 0.000 1 * 1
1.5 0.255 0.156 0.085 1 * 3
2.0 0.310 0.215 0.135 1 * 4
2.5 0.405 0.344 0.221 2 * 3 7
3.0 0.612 0.536 0.384 2 * 3 9
3.5 0.685 0.631 0.474 3 * 3 9 11
4.0 0.719 0.719 0.600 3 * 3 9 18
4.5 0.855 0.855 0.837 3 * 3 9 27
5.0 0.908 0.908 0.897 3 * 3 9 27
5.5 0.941 0.941 0.935 3 * 3 9 27
6.0 0.964 0.964 0.957 3 * 3 9 27
6.5 0.978 0.978 0.975 3 * 3 9 27
7.0 0.984 0.984 0.982 3 * 3 9 27
7.5 0.990 0.990 0.989 3 * 3 9 27
8.0 0.994 0.994 0.993 3 * 3 9 27
8.5 0.995 0.995 0.994 3 * 3 9 27
9.0 0.998 0.998 0.998 3 * 3 9 27
9.5 0.998 0.998 0.998 3 * 3 9 27
10.0 0.998 0.998 0.998 3 * 3 9 27
0.5 0.000 0.000 0.000 1 * 1
1.0 0.000 0.000 0.000 1 * 1
1.5 0.247 0.152 0.083 1 * 3
2.0 0.305 0.213 0.133 1 * 4
2.5 0.417 0.357 0.237 2 * 3 8
3.0 0.617 0.542 0.391 2 * 3 9
3.5 0.646 0.585 0.461 2 * 3 11
4.0 0.741 0.741 0.640 3 * 3 9 20
4.5 0.838 0.838 0.809 3 * 3 9 26
5.0 0.908 0.908 0.896 3 * 3 9 27
5.5 0.941 0.941 0.934 3 * 3 9 27
6.0 0.961 0.961 0.957 3 * 3 9 27
6.5 0.973 0.973 0.969 3 * 3 9 27
7.0 0.984 0.984 0.982 3 * 3 9 27
7.5 0.991 0.991 0.989 3 * 3 9 27
8.0 0.994 0.994 0.992 3 * 3 9 27
8.5 0.996 0.996 0.995 3 * 3 9 27
9.0 0.997 0.997 0.996 3 * 3 9 27
9.5 0.999 0.999 0.999 3 * 3 9 27
10.0 0.998 0.998 0.998 3 * 3 9 27
0.5 0.000 0.000 0.000 1 * 1
1.0 0.000 0.000 0.000 1 * 1
1.5 0.241 0.147 0.081 1 * 3
2.0 0.305 0.211 0.132 1 * 4
2.5 0.411 0.354 0.240 2 * 3 8
3.0 0.608 0.533 0.383 2 * 3 9
3.5 0.647 0.613 0.472 3 * 3 9 13
4.0 0.720 0.720 0.604 3 * 3 9 18
4.5 0.848 0.848 0.829 3 * 3 9 27
5.0 0.902 0.902 0.891 3 * 3 9 27
5.5 0.936 0.936 0.930 3 * 3 9 27
6.0 0.961 0.961 0.957 3 * 3 9 27
6.5 0.976 0.976 0.972 3 * 3 9 27
7.0 0.983 0.983 0.981 3 * 3 9 27
7.5 0.992 0.992 0.990 3 * 3 9 27
8.0 0.994 0.994 0.993 3 * 3 9 27
8.5 0.995 0.995 0.994 3 * 3 9 27
9.0 0.997 0.997 0.997 3 * 3 9 27
9.5 0.998 0.998 0.997 3 * 3 9 27
10.0 0.999 0.999 0.998 3 * 3 9 27
0.5 0.000 0.000 0.000 1 * 1
1.0 0.040 0.025 0.014 1 * 3
1.5 0.260 0.159 0.087 1 * 3
2.0 0.309 0.215 0.134 1 * 4
2.5 0.388 0.329 0.213 2 * 3 7
3.0 0.615 0.538 0.385 2 * 3 9
3.5 0.661 0.615 0.469 3 * 3 9 12
4.0 0.736 0.736 0.629 3 * 3 9 19
4.5 0.837 0.837 0.806 3 * 3 9 26
5.0 0.909 0.909 0.897 3 * 3 9 27
5.5 0.938 0.938 0.931 3 * 3 9 27
6.0 0.957 0.957 0.953 3 * 3 9 27
6.5 0.976 0.976 0.971 3 * 3 9 27
7.0 0.982 0.982 0.979 3 * 3 9 27
7.5 0.988 0.988 0.985 3 * 3 9 27
8.0 0.993 0.993 0.992 3 * 3 9 27
8.5 0.995 0.995 0.994 3 * 3 9 27
9.0 0.997 0.997 0.996 3 * 3 9 27
9.5 0.999 0.999 0.999 3 * 3 9 27
10.0 0.999 0.999 0.999 3 * 3 9 27
0.5 0.000 0.000 0.000 1 * 1
1.0 0.000 0.000 0.000 1 * 1
1.5 0.233 0.143 0.078 1 * 3
2.0 0.453 0.277 0.151 1 * 3
2.5 0.412 0.355 0.239 2 * 3 8
3.0 0.595 0.522 0.376 2 * 3 9
3.5 0.669 0.624 0.470 3 * 3 9 12
4.0 0.722 0.722 0.603 3 * 3 9 18
4.5 0.854 0.854 0.830 3 * 3 9 27
5.0 0.902 0.902 0.889 3 * 3 9 27
5.5 0.941 0.941 0.932 3 * 3 9 27
6.0 0.961 0.961 0.956 3 * 3 9 27
6.5 0.974 0.974 0.971 3 * 3 9 27
7.0 0.982 0.982 0.979 3 * 3 9 27
7.5 0.990 0.990 0.988 3 * 3 9 27
8.0 0.993 0.993 0.993 3 * 3 9 27
8.5 0.997 0.997 0.995 3 * 3 9 27
9.0 0.998 0.998 0.997 3 * 3 9 27
9.5 0.998 0.998 0.998 3 * 3 9 27
10.0 0.999 0.999 0.998 3 * 3 9 27
0.5 0.000 0.000 0.000 1 * 1
1.0 0.000 0.000 0.000 1 * 1
1.5 0.231 0.142 0.078 1 * 3
2.0 0.436 0.267 0.146 1 * 3
2.5 0.407 0.345 0.221 2 * 3 7
3.0 0.609 0.534 0.385 2 * 3 9
3.5 0.661 0.625 0.479 3 * 3 9 13
4.0 0.730 0.730 0.639 3 * 3 9 20
4.5 0.857 0.857 0.839 3 * 3 9 27
5.0 0.908 0.908 0.896 3 * 3 9 27
5.5 0.934 0.934 0.927 3 * 3 9 27
6.0 0.962 0.962 0.955 3 * 3 9 27
6.5 0.973 0.973 0.970 3 * 3 9 27
7.0 0.983 0.983 0.981 3 * 3 9 27
7.5 0.991 0.991 0.989 3 * 3 9 27
8.0 0.994 0.994 0.993 3 * 3 9 27
8.5 0.995 0.995 0.994 3 * 3 9 27
9.0 0.998 0.998 0.997 3 * 3 9 27
9.5 0.999 0.999 0.998 3 * 3 9 27
10.0 0.999 0.999 0.999 3 * 3 9 27
