0.5 0.000 0.000 0.000 1 * 1
1.0 0.000 0.000 0.000 1 * 1
1.5 0.256 0.229 0.210 1 * 3
2.0 0.437 0.390 0.358 1 * 3
0.5 0.000 0.000 0.000 1 * 1
1.0 0.000 0.000 0.000 1 * 1
1.5 0.260 0.212 0.181 1 * 3
2.0 0.448 0.365 0.311 1 * 3
2.5 0.430 0.416 0.391 2 * 3 5
3.0 0.529 0.511 0.474 2 * 3 6
3.5 0.672 0.660 0.635 2 * 3 5
4.0 0.709 0.752 0.588 3 * 3 5 7
4.5 0.631 0.542 0.631 1 * 7
5.0 0.722 0.664 0.706 2 * 5 7
5.5 0.791 0.791 0.781 3 * 3 5 7
6.0 0.849 0.849 0.843 3 * 3 5 7
6.5 0.878 0.878 0.872 3 * 3 5 7
7.0 0.904 0.904 0.901 3 * 3 5 7
7.5 0.934 0.934 0.933 3 * 3 5 7
8.0 0.944 0.944 0.943 3 * 3 5 7
8.5 0.963 0.963 0.963 3 * 3 5 7
9.0 0.966 0.966 0.966 3 * 3 5 7
9.5 0.978 0.978 0.978 3 * 3 5 7
10.0 0.983 0.983 0.983 3 * 3 5 7
0.5 0.000 0.000 0.000 1 * 1
1.0 0.000 0.000 0.000 1 * 1
1.5 0.248 0.202 0.172 1 * 3
2.0 0.445 0.362 0.309 1 * 3
2.5 0.417 0.401 0.370 2 * 3 5
3.0 0.563 0.551 0.527 2 * 3 5
3.5 0.626 0.607 0.571 2 * 3 6
4.0 0.729 0.773 0.604 3 * 3 5 7
4.5 0.635 0.547 0.635 1 * 7
5.0 0.730 0.671 0.713 2 * 5 7
5.5 0.800 0.800 0.789 3 * 3 5 7
6.0 0.846 0.846 0.840 3 * 3 5 7
6.5 0.887 0.887 0.881 3 * 3 5 7
7.0 0.907 0.907 0.903 3 * 3 5 7
7.5 0.930 0.930 0.928 3 * 3 5 7
8.0 0.946 0.946 0.944 3 * 3 5 7
8.5 0.956 0.956 0.955 3 * 3 5 7
9.0 0.968 0.968 0.968 3 * 3 5 7
9.5 0.976 0.976 0.976 3 * 3 5 7
10.0 0.979 0.979 0.980 3 * 3 5 7
0.5 0.000 0.000 0.000 1 * 1
1.0 0.000 0.000 0.000 1 * 1
1.5 0.266 0.217 0.184 1 * 3
2.0 0.451 0.368 0.313 1 * 3
2.5 0.416 0.403 0.376 2 * 3 5
3.0 0.562 0.550 0.526 2 * 3 5
3.5 0.674 0.661 0.634 2 * 3 5
4.0 0.712 0.754 0.589 3 * 3 5 7
4.5 0.698 0.672 0.649 2 * 3 7
5.0 0.714 0.614 0.714 1 * 7
5.5 0.788 0.788 0.778 3 * 3 5 7
6.0 0.839 0.839 0.831 3 * 3 5 7
6.5 0.879 0.879 0.873 3 * 3 5 7
7.0 0.899 0.899 0.896 3 * 3 5 7
7.5 0.926 0.926 0.924 3 * 3 5 7
8.0 0.942 0.942 0.941 3 * 3 5 7
8.5 0.959 0.959 0.959 3 * 3 5 7
9.0 0.966 0.966 0.966 3 * 3 5 7
9.5 0.975 0.975 0.975 3 * 3 5 7
10.0 0.981 0.981 0.981 3 * 3 5 7
0.5 0.000 0.000 0.000 1 * 1
1.0 0.000 0.000 0.000 1 * 1
1.5 0.218 0.178 0.151 1 * 3
2.0 0.450 0.367 0.312 1 * 3
2.5 0.441 0.424 0.407 1 * 4
3.0 0.562 0.550 0.526 2 * 3 5
3.5 0.618 0.600 0.565 2 * 3 6
4.0 0.565 0.488 0.565 1 * 7
4.5 0.628 0.540 0.628 1 * 7
5.0 0.726 0.667 0.710 2 * 5 7
5.5 0.800 0.800 0.791 3 * 3 5 7
6.0 0.849 0.849 0.843 3 * 3 5 7
6.5 0.878 0.878 0.872 3 * 3 5 7
7.0 0.908 0.908 0.905 3 * 3 5 7
7.5 0.927 0.927 0.925 3 * 3 5 7
8.0 0.949 0.949 0.948 3 * 3 5 7
8.5 0.956 0.956 0.956 3 * 3 5 7
9.0 0.969 0.969 0.969 3 * 3 5 7
9.5 0.974 0.974 0.974 3 * 3 5 7
10.0 0.982 0.982 0.983 3 * 3 5 7
0.5 0.000 0.000 0.000 1 * 1
1.0 0.000 0.000 0.000 1 * 1
1.5 0.245 0.199 0.170 1 * 3
2.0 0.439 0.358 0.305 1 * 3
2.5 0.447 0.433 0.404 2 * 3 5
3.0 0.556 0.544 0.519 2 * 3 5
3.5 0.659 0.647 0.622 2 * 3 5
4.0 0.705 0.685 0.647 2 * 3 6
4.5 0.626 0.539 0.626 1 * 7
5.0 0.724 0.665 0.706 2 * 5 7
5.5 0.792 0.792 0.783 3 * 3 5 7
6.0 0.848 0.848 0.840 3 * 3 5 7
6.5 0.885 0.885 0.880 3 * 3 5 7
7.0 0.913 0.913 0.909 3 * 3 5 7
7.5 0.936 0.936 0.934 3 * 3 5 7
8.0 0.945 0.945 0.945 3 * 3 5 7
8.5 0.963 0.963 0.962 3 * 3 5 7
9.0 0.974 0.974 0.973 3 * 3 5 7
9.5 0.978 0.978 0.978 3 * 3 5 7
10.0 0.983 0.983 0.984 3 * 3 5 7
0.5 0.000 0.000 0.000 1 * 1
1.0 0.023 0.019 0.016 1 * 2
1.5 0.236 0.192 0.164 1 * 3
2.0 0.447 0.364 0.309 1 * 3
2.5 0.389 0.367 0.389 1 * 5
3.0 0.566 0.555 0.535 2 * 3 5
3.5 0.670 0.658 0.634 2 * 3 5
4.0 0.694 0.675 0.637 2 * 3 6
4.5 0.628 0.541 0.628 1 * 7
5.0 0.708 0.654 0.689 2 * 5 7
5.5 0.788 0.788 0.779 3 * 3 5 7
6.0 0.847 0.868 0.769 3 * 3 5 7
6.5 0.864 0.864 0.859 3 * 3 5 7
7.0 0.906 0.906 0.902 3 * 3 5 7
7.5 0.926 0.926 0.924 3 * 3 5 7
8.0 0.944 0.944 0.943 3 * 3 5 7
8.5 0.961 0.961 0.961 3 * 3 5 7
9.0 0.975 0.975 0.975 3 * 3 5 7
9.5 0.977 0.977 0.977 3 * 3 5 7
10.0 0.981 0.981 0.982 3 * 3 5 7
0.5 0.000 0.000 0.000 1 * 1
1.0 0.021 0.017 0.014 1 * 3
1.5 0.268 0.218 0.186 1 * 3
2.0 0.437 0.356 0.303 1 * 3
2.5 0.428 0.413 0.384 2 * 3 5
3.0 0.560 0.548 0.523 2 * 3 5
3.5 0.679 0.665 0.637 2 * 3 5
4.0 0.635 0.565 0.635 1 * 6
4.5 0.638 0.550 0.638 1 * 7
5.0 0.723 0.665 0.706 2 * 5 7
5.5 0.790 0.790 0.782 3 * 3 5 7
6.0 0.831 0.831 0.824 3 * 3 5 7
6.5 0.880 0.880 0.875 3 * 3 5 7
7.0 0.907 0.907 0.902 3 * 3 5 7
7.5 0.928 0.928 0.926 3 * 3 5 7
8.0 0.944 0.944 0.942 3 * 3 5 7
8.5 0.953 0.953 0.953 3 * 3 5 7
9.0 0.970 0.970 0.970 3 * 3 5 7
9.5 0.973 0.973 0.974 3 * 3 5 7
10.0 0.980 0.980 0.980 3 * 3 5 7
0.5 0.000 0.000 0.000 1 * 1
1.0 0.000 0.000 0.000 1 * 1
1.5 0.257 0.210 0.178 1 * 3
2.0 0.465 0.379 0.322 1 * 3
2.5 0.390 0.369 0.390 1 * 5
3.0 0.562 0.551 0.529 2 * 3 5
3.5 0.665 0.652 0.626 2 * 3 5
4.0 0.706 0.749 0.585 3 * 3 5 7
4.5 0.671 0.621 0.650 2 * 5 7
5.0 0.740 0.678 0.724 2 * 5 7
5.5 0.797 0.797 0.788 3 * 3 5 7
6.0 0.842 0.842 0.834 3 * 3 5 7
6.5 0.881 0.881 0.875 3 * 3 5 7
7.0 0.915 0.915 0.911 3 * 3 5 7
7.5 0.931 0.931 0.929 3 * 3 5 7
8.0 0.950 0.950 0.949 3 * 3 5 7
8.5 0.963 0.963 0.962 3 * 3 5 7
9.0 0.972 0.972 0.971 3 * 3 5 7
9.5 0.974 0.974 0.975 3 * 3 5 7
10.0 0.981 0.981 0.982 3 * 3 5 7
0.5 0.000 0.000 0.000 1 * 1
1.0 0.000 0.000 0.000 1 * 1
1.5 0.250 0.204 0.174 1 * 3
2.0 0.439 0.358 0.305 1 * 3
2.5 0.446 0.431 0.412 1 * 4
3.0 0.563 0.551 0.526 2 * 3 5
3.5 0.683 0.671 0.645 2 * 3 5
4.0 0.702 0.683 0.646 2 * 3 6
4.5 0.644 0.554 0.644 1 * 7
5.0 0.738 0.675 0.722 2 * 5 7
5.5 0.799 0.799 0.789 3 * 3 5 7
6.0 0.841 0.841 0.834 3 * 3 5 7
6.5 0.879 0.879 0.874 3 * 3 5 7
7.0 0.911 0.911 0.908 3 * 3 5 7
7.5 0.934 0.934 0.931 3 * 3 5 7
8.0 0.948 0.948 0.948 3 * 3 5 7
8.5 0.962 0.962 0.961 3 * 3 5 7
9.0 0.967 0.967 0.967 3 * 3 5 7
9.5 0.980 0.980 0.980 3 * 3 5 7
10.0 0.985 0.985 0.985 3 * 3 5 7
0.5 0.000 0.000 0.000 1 * 1
1.0 0.000 0.000 0.000 1 * 1
1.5 0.264 0.215 0.183 1 * 3
2.0 0.442 0.361 0.307 1 * 3
2.5 0.425 0.411 0.384 2 * 3 5
3.0 0.566 0.554 0.528 2 * 3 5
3.5 0.625 0.606 0.569 2 * 3 6
4.0 0.714 0.757 0.591 3 * 3 5 7
4.5 0.641 0.551 0.641 1 * 7
5.0 0.717 0.617 0.717 1 * 7
5.5 0.785 0.785 0.776 3 * 3 5 7
6.0 0.837 0.837 0.828 3 * 3 5 7
6.5 0.877 0.877 0.870 3 * 3 5 7
7.0 0.919 0.919 0.916 3 * 3 5 7
7.5 0.930 0.930 0.928 3 * 3 5 7
8.0 0.935 0.935 0.934 3 * 3 5 7
8.5 0.957 0.957 0.957 3 * 3 5 7
9.0 0.970 0.970 0.970 3 * 3 5 7
9.5 0.981 0.981 0.981 3 * 3 5 7
10.0 0.981 0.981 0.982 3 * 3 5 7
0.5 0.000 0.000 0.000 1 * 1
1.0 0.000 0.000 0.000 1 * 1
1.5 0.253 0.206 0.175 1 * 3
2.0 0.452 0.368 0.313 1 * 3
2.5 0.440 0.428 0.405 2 * 3 5
3.0 0.557 0.546 0.523 2 * 3 5
3.5 0.683 0.669 0.641 2 * 3 5
4.0 0.629 0.561 0.629 1 * 6
4.5 0.682 0.657 0.636 2 * 3 7
5.0 0.733 0.673 0.717 2 * 5 7
5.5 0.783 0.716 0.770 2 * 5 7
6.0 0.844 0.844 0.837 3 * 3 5 7
6.5 0.884 0.884 0.879 3 * 3 5 7
7.0 0.900 0.900 0.897 3 * 3 5 7
7.5 0.935 0.935 0.934 3 * 3 5 7
8.0 0.950 0.950 0.949 3 * 3 5 7
8.5 0.961 0.961 0.960 3 * 3 5 7
9.0 0.968 0.968 0.968 3 * 3 5 7
9.5 0.977 0.977 0.976 3 * 3 5 7
10.0 0.982 0.982 0.982 3 * 3 5 7
0.5 0.000 0.000 0.000 1 * 1
1.0 0.000 0.000 0.000 1 * 1
1.5 0.251 0.205 0.174 1 * 3
2.0 0.445 0.362 0.308 1 * 3
2.5 0.431 0.418 0.399 1 * 4
3.0 0.572 0.560 0.538 2 * 3 5
3.5 0.669 0.656 0.631 2 * 3 5
4.0 0.699 0.741 0.581 3 * 3 5 7
4.5 0.637 0.549 0.637 1 * 7
5.0 0.725 0.666 0.707 2 * 5 7
5.5 0.799 0.799 0.791 3 * 3 5 7
6.0 0.837 0.837 0.831 3 * 3 5 7
6.5 0.883 0.883 0.877 3 * 3 5 7
7.0 0.904 0.904 0.901 3 * 3 5 7
7.5 0.928 0.928 0.927 3 * 3 5 7
8.0 0.949 0.949 0.948 3 * 3 5 7
8.5 0.957 0.957 0.956 3 * 3 5 7
9.0 0.964 0.964 0.963 3 * 3 5 7
9.5 0.974 0.974 0.974 3 * 3 5 7
10.0 0.982 0.982 0.982 3 * 3 5 7
0.5 0.000 0.000 0.000 1 * 1
1.0 0.000 0.000 0.000 1 * 1
1.5 0.254 0.207 0.176 1 * 3
2.0 0.452 0.368 0.313 1 * 3
2.5 0.394 0.370 0.394 1 * 5
3.0 0.556 0.546 0.524 2 * 3 5
3.5 0.669 0.656 0.629 2 * 3 5
4.0 0.690 0.732 0.575 3 * 3 5 7
4.5 0.620 0.533 0.620 1 * 7
5.0 0.733 0.672 0.716 2 * 5 7
5.5 0.786 0.786 0.775 3 * 3 5 7
6.0 0.832 0.832 0.824 3 * 3 5 7
6.5 0.874 0.874 0.869 3 * 3 5 7
7.0 0.912 0.912 0.907 3 * 3 5 7
7.5 0.931 0.931 0.928 3 * 3 5 7
8.0 0.951 0.951 0.950 3 * 3 5 7
8.5 0.957 0.957 0.956 3 * 3 5 7
9.0 0.966 0.966 0.966 3 * 3 5 7
9.5 0.975 0.975 0.975 3 * 3 5 7
10.0 0.980 0.980 0.980 3 * 3 5 7
0.5 0.000 0.000 0.000 1 * 1
1.0 0.000 0.000 0.000 1 * 1
1.5 0.257 0.209 0.178 1 * 3
2.0 0.458 0.373 0.317 1 * 3
2.5 0.440 0.428 0.405 2 * 3 5
3.0 0.568 0.557 0.535 2 * 3 5
3.5 0.680 0.667 0.642 2 * 3 5
4.0 0.699 0.741 0.583 3 * 3 5 7
4.5 0.633 0.546 0.633 1 * 7
5.0 0.737 0.676 0.721 2 * 5 7
5.5 0.793 0.793 0.782 3 * 3 5 7
6.0 0.836 0.836 0.827 3 * 3 5 7
6.5 0.881 0.881 0.877 3 * 3 5 7
7.0 0.909 0.909 0.905 3 * 3 5 7
7.5 0.937 0.937 0.934 3 * 3 5 7
8.0 0.949 0.949 0.949 3 * 3 5 7
8.5 0.961 0.961 0.960 3 * 3 5 7
9.0 0.964 0.964 0.963 3 * 3 5 7
9.5 0.975 0.975 0.976 3 * 3 5 7
10.0 0.983 0.983 0.984 3 * 3 5 7
0.5 0.000 0.000 0.000 1 * 1
1.0 0.000 0.000 0.000 1 * 1
1.5 0.255 0.208 0.177 1 * 3
2.0 0.433 0.352 0.300 1 * 3
2.5 0.425 0.412 0.386 2 * 3 5
3.0 0.562 0.550 0.527 2 * 3 5
3.5 0.668 0.656 0.632 2 * 3 5
4.0 0.699 0.741 0.581 3 * 3 5 7
4.5 0.634 0.546 0.634 1 * 7
5.0 0.730 0.670 0.713 2 * 5 7
5.5 0.789 0.789 0.778 3 * 3 5 7
6.0 0.844 0.844 0.837 3 * 3 5 7
6.5 0.877 0.877 0.873 3 * 3 5 7
7.0 0.912 0.912 0.910 3 * 3 5 7
7.5 0.924 0.924 0.922 3 * 3 5 7
8.0 0.949 0.949 0.948 3 * 3 5 7
8.5 0.964 0.964 0.963 3 * 3 5 7
9.0 0.966 0.966 0.965 3 * 3 5 7
9.5 0.979 0.979 0.979 3 * 3 5 7
10.0 0.978 0.978 0.978 3 * 3 5 7
0.5 0.000 0.000 0.000 1 * 1
1.0 0.000 0.000 0.000 1 * 1
1.5 0.257 0.209 0.178 1 * 3
2.0 0.449 0.366 0.311 1 * 3
2.5 0.380 0.360 0.380 1 * 5
3.0 0.549 0.538 0.517 2 * 3 5
3.5 0.628 0.609 0.572 2 * 3 6
4.0 0.697 0.739 0.579 3 * 3 5 7
4.5 0.627 0.540 0.627 1 * 7
5.0 0.739 0.677 0.724 2 * 5 7
5.5 0.787 0.787 0.777 3 * 3 5 7
6.0 0.847 0.847 0.840 3 * 3 5 7
6.5 0.880 0.880 0.876 3 * 3 5 7
7.0 0.908 0.908 0.904 3 * 3 5 7
7.5 0.932 0.932 0.930 3 * 3 5 7
8.0 0.940 0.940 0.939 3 * 3 5 7
8.5 0.964 0.964 0.964 3 * 3 5 7
9.0 0.969 0.969 0.969 3 * 3 5 7
9.5 0.980 0.980 0.980 3 * 3 5 7
10.0 0.982 0.982 0.983 3 * 3 5 7
0.5 0.000 0.000 0.000 1 * 1
1.0 0.000 0.000 0.000 1 * 1
1.5 0.253 0.206 0.175 1 * 3
2.0 0.437 0.356 0.303 1 * 3
2.5 0.437 0.424 0.403 1 * 4
3.0 0.547 0.536 0.513 2 * 3 5
3.5 0.665 0.652 0.625 2 * 3 5
4.0 0.693 0.735 0.575 3 * 3 5 7
4.5 0.628 0.542 0.628 1 * 7
5.0 0.734 0.674 0.718 2 * 5 7
5.5 0.790 0.790 0.780 3 * 3 5 7
6.0 0.835 0.835 0.828 3 * 3 5 7
6.5 0.886 0.886 0.882 3 * 3 5 7
7.0 0.907 0.907 0.903 3 * 3 5 7
7.5 0.928 0.928 0.926 3 * 3 5 7
8.0 0.949 0.949 0.948 3 * 3 5 7
8.5 0.961 0.961 0.960 3 * 3 5 7
9.0 0.968 0.968 0.968 3 * 3 5 7
9.5 0.975 0.975 0.974 3 * 3 5 7
10.0 0.985 0.985 0.985 3 * 3 5 7
0.5 0.000 0.000 0.000 1 * 1
1.0 0.018 0.015 0.013 1 * 2
1.5 0.255 0.208 0.177 1 * 3
2.0 0.451 0.367 0.313 1 * 3
2.5 0.431 0.419 0.394 2 * 3 5
3.0 0.559 0.548 0.525 2 * 3 5
3.5 0.630 0.612 0.575 2 * 3 6
4.0 0.701 0.682 0.644 2 * 3 6
4.5 0.633 0.546 0.633 1 * 7
5.0 0.711 0.613 0.711 1 * 7
5.5 0.788 0.788 0.777 3 * 3 5 7
6.0 0.841 0.841 0.835 3 * 3 5 7
6.5 0.876 0.876 0.871 3 * 3 5 7
7.0 0.906 0.906 0.903 3 * 3 5 7
7.5 0.933 0.933 0.931 3 * 3 5 7
8.0 0.955 0.955 0.955 3 * 3 5 7
8.5 0.961 0.961 0.960 3 * 3 5 7
9.0 0.967 0.967 0.967 3 * 3 5 7
9.5 0.977 0.977 0.977 3 * 3 5 7
10.0 0.979 0.979 0.980 3 * 3 5 7
0.5 0.000 0.000 0.000 1 * 1
1.0 0.023 0.019 0.016 1 * 2
1.5 0.244 0.199 0.170 1 * 3
2.0 0.448 0.365 0.310 1 * 3
2.5 0.439 0.426 0.400 2 * 3 5
3.0 0.560 0.549 0.528 2 * 3 5
3.5 0.670 0.656 0.629 2 * 3 5
4.0 0.707 0.749 0.586 3 * 3 5 7
4.5 0.712 0.735 0.644 3 * 3 5 7
5.0 0.735 0.673 0.719 2 * 5 7
5.5 0.778 0.711 0.765 2 * 5 7
6.0 0.838 0.838 0.831 3 * 3 5 7
6.5 0.876 0.876 0.871 3 * 3 5 7
7.0 0.911 0.911 0.908 3 * 3 5 7
7.5 0.934 0.934 0.932 3 * 3 5 7
8.0 0.948 0.948 0.948 3 * 3 5 7
8.5 0.962 0.962 0.962 3 * 3 5 7
9.0 0.973 0.973 0.973 3 * 3 5 7
9.5 0.974 0.974 0.974 3 * 3 5 7
10.0 0.982 0.982 0.983 3 * 3 5 7
0.5 0.000 0.000 0.000 1 * 1
1.0 0.000 0.000 0.000 1 * 1
1.5 0.278 0.226 0.193 1 * 3
2.0 0.449 0.366 0.311 1 * 3
2.5 0.445 0.429 0.411 1 * 4
3.0 0.570 0.557 0.532 2 * 3 5
3.5 0.671 0.658 0.633 2 * 3 5
4.0 0.695 0.676 0.638 2 * 3 6
4.5 0.630 0.540 0.630 1 * 7
5.0 0.741 0.715 0.692 2 * 3 7
5.5 0.778 0.778 0.767 3 * 3 5 7
6.0 0.843 0.843 0.834 3 * 3 5 7
6.5 0.883 0.883 0.878 3 * 3 5 7
7.0 0.906 0.906 0.902 3 * 3 5 7
7.5 0.934 0.934 0.932 3 * 3 5 7
8.0 0.944 0.944 0.942 3 * 3 5 7
8.5 0.957 0.957 0.957 3 * 3 5 7
9.0 0.967 0.967 0.967 3 * 3 5 7
9.5 0.976 0.976 0.976 3 * 3 5 7
10.0 0.984 0.984 0.984 3 * 3 5 7
0.5 0.000 0.000 0.000 1 * 1
1.0 0.000 0.000 0.000 1 * 1
1.5 0.255 0.208 0.177 1 * 3
2.0 0.446 0.363 0.309 1 * 3
2.5 0.439 0.427 0.401 2 * 3 5
3.0 0.576 0.564 0.540 2 * 3 5
3.5 0.670 0.657 0.631 2 * 3 5
4.0 0.624 0.603 0.577 2 * 5 7
4.5 0.639 0.549 0.639 1 * 7
5.0 0.730 0.670 0.713 2 * 5 7
5.5 0.791 0.791 0.781 3 * 3 5 7
6.0 0.831 0.831 0.823 3 * 3 5 7
6.5 0.869 0.889 0.791 3 * 3 5 7
7.0 0.904 0.904 0.900 3 * 3 5 7
7.5 0.923 0.923 0.919 3 * 3 5 7
8.0 0.949 0.949 0.948 3 * 3 5 7
8.5 0.957 0.957 0.957 3 * 3 5 7
9.0 0.972 0.972 0.972 3 * 3 5 7
9.5 0.977 0.977 0.977 3 * 3 5 7
10.0 0.984 0.984 0.984 3 * 3 5 7
0.5 0.000 0.000 0.000 1 * 1
1.0 0.000 0.000 0.000 1 * 1
1.5 0.238 0.194 0.165 1 * 3
2.0 0.461 0.376 0.320 1 * 3
2.5 0.397 0.372 0.397 1 * 5
3.0 0.560 0.549 0.525 2 * 3 5
3.5 0.623 0.604 0.567 2 * 3 6
4.0 0.712 0.755 0.592 3 * 3 5 7
4.5 0.607 0.522 0.607 1 * 7
5.0 0.739 0.676 0.723 2 * 5 7
5.5 0.780 0.780 0.768 3 * 3 5 7
6.0 0.834 0.834 0.827 3 * 3 5 7
6.5 0.890 0.890 0.886 3 * 3 5 7
7.0 0.906 0.906 0.904 3 * 3 5 7
7.5 0.935 0.935 0.934 3 * 3 5 7
8.0 0.945 0.945 0.945 3 * 3 5 7
8.5 0.956 0.956 0.956 3 * 3 5 7
9.0 0.972 0.972 0.972 3 * 3 5 7
9.5 0.975 0.975 0.975 3 * 3 5 7
10.0 0.982 0.982 0.982 3 * 3 5 7
0.5 0.000 0.000 0.000 1 * 1
1.0 0.018 0.015 0.013 1 * 2
1.5 0.243 0.198 0.168 1 * 3
2.0 0.436 0.355 0.302 1 * 3
2.5 0.403 0.378 0.403 1 * 5
3.0 0.568 0.557 0.535 2 * 3 5
3.5 0.627 0.609 0.576 2 * 3 6
4.0 0.698 0.740 0.581 3 * 3 5 7
4.5 0.642 0.553 0.642 1 * 7
5.0 0.724 0.664 0.707 2 * 5 7
5.5 0.795 0.795 0.782 3 * 3 5 7
6.0 0.843 0.843 0.836 3 * 3 5 7
6.5 0.876 0.876 0.870 3 * 3 5 7
7.0 0.902 0.902 0.898 3 * 3 5 7
7.5 0.934 0.934 0.932 3 * 3 5 7
8.0 0.948 0.948 0.948 3 * 3 5 7
8.5 0.956 0.956 0.956 3 * 3 5 7
9.0 0.968 0.968 0.968 3 * 3 5 7
9.5 0.976 0.976 0.976 3 * 3 5 7
10.0 0.982 0.982 0.982 3 * 3 5 7
0.5 0.000 0.000 0.000 1 * 1
1.0 0.000 0.000 0.000 1 * 1
1.5 0.256 0.209 0.177 1 * 3
2.0 0.459 0.374 0.318 1 * 3
2.5 0.434 0.418 0.401 1 * 4
3.0 0.573 0.562 0.538 2 * 3 5
3.5 0.674 0.662 0.636 2 * 3 5
4.0 0.541 0.468 0.541 1 * 7
4.5 0.614 0.528 0.614 1 * 7
5.0 0.734 0.674 0.717 2 * 5 7
5.5 0.802 0.802 0.792 3 * 3 5 7
6.0 0.835 0.835 0.827 3 * 3 5 7
6.5 0.875 0.875 0.870 3 * 3 5 7
7.0 0.907 0.907 0.905 3 * 3 5 7
7.5 0.932 0.932 0.931 3 * 3 5 7
8.0 0.948 0.948 0.946 3 * 3 5 7
8.5 0.958 0.958 0.956 3 * 3 5 7
9.0 0.970 0.970 0.970 3 * 3 5 7
9.5 0.975 0.975 0.975 3 * 3 5 7
10.0 0.981 0.981 0.981 3 * 3 5 7
0.5 0.000 0.000 0.000 1 * 1
1.0 0.000 0.000 0.000 1 * 1
1.5 0.251 0.205 0.174 1 * 3
2.0 0.440 0.358 0.305 1 * 3
2.5 0.430 0.416 0.397 1 * 4
3.0 0.575 0.563 0.539 2 * 3 5
3.5 0.618 0.599 0.564 2 * 3 6
4.0 0.647 0.573 0.647 1 * 6
4.5 0.633 0.547 0.633 1 * 7
5.0 0.733 0.671 0.717 2 * 5 7
5.5 0.785 0.785 0.775 3 * 3 5 7
6.0 0.832 0.832 0.824 3 * 3 5 7
6.5 0.874 0.874 0.869 3 * 3 5 7
7.0 0.910 0.910 0.907 3 * 3 5 7
7.5 0.922 0.922 0.920 3 * 3 5 7
8.0 0.943 0.943 0.941 3 * 3 5 7
8.5 0.961 0.961 0.959 3 * 3 5 7
9.0 0.969 0.969 0.968 3 * 3 5 7
9.5 0.977 0.977 0.977 3 * 3 5 7
10.0 0.980 0.980 0.981 3 * 3 5 7
0.5 0.000 0.000 0.000 1 * 1
1.0 0.000 0.000 0.000 1 * 1
1.5 0.254 0.207 0.176 1 * 3
2.0 0.456 0.371 0.316 1 * 3
2.5 0.425 0.413 0.392 1 * 4
3.0 0.565 0.554 0.532 2 * 3 5
3.5 0.660 0.648 0.624 2 * 3 5
4.0 0.705 0.747 0.586 3 * 3 5 7
4.5 0.633 0.543 0.633 1 * 7
5.0 0.718 0.661 0.700 2 * 5 7
5.5 0.796 0.796 0.785 3 * 3 5 7
6.0 0.850 0.850 0.844 3 * 3 5 7
6.5 0.887 0.887 0.883 3 * 3 5 7
7.0 0.904 0.904 0.901 3 * 3 5 7
7.5 0.912 0.931 0.829 3 * 3 5 7
8.0 0.946 0.946 0.945 3 * 3 5 7
8.5 0.962 0.962 0.961 3 * 3 5 7
9.0 0.971 0.971 0.970 3 * 3 5 7
9.5 0.977 0.977 0.977 3 * 3 5 7
10.0 0.981 0.981 0.981 3 * 3 5 7
0.5 0.000 0.000 0.000 1 * 1
1.0 0.000 0.000 0.000 1 * 1
1.5 0.254 0.207 0.176 1 * 3
2.0 0.442 0.360 0.306 1 * 3
2.5 0.440 0.426 0.407 1 * 4
3.0 0.563 0.552 0.529 2 * 3 5
3.5 0.678 0.664 0.637 2 * 3 5
4.0 0.697 0.739 0.578 3 * 3 5 7
4.5 0.634 0.546 0.634 1 * 7
5.0 0.738 0.677 0.721 2 * 5 7
5.5 0.796 0.796 0.786 3 * 3 5 7
6.0 0.839 0.839 0.832 3 * 3 5 7
6.5 0.869 0.869 0.865 3 * 3 5 7
7.0 0.909 0.909 0.907 3 * 3 5 7
7.5 0.924 0.924 0.922 3 * 3 5 7
8.0 0.948 0.948 0.947 3 * 3 5 7
8.5 0.958 0.958 0.958 3 * 3 5 7
9.0 0.967 0.967 0.967 3 * 3 5 7
9.5 0.974 0.974 0.974 3 * 3 5 7
10.0 0.980 0.980 0.981 3 * 3 5 7
0.5 0.000 0.000 0.000 1 * 1
1.0 0.000 0.000 0.000 1 * 1
1.5 0.271 0.221 0.188 1 * 3
2.0 0.450 0.367 0.312 1 * 3
2.5 0.432 0.420 0.396 2 * 3 5
3.0 0.561 0.550 0.529 2 * 3 5
3.5 0.605 0.587 0.551 2 * 3 6
4.0 0.702 0.744 0.583 3 * 3 5 7
4.5 0.634 0.546 0.634 1 * 7
5.0 0.723 0.663 0.707 2 * 5 7
5.5 0.807 0.807 0.798 3 * 3 5 7
6.0 0.838 0.838 0.830 3 * 3 5 7
6.5 0.897 0.897 0.893 3 * 3 5 7
7.0 0.911 0.911 0.909 3 * 3 5 7
7.5 0.932 0.932 0.930 3 * 3 5 7
8.0 0.941 0.941 0.940 3 * 3 5 7
8.5 0.961 0.961 0.960 3 * 3 5 7
9.0 0.973 0.973 0.973 3 * 3 5 7
9.5 0.977 0.977 0.976 3 * 3 5 7
10.0 0.984 0.984 0.984 3 * 3 5 7
0.5 0.000 0.000 0.000 1 * 1
1.0 0.000 0.000 0.000 1 * 1
1.5 0.249 0.203 0.173 1 * 3
2.0 0.435 0.354 0.301 1 * 3
2.5 0.430 0.418 0.395 2 * 3 5
3.0 0.568 0.556 0.532 2 * 3 5
3.5 0.677 0.665 0.639 2 * 3 5
4.0 0.703 0.746 0.584 3 * 3 5 7
4.5 0.634 0.545 0.634 1 * 7
5.0 0.724 0.667 0.706 2 * 5 7
5.5 0.794 0.794 0.785 3 * 3 5 7
6.0 0.841 0.841 0.835 3 * 3 5 7
6.5 0.874 0.874 0.870 3 * 3 5 7
7.0 0.909 0.909 0.905 3 * 3 5 7
7.5 0.922 0.922 0.919 3 * 3 5 7
8.0 0.944 0.944 0.942 3 * 3 5 7
8.5 0.955 0.955 0.955 3 * 3 5 7
9.0 0.964 0.964 0.965 3 * 3 5 7
9.5 0.977 0.977 0.977 3 * 3 5 7
10.0 0.981 0.981 0.981 3 * 3 5 7
0.5 0.000 0.000 0.000 1 * 1
1.0 0.000 0.000 0.000 1 * 1
1.5 0.268 0.219 0.186 1 * 3
2.0 0.449 0.366 0.311 1 * 3
2.5 0.441 0.427 0.408 1 * 4
3.0 0.563 0.552 0.528 2 * 3 5
3.5 0.686 0.672 0.644 2 * 3 5
4.0 0.710 0.752 0.589 3 * 3 5 7
4.5 0.638 0.549 0.638 1 * 7
5.0 0.724 0.667 0.706 2 * 5 7
5.5 0.786 0.786 0.776 3 * 3 5 7
6.0 0.835 0.835 0.828 3 * 3 5 7
6.5 0.882 0.882 0.877 3 * 3 5 7
7.0 0.907 0.907 0.903 3 * 3 5 7
7.5 0.930 0.930 0.929 3 * 3 5 7
8.0 0.952 0.952 0.951 3 * 3 5 7
8.5 0.957 0.957 0.958 3 * 3 5 7
9.0 0.969 0.969 0.968 3 * 3 5 7
9.5 0.982 0.982 0.982 3 * 3 5 7
10.0 0.982 0.982 0.982 3 * 3 5 7
0.5 0.000 0.000 0.000 1 * 1
1.0 0.000 0.000 0.000 1 * 1
1.5 0.260 0.211 0.180 1 * 3
2.0 0.439 0.358 0.304 1 * 3
2.5 0.421 0.408 0.389 1 * 4
3.0 0.543 0.531 0.509 2 * 3 5
3.5 0.625 0.606 0.568 2 * 3 6
4.0 0.702 0.744 0.582 3 * 3 5 7
4.5 0.668 0.617 0.649 2 * 5 7
5.0 0.720 0.662 0.703 2 * 5 7
5.5 0.789 0.789 0.779 3 * 3 5 7
6.0 0.844 0.844 0.837 3 * 3 5 7
6.5 0.883 0.883 0.878 3 * 3 5 7
7.0 0.902 0.902 0.899 3 * 3 5 7
7.5 0.931 0.931 0.930 3 * 3 5 7
8.0 0.943 0.943 0.941 3 * 3 5 7
8.5 0.964 0.964 0.964 3 * 3 5 7
9.0 0.969 0.969 0.969 3 * 3 5 7
9.5 0.979 0.979 0.979 3 * 3 5 7
10.0 0.982 0.982 0.982 3 * 3 5 7
0.5 0.000 0.000 0.000 1 * 1
1.0 0.000 0.000 0.000 1 * 1
1.5 0.227 0.185 0.158 1 * 3
2.0 0.457 0.372 0.316 1 * 3
2.5 0.432 0.419 0.393 2 * 3 5
3.0 0.567 0.555 0.533 2 * 3 5
3.5 0.675 0.661 0.633 2 * 3 5
4.0 0.702 0.744 0.583 3 * 3 5 7
4.5 0.621 0.534 0.621 1 * 7
5.0 0.709 0.611 0.709 1 * 7
5.5 0.778 0.778 0.767 3 * 3 5 7
6.0 0.840 0.840 0.833 3 * 3 5 7
6.5 0.874 0.874 0.869 3 * 3 5 7
7.0 0.912 0.912 0.910 3 * 3 5 7
7.5 0.932 0.932 0.930 3 * 3 5 7
8.0 0.950 0.950 0.948 3 * 3 5 7
8.5 0.957 0.957 0.956 3 * 3 5 7
9.0 0.969 0.969 0.969 3 * 3 5 7
9.5 0.977 0.977 0.977 3 * 3 5 7
10.0 0.989 0.989 0.989 3 * 3 5 7
0.5 0.000 0.000 0.000 1 * 1
1.0 0.000 0.000 0.000 1 * 1
1.5 0.255 0.207 0.176 1 * 3
2.0 0.446 0.363 0.309 1 * 3
2.5 0.429 0.415 0.396 1 * 4
3.0 0.571 0.558 0.532 2 * 3 5
3.5 0.657 0.645 0.621 2 * 3 5
4.0 0.697 0.677 0.639 2 * 3 6
4.5 0.716 0.739 0.648 3 * 3 5 7
5.0 0.723 0.664 0.706 2 * 5 7
5.5 0.785 0.785 0.776 3 * 3 5 7
6.0 0.844 0.844 0.834 3 * 3 5 7
6.5 0.881 0.881 0.877 3 * 3 5 7
7.0 0.908 0.908 0.904 3 * 3 5 7
7.5 0.925 0.925 0.923 3 * 3 5 7
8.0 0.947 0.947 0.946 3 * 3 5 7
8.5 0.959 0.959 0.958 3 * 3 5 7
9.0 0.964 0.964 0.964 3 * 3 5 7
9.5 0.977 0.977 0.976 3 * 3 5 7
10.0 0.985 0.985 0.985 3 * 3 5 7
0.5 0.000 0.000 0.000 1 * 1
1.0 0.000 0.000 0.000 1 * 1
1.5 0.272 0.221 0.189 1 * 3
2.0 0.458 0.373 0.317 1 * 3
2.5 0.425 0.412 0.385 2 * 3 5
3.0 0.567 0.556 0.535 2 * 3 5
3.5 0.668 0.655 0.629 2 * 3 5
4.0 0.717 0.760 0.594 3 * 3 5 7
4.5 0.698 0.672 0.650 2 * 3 7
5.0 0.730 0.670 0.714 2 * 5 7
5.5 0.776 0.776 0.765 3 * 3 5 7
6.0 0.839 0.839 0.832 3 * 3 5 7
6.5 0.875 0.875 0.870 3 * 3 5 7
7.0 0.911 0.911 0.907 3 * 3 5 7
7.5 0.930 0.930 0.928 3 * 3 5 7
8.0 0.942 0.942 0.941 3 * 3 5 7
8.5 0.959 0.959 0.958 3 * 3 5 7
9.0 0.970 0.970 0.970 3 * 3 5 7
9.5 0.977 0.977 0.977 3 * 3 5 7
10.0 0.982 0.982 0.983 3 * 3 5 7
0.5 0.000 0.000 0.000 1 * 1
1.0 0.027 0.022 0.019 1 * 2
1.5 0.250 0.203 0.173 1 * 3
2.0 0.455 0.370 0.315 1 * 3
2.5 0.426 0.414 0.389 2 * 3 5
3.0 0.560 0.549 0.527 2 * 3 5
3.5 0.634 0.616 0.580 2 * 3 6
4.0 0.551 0.475 0.551 1 * 7
4.5 0.620 0.533 0.620 1 * 7
5.0 0.716 0.660 0.697 2 * 5 7
5.5 0.770 0.703 0.757 2 * 5 7
6.0 0.837 0.837 0.831 3 * 3 5 7
6.5 0.878 0.878 0.872 3 * 3 5 7
7.0 0.911 0.911 0.909 3 * 3 5 7
7.5 0.931 0.931 0.929 3 * 3 5 7
8.0 0.946 0.946 0.946 3 * 3 5 7
8.5 0.962 0.962 0.961 3 * 3 5 7
9.0 0.973 0.973 0.973 3 * 3 5 7
9.5 0.978 0.978 0.979 3 * 3 5 7
10.0 0.985 0.985 0.985 3 * 3 5 7
0.5 0.000 0.000 0.000 1 * 1
1.0 0.000 0.000 0.000 1 * 1
1.5 0.247 0.201 0.171 1 * 3
2.0 0.433 0.353 0.300 1 * 3
2.5 0.395 0.372 0.395 1 * 5
3.0 0.574 0.560 0.534 2 * 3 5
3.5 0.615 0.598 0.563 2 * 3 6
4.0 0.704 0.747 0.584 3 * 3 5 7
4.5 0.623 0.536 0.623 1 * 7
5.0 0.720 0.662 0.703 2 * 5 7
5.5 0.793 0.793 0.784 3 * 3 5 7
6.0 0.833 0.833 0.826 3 * 3 5 7
6.5 0.878 0.878 0.873 3 * 3 5 7
7.0 0.900 0.900 0.896 3 * 3 5 7
7.5 0.926 0.926 0.924 3 * 3 5 7
8.0 0.944 0.944 0.942 3 * 3 5 7
8.5 0.959 0.959 0.959 3 * 3 5 7
9.0 0.970 0.970 0.970 3 * 3 5 7
9.5 0.974 0.974 0.974 3 * 3 5 7
10.0 0.981 0.981 0.981 3 * 3 5 7
0.5 0.000 0.000 0.000 1 * 1
1.0 0.000 0.000 0.000 1 * 1
1.5 0.250 0.204 0.173 1 * 3
2.0 0.450 0.366 0.311 1 * 3
2.5 0.401 0.376 0.401 1 * 5
3.0 0.571 0.559 0.535 2 * 3 5
3.5 0.625 0.605 0.566 2 * 3 6
4.0 0.693 0.735 0.575 3 * 3 5 7
4.5 0.626 0.540 0.626 1 * 7
5.0 0.726 0.703 0.718 2 * 3 7
5.5 0.787 0.787 0.777 3 * 3 5 7
6.0 0.839 0.839 0.831 3 * 3 5 7
6.5 0.879 0.879 0.874 3 * 3 5 7
7.0 0.914 0.914 0.910 3 * 3 5 7
7.5 0.925 0.925 0.923 3 * 3 5 7
8.0 0.942 0.942 0.941 3 * 3 5 7
8.5 0.960 0.960 0.959 3 * 3 5 7
9.0 0.970 0.970 0.970 3 * 3 5 7
9.5 0.977 0.977 0.977 3 * 3 5 7
10.0 0.982 0.982 0.982 3 * 3 5 7
0.5 0.000 0.000 0.000 1 * 1
1.0 0.016 0.013 0.011 1 * 2
1.5 0.240 0.195 0.166 1 * 3
2.0 0.433 0.353 0.300 1 * 3
2.5 0.449 0.435 0.407 2 * 3 5
3.0 0.564 0.553 0.530 2 * 3 5
3.5 0.677 0.663 0.636 2 * 3 5
4.0 0.575 0.510 0.575 1 * 7
4.5 0.622 0.536 0.622 1 * 7
5.0 0.728 0.669 0.711 2 * 5 7
5.5 0.800 0.730 0.789 2 * 5 7
6.0 0.845 0.845 0.838 3 * 3 5 7
6.5 0.866 0.866 0.861 3 * 3 5 7
7.0 0.864 0.921 0.728 3 * 3 6 8
7.5 0.913 0.932 0.831 3 * 3 5 7
8.0 0.945 0.945 0.944 3 * 3 5 7
8.5 0.961 0.961 0.960 3 * 3 5 7
9.0 0.971 0.971 0.971 3 * 3 5 7
9.5 0.973 0.973 0.973 3 * 3 5 7
10.0 0.983 0.983 0.983 3 * 3 5 7
0.5 0.000 0.000 0.000 1 * 1
1.0 0.000 0.000 0.000 1 * 1
1.5 0.256 0.208 0.177 1 * 3
2.0 0.453 0.369 0.314 1 * 3
2.5 0.420 0.409 0.388 1 * 4
3.0 0.535 0.516 0.478 2 * 3 6
3.5 0.673 0.661 0.637 2 * 3 5
4.0 0.721 0.765 0.598 3 * 3 5 7
4.5 0.633 0.545 0.633 1 * 7
5.0 0.726 0.667 0.709 2 * 5 7
5.5 0.780 0.780 0.768 3 * 3 5 7
6.0 0.845 0.845 0.838 3 * 3 5 7
6.5 0.878 0.878 0.873 3 * 3 5 7
7.0 0.887 0.906 0.808 3 * 3 5 7
7.5 0.934 0.934 0.932 3 * 3 5 7
8.0 0.940 0.940 0.939 3 * 3 5 7
8.5 0.962 0.962 0.962 3 * 3 5 7
9.0 0.969 0.969 0.968 3 * 3 5 7
9.5 0.978 0.978 0.978 3 * 3 5 7
10.0 0.983 0.983 0.983 3 * 3 5 7
0.5 0.000 0.000 0.000 1 * 1
1.0 0.000 0.000 0.000 1 * 1
1.5 0.267 0.217 0.185 1 * 3
2.0 0.449 0.366 0.311 1 * 3
2.5 0.437 0.423 0.396 2 * 3 5
3.0 0.567 0.555 0.531 2 * 3 5
3.5 0.677 0.664 0.636 2 * 3 5
4.0 0.706 0.748 0.585 3 * 3 5 7
4.5 0.639 0.550 0.639 1 * 7
5.0 0.728 0.670 0.710 2 * 5 7
5.5 0.792 0.792 0.781 3 * 3 5 7
6.0 0.842 0.842 0.834 3 * 3 5 7
6.5 0.883 0.883 0.880 3 * 3 5 7
7.0 0.911 0.911 0.909 3 * 3 5 7
7.5 0.928 0.928 0.925 3 * 3 5 7
8.0 0.951 0.951 0.950 3 * 3 5 7
8.5 0.957 0.957 0.956 3 * 3 5 7
9.0 0.971 0.971 0.971 3 * 3 5 7
9.5 0.975 0.975 0.975 3 * 3 5 7
10.0 0.981 0.981 0.981 3 * 3 5 7
0.5 0.000 0.000 0.000 1 * 1
1.0 0.000 0.000 0.000 1 * 1
1.5 0.251 0.205 0.174 1 * 3
2.0 0.451 0.367 0.312 1 * 3
2.5 0.449 0.437 0.413 2 * 3 5
3.0 0.572 0.561 0.539 2 * 3 5
3.5 0.611 0.593 0.557 2 * 3 6
4.0 0.705 0.747 0.585 3 * 3 5 7
4.5 0.636 0.546 0.636 1 * 7
5.0 0.730 0.670 0.713 2 * 5 7
5.5 0.784 0.784 0.774 3 * 3 5 7
6.0 0.829 0.829 0.821 3 * 3 5 7
6.5 0.891 0.891 0.886 3 * 3 5 7
7.0 0.905 0.905 0.901 3 * 3 5 7
7.5 0.934 0.934 0.932 3 * 3 5 7
8.0 0.942 0.942 0.941 3 * 3 5 7
8.5 0.960 0.960 0.959 3 * 3 5 7
9.0 0.968 0.968 0.967 3 * 3 5 7
9.5 0.974 0.974 0.974 3 * 3 5 7
10.0 0.979 0.979 0.980 3 * 3 5 7
0.5 0.000 0.000 0.000 1 * 1
1.0 0.000 0.000 0.000 1 * 1
1.5 0.245 0.200 0.170 1 * 3
2.0 0.446 0.363 0.309 1 * 3
2.5 0.425 0.411 0.392 1 * 4
3.0 0.566 0.555 0.533 2 * 3 5
3.5 0.625 0.663 0.516 3 * 3 5 7
4.0 0.711 0.754 0.589 3 * 3 5 7
4.5 0.645 0.554 0.645 1 * 7
5.0 0.731 0.671 0.714 2 * 5 7
5.5 0.788 0.788 0.778 3 * 3 5 7
6.0 0.835 0.835 0.828 3 * 3 5 7
6.5 0.877 0.877 0.873 3 * 3 5 7
7.0 0.895 0.895 0.892 3 * 3 5 7
7.5 0.930 0.930 0.928 3 * 3 5 7
8.0 0.947 0.947 0.945 3 * 3 5 7
8.5 0.963 0.963 0.962 3 * 3 5 7
9.0 0.968 0.968 0.968 3 * 3 5 7
9.5 0.971 0.971 0.972 3 * 3 5 7
10.0 0.982 0.982 0.982 3 * 3 5 7
0.5 0.000 0.000 0.000 1 * 1
1.0 0.019 0.016 0.013 1 * 2
1.5 0.242 0.197 0.168 1 * 3
2.0 0.442 0.360 0.306 1 * 3
2.5 0.414 0.401 0.383 1 * 4
3.0 0.570 0.558 0.535 2 * 3 5
3.5 0.668 0.656 0.631 2 * 3 5
4.0 0.562 0.484 0.562 1 * 7
4.5 0.626 0.539 0.626 1 * 7
5.0 0.740 0.677 0.724 2 * 5 7
5.5 0.778 0.712 0.764 2 * 5 7
6.0 0.834 0.834 0.826 3 * 3 5 7
6.5 0.880 0.880 0.874 3 * 3 5 7
7.0 0.900 0.900 0.897 3 * 3 5 7
7.5 0.923 0.923 0.921 3 * 3 5 7
8.0 0.951 0.951 0.950 3 * 3 5 7
8.5 0.959 0.959 0.959 3 * 3 5 7
9.0 0.974 0.974 0.974 3 * 3 5 7
9.5 0.978 0.978 0.978 3 * 3 5 7
10.0 0.985 0.985 0.985 3 * 3 5 7
0.5 0.000 0.000 0.000 1 * 1
1.0 0.000 0.000 0.000 1 * 1
1.5 0.257 0.209 0.178 1 * 3
2.0 0.429 0.349 0.297 1 * 3
2.5 0.439 0.423 0.406 1 * 4
3.0 0.556 0.545 0.523 2 * 3 5
3.5 0.663 0.651 0.626 2 * 3 5
4.0 0.694 0.676 0.640 2 * 3 6
4.5 0.645 0.556 0.645 1 * 7
5.0 0.731 0.670 0.715 2 * 5 7
5.5 0.777 0.777 0.766 3 * 3 5 7
6.0 0.826 0.826 0.818 3 * 3 5 7
6.5 0.871 0.871 0.865 3 * 3 5 7
7.0 0.907 0.907 0.904 3 * 3 5 7
7.5 0.928 0.928 0.925 3 * 3 5 7
8.0 0.949 0.949 0.949 3 * 3 5 7
8.5 0.930 0.948 0.847 3 * 3 5 7
9.0 0.965 0.965 0.965 3 * 3 5 7
9.5 0.974 0.974 0.975 3 * 3 5 7
10.0 0.985 0.985 0.985 3 * 3 5 7
0.5 0.000 0.000 0.000 1 * 1
1.0 0.000 0.000 0.000 1 * 1
1.5 0.253 0.206 0.175 1 * 3
2.0 0.449 0.366 0.311 1 * 3
2.5 0.437 0.425 0.400 2 * 3 5
3.0 0.559 0.547 0.525 2 * 3 5
3.5 0.669 0.655 0.626 2 * 3 5
4.0 0.642 0.571 0.642 1 * 6
4.5 0.613 0.530 0.613 1 * 7
5.0 0.732 0.673 0.714 2 * 5 7
5.5 0.791 0.791 0.779 3 * 3 5 7
6.0 0.841 0.841 0.834 3 * 3 5 7
6.5 0.874 0.874 0.868 3 * 3 5 7
7.0 0.909 0.909 0.905 3 * 3 5 7
7.5 0.934 0.934 0.931 3 * 3 5 7
8.0 0.944 0.944 0.943 3 * 3 5 7
8.5 0.964 0.964 0.963 3 * 3 5 7
9.0 0.967 0.967 0.966 3 * 3 5 7
9.5 0.974 0.974 0.974 3 * 3 5 7
10.0 0.985 0.985 0.984 3 * 3 5 7
0.5 0.000 0.000 0.000 1 * 1
1.0 0.018 0.014 0.012 1 * 3
1.5 0.245 0.200 0.170 1 * 3
2.0 0.438 0.357 0.304 1 * 3
2.5 0.382 0.363 0.382 1 * 5
3.0 0.577 0.566 0.544 2 * 3 5
3.5 0.673 0.659 0.632 2 * 3 5
4.0 0.699 0.681 0.644 2 * 3 6
4.5 0.655 0.565 0.655 1 * 7
5.0 0.738 0.678 0.721 2 * 5 7
5.5 0.799 0.799 0.789 3 * 3 5 7
6.0 0.845 0.845 0.837 3 * 3 5 7
6.5 0.878 0.878 0.875 3 * 3 5 7
7.0 0.902 0.902 0.898 3 * 3 5 7
7.5 0.930 0.930 0.929 3 * 3 5 7
8.0 0.940 0.940 0.939 3 * 3 5 7
8.5 0.957 0.957 0.957 3 * 3 5 7
9.0 0.969 0.969 0.970 3 * 3 5 7
9.5 0.979 0.979 0.979 3 * 3 5 7
10.0 0.985 0.985 0.985 3 * 3 5 7
0.5 0.000 0.000 0.000 1 * 1
1.0 0.000 0.000 0.000 1 * 1
1.5 0.252 0.206 0.175 1 * 3
2.0 0.437 0.356 0.303 1 * 3
2.5 0.422 0.407 0.379 2 * 3 5
3.0 0.550 0.540 0.518 2 * 3 5
3.5 0.666 0.653 0.628 2 * 3 5
4.0 0.711 0.692 0.654 2 * 3 6
4.5 0.627 0.540 0.627 1 * 7
5.0 0.773 0.795 0.701 3 * 3 5 7
5.5 0.781 0.781 0.768 3 * 3 5 7
6.0 0.836 0.836 0.829 3 * 3 5 7
6.5 0.878 0.878 0.875 3 * 3 5 7
7.0 0.917 0.917 0.914 3 * 3 5 7
7.5 0.921 0.921 0.919 3 * 3 5 7
8.0 0.947 0.947 0.946 3 * 3 5 7
8.5 0.959 0.959 0.958 3 * 3 5 7
9.0 0.970 0.970 0.970 3 * 3 5 7
9.5 0.975 0.975 0.976 3 * 3 5 7
10.0 0.981 0.981 0.982 3 * 3 5 7
0.5 0.000 0.000 0.000 1 * 1
1.0 0.000 0.000 0.000 1 * 1
1.5 0.242 0.198 0.168 1 * 3
2.0 0.454 0.370 0.314 1 * 3
2.5 0.417 0.403 0.374 2 * 3 5
3.0 0.576 0.565 0.542 2 * 3 5
3.5 0.670 0.656 0.629 2 * 3 5
4.0 0.712 0.692 0.653 2 * 3 6
4.5 0.620 0.535 0.620 1 * 7
5.0 0.716 0.658 0.699 2 * 5 7
5.5 0.799 0.799 0.790 3 * 3 5 7
6.0 0.850 0.871 0.773 3 * 3 5 7
6.5 0.879 0.879 0.873 3 * 3 5 7
7.0 0.902 0.902 0.898 3 * 3 5 7
7.5 0.928 0.928 0.927 3 * 3 5 7
8.0 0.949 0.949 0.948 3 * 3 5 7
8.5 0.962 0.962 0.961 3 * 3 5 7
9.0 0.970 0.970 0.970 3 * 3 5 7
9.5 0.975 0.975 0.975 3 * 3 5 7
10.0 0.980 0.980 0.980 3 * 3 5 7
0.5 0.000 0.000 0.000 1 * 1
1.0 0.000 0.000 0.000 1 * 1
1.5 0.243 0.198 0.169 1 * 3
2.0 0.434 0.354 0.301 1 * 3
2.5 0.433 0.420 0.392 2 * 3 5
3.0 0.552 0.541 0.520 2 * 3 5
3.5 0.673 0.660 0.632 2 * 3 5
4.0 0.715 0.758 0.592 3 * 3 5 7
4.5 0.705 0.728 0.636 3 * 3 5 7
5.0 0.723 0.664 0.706 2 * 5 7
5.5 0.805 0.805 0.795 3 * 3 5 7
6.0 0.833 0.833 0.825 3 * 3 5 7
6.5 0.877 0.877 0.872 3 * 3 5 7
7.0 0.904 0.904 0.901 3 * 3 5 7
7.5 0.930 0.930 0.929 3 * 3 5 7
8.0 0.945 0.945 0.945 3 * 3 5 7
8.5 0.957 0.957 0.957 3 * 3 5 7
9.0 0.968 0.968 0.969 3 * 3 5 7
9.5 0.975 0.975 0.975 3 * 3 5 7
10.0 0.982 0.982 0.982 3 * 3 5 7
0.5 0.000 0.000 0.000 1 * 1
1.0 0.000 0.000 0.000 1 * 1
1.5 0.249 0.203 0.172 1 * 3
2.0 0.441 0.359 0.305 1 * 3
2.5 0.388 0.367 0.388 1 * 5
3.0 0.570 0.558 0.535 2 * 3 5
3.5 0.676 0.663 0.639 2 * 3 5
4.0 0.710 0.752 0.588 3 * 3 5 7
4.5 0.614 0.530 0.614 1 * 7
5.0 0.734 0.674 0.719 2 * 5 7
5.5 0.785 0.785 0.774 3 * 3 5 7
6.0 0.841 0.841 0.833 3 * 3 5 7
6.5 0.877 0.877 0.872 3 * 3 5 7
7.0 0.910 0.910 0.907 3 * 3 5 7
7.5 0.927 0.927 0.924 3 * 3 5 7
8.0 0.917 0.936 0.834 3 * 3 5 7
8.5 0.957 0.957 0.956 3 * 3 5 7
9.0 0.972 0.972 0.971 3 * 3 5 7
9.5 0.976 0.976 0.976 3 * 3 5 7
10.0 0.984 0.984 0.985 3 * 3 5 7
